0.00025 0
0.0005 0
0.00075 0
0.001 0
0.00125 0
0.0015 0
0.00175 0
0.002 0
0.00225 0
0.0025 0
0.00275 0
0.003 0
0.00325 0
0.0035 0
0.00375 0
0.004 0
0.00425 0
0.0045 0
0.00475 0
0.005 0
0.00525 0
0.0055 0
0.00575 0
0.006 0
0.00625 0
0.0065 0
0.00675 0
0.007 0
0.00725 0
0.0075 0
0.00775 0
0.008 0
0.00825 0
0.0085 0
0.00875 0
0.009 0
0.00925 0
0.0095 0
0.00975 0
0.01 0
0.01025 0
0.0105 0
0.01075 0
0.011 0
0.01125 0
0.0115 0
0.01175 0
0.012 0
0.01225 0
0.0125 0
0.01275 0
0.013 0
0.01325 0
0.0135 0
0.01375 0
0.014 0
0.01425 0
0.0145 0
0.01475 0
0.015 0
0.01525 0
0.0155 0
0.01575 0
0.016 0
0.01625 0
0.0165 0
0.01675 0
0.017 0
0.01725 0
0.0175 0
0.01775 0
0.018 0
0.01825 0
0.0185 0
0.01875 0
0.019 0
0.01925 0
0.0195 0
0.01975 0
0.02 0
0.02025 0
0.0205 0
0.02075 0
0.021 0
0.02125 0
0.0215 0
0.02175 0
0.022 0
0.02225 0
0.0225 0
0.02275 0
0.023 0
0.02325 0
0.0235 0
0.02375 0
0.024 0
0.02425 0
0.0245 0
0.02475 0
0.025 0
0.02525 0
0.0255 0
0.02575 0
0.026 0
0.02625 0
0.0265 0
0.02675 0
0.027 0
0.02725 0
0.0275 0
0.02775 0
0.028 0
0.02825 0
0.0285 0
0.02875 0
0.029 0
0.02925 0
0.0295 0
0.02975 0
0.03 0
0.03025 0
0.0305 0
0.03075 0
0.031 0
0.03125 0
0.0315 0
0.03175 0
0.032 0
0.03225 0
0.0325 0
0.03275 0
0.033 0
0.03325 0
0.0335 0
0.03375 0
0.034 0
0.03425 0
0.0345 0
0.03475 0
0.035 0
0.03525 0
0.0355 0
0.03575 0
0.036 0
0.03625 0
0.0365 0
0.03675 0
0.037 0
0.03725 0
0.0375 0
0.03775 0
0.038 0
0.03825 0
0.0385 0
0.03875 0
0.039 0
0.03925 0
0.0395 0
0.03975 0
0.04 0
0.04025 0
0.0405 0
0.04075 0
0.041 0
0.04125 0
0.0415 0
0.04175 0
0.042 0
0.04225 0
0.0425 0
0.04275 0
0.043 0
0.04325 0
0.0435 0
0.04375 0
0.044 0
0.04425 0
0.0445 0
0.04475 0
0.045 0
0.04525 0
0.0455 0
0.04575 0
0.046 0
0.04625 0
0.0465 0
0.04675 0
0.047 0
0.04725 0
0.0475 0
0.04775 0
0.048 0
0.04825 0
0.0485 0
0.04875 0
0.049 0
0.04925 0
0.0495 0
0.04975 0
0.05 0
0.05025 0
0.0505 0
0.05075 0
0.051 0
0.05125 0
0.0515 0
0.05175 0
0.052 0
0.05225 0
0.0525 0
0.05275 0
0.053 0
0.05325 0
0.0535 0
0.05375 0
0.054 0
0.05425 0
0.0545 0
0.05475 0
0.055 0
0.05525 0
0.0555 0
0.05575 0
0.056 0
0.05625 0
0.0565 0
0.05675 0
0.057 0
0.05725 0
0.0575 0
0.05775 0
0.058 0
0.05825 0
0.0585 0
0.05875 0
0.059 0
0.05925 0
0.0595 0
0.05975 0
0.06 0
0.06025 0
0.0605 0
0.06075 0
0.061 0
0.06125 0
0.0615 0
0.06175 0
0.062 0
0.06225 0
0.0625 0
0.06275 0
0.063 0
0.06325 0
0.0635 0
0.06375 0
0.064 0
0.06425 0
0.0645 0
0.06475 0
0.065 0
0.06525 0
0.0655 0
0.06575 0
0.066 0
0.06625 0
0.0665 0
0.06675 0
0.067 0
0.06725 0
0.0675 0
0.06775 0
0.068 0
0.06825 0
0.0685 0
0.06875 0
0.069 0
0.06925 0
0.0695 0
0.06975 0
0.07 0
0.07025 0
0.0705 0
0.07075 0
0.071 0
0.07125 0
0.0715 0
0.07175 0
0.072 0
0.07225 0
0.0725 0
0.07275 0
0.073 0
0.07325 0
0.0735 0
0.07375 0
0.074 0
0.07425 0
0.0745 0
0.07475 0
0.075 0
0.07525 0
0.0755 0
0.07575 0
0.076 0
0.07625 0
0.0765 0
0.07675 0
0.077 0
0.07725 0
0.0775 0
0.07775 0
0.078 0
0.07825 0
0.0785 0
0.07875 0
0.079 0
0.07925 0
0.0795 0
0.07975 0
0.08 0
0.08025 0
0.0805 0
0.08075 0
0.081 0
0.08125 0
0.0815 0
0.08175 0
0.082 0
0.08225 0
0.0825 0
0.08275 0
0.083 0
0.08325 0
0.0835 0
0.08375 0
0.084 0
0.08425 0
0.0845 0
0.08475 0
0.085 0
0.08525 0
0.0855 0
0.08575 0
0.086 0
0.08625 0
0.0865 0
0.08675 0
0.087 0
0.08725 0
0.0875 0
0.08775 0
0.088 0
0.08825 0
0.0885 0
0.08875 0
0.089 0
0.08925 0
0.0895 0
0.08975 0
0.09 0
0.09025 0
0.0905 0
0.09075 0
0.091 0
0.09125 0
0.0915 0
0.09175 0
0.092 0
0.09225 0
0.0925 0
0.09275 0
0.093 0
0.09325 0
0.0935 0
0.09375 0
0.094 0
0.09425 0
0.0945 0
0.09475 0
0.095 0
0.09525 0
0.0955 0
0.09575 0
0.096 0
0.09625 0
0.0965 0
0.09675 0
0.097 0
0.09725 0
0.0975 0
0.09775 0
0.098 0
0.09825 0
0.0985 0
0.09875 0
0.099 0
0.09925 0
0.0995 0
0.09975 0
0.1 0
0.10025 0
0.1005 0
0.10075 0
0.101 0
0.10125 0
0.1015 0
0.10175 0
0.102 0
0.10225 0
0.1025 0
0.10275 0
0.103 0
0.10325 0
0.1035 0
0.10375 0
0.104 0
0.10425 0
0.1045 0
0.10475 0
0.105 0
0.10525 0
0.1055 0
0.10575 0
0.106 0
0.10625 0
0.1065 0
0.10675 0
0.107 0
0.10725 0
0.1075 0
0.10775 0
0.108 0
0.10825 0
0.1085 0
0.10875 0
0.109 0
0.10925 0
0.1095 0
0.10975 0
0.11 0
0.11025 0
0.1105 0
0.11075 0
0.111 0
0.11125 0
0.1115 0
0.11175 0
0.112 0
0.11225 0
0.1125 0
0.11275 0
0.113 0
0.11325 0
0.1135 0
0.11375 0
0.114 0
0.11425 0
0.1145 0
0.11475 0
0.115 0
0.11525 0
0.1155 0
0.11575 0
0.116 0
0.11625 0
0.1165 0
0.11675 0
0.117 0
0.11725 0
0.1175 0
0.11775 0
0.118 0
0.11825 0
0.1185 0
0.11875 0
0.119 0
0.11925 0
0.1195 0
0.11975 0
0.12 0
0.12025 0
0.1205 0
0.12075 0
0.121 0
0.12125 0
0.1215 0
0.12175 0
0.122 0
0.12225 0
0.1225 0
0.12275 0
0.123 0
0.12325 0
0.1235 0
0.12375 0
0.124 0
0.12425 0
0.1245 0
0.12475 0
0.125 0
0.12525 0
0.1255 0
0.12575 0
0.126 0
0.12625 0
0.1265 0
0.12675 0
0.127 0
0.12725 0
0.1275 0
0.12775 0
0.128 0
0.12825 0
0.1285 0
0.12875 0
0.129 0
0.12925 0
0.1295 0
0.12975 0
0.13 0
0.13025 0
0.1305 0
0.13075 0
0.131 0
0.13125 0
0.1315 0
0.13175 0
0.132 0
0.13225 0
0.1325 0
0.13275 0
0.133 0
0.13325 0
0.1335 0
0.13375 0
0.134 0
0.13425 0
0.1345 0
0.13475 0
0.135 0
0.13525 0
0.1355 0
0.13575 0
0.136 0
0.13625 0
0.1365 0
0.13675 0
0.137 0
0.13725 0
0.1375 0
0.13775 0
0.138 0
0.13825 0
0.1385 0
0.13875 0
0.139 0
0.13925 0
0.1395 0
0.13975 0
0.14 0
0.14025 0
0.1405 0
0.14075 0
0.141 0
0.14125 0
0.1415 0
0.14175 0
0.142 0
0.14225 0
0.1425 0
0.14275 0
0.143 0
0.14325 0
0.1435 0
0.14375 0
0.144 0
0.14425 0
0.1445 0
0.14475 0
0.145 0
0.14525 0
0.1455 0
0.14575 0
0.146 0
0.14625 0
0.1465 0
0.14675 0
0.147 0
0.14725 0
0.1475 0
0.14775 0
0.148 0
0.14825 0
0.1485 0
0.14875 0
0.149 0
0.14925 0
0.1495 0
0.14975 0
0.15 0
0.15025 0
0.1505 0
0.15075 0
0.151 0
0.15125 0
0.1515 0
0.15175 0
0.152 0
0.15225 0
0.1525 0
0.15275 0
0.153 0
0.15325 0
0.1535 0
0.15375 0
0.154 0
0.15425 0
0.1545 0
0.15475 0
0.155 0
0.15525 0
0.1555 0
0.15575 0
0.156 0
0.15625 0
0.1565 0
0.15675 0
0.157 0
0.15725 0
0.1575 0
0.15775 0
0.158 0
0.15825 0
0.1585 0
0.15875 0
0.159 0
0.15925 0
0.1595 0
0.15975 0
0.16 0
0.16025 0
0.1605 0
0.16075 0
0.161 0
0.16125 0
0.1615 0
0.16175 0
0.162 0
0.16225 0
0.1625 0
0.16275 0
0.163 0
0.16325 0
0.1635 0
0.16375 0
0.164 0
0.16425 0
0.1645 0
0.16475 0
0.165 0
0.16525 0
0.1655 0
0.16575 0
0.166 0
0.16625 0
0.1665 0
0.16675 0
0.167 0
0.16725 0
0.1675 0
0.16775 0
0.168 0
0.16825 0
0.1685 0
0.16875 0
0.169 0
0.16925 0
0.1695 0
0.16975 0
0.17 0
0.17025 0
0.1705 0
0.17075 0
0.171 0
0.17125 0
0.1715 0
0.17175 0
0.172 0
0.17225 0
0.1725 0
0.17275 0
0.173 0
0.17325 0
0.1735 0
0.17375 0
0.174 0
0.17425 0
0.1745 0
0.17475 0
0.175 0
0.17525 0
0.1755 0
0.17575 0
0.176 0
0.17625 0
0.1765 0
0.17675 0
0.177 0
0.17725 0
0.1775 0
0.17775 0
0.178 0
0.17825 0
0.1785 0
0.17875 0
0.179 0
0.17925 0
0.1795 0
0.17975 0
0.18 0
0.18025 0
0.1805 0
0.18075 0
0.181 0
0.18125 0
0.1815 0
0.18175 0
0.182 0
0.18225 0
0.1825 0
0.18275 0
0.183 0
0.18325 0
0.1835 0
0.18375 0
0.184 0
0.18425 0
0.1845 0
0.18475 0
0.185 0
0.18525 0
0.1855 0
0.18575 0
0.186 0
0.18625 0
0.1865 0
0.18675 0
0.187 0
0.18725 0
0.1875 0
0.18775 0
0.188 0
0.18825 0
0.1885 0
0.18875 0
0.189 0
0.18925 0
0.1895 0
0.18975 0
0.19 0
0.19025 0
0.1905 0
0.19075 0
0.191 0
0.19125 0
0.1915 0
0.19175 0
0.192 0
0.19225 0
0.1925 0
0.19275 0
0.193 0
0.19325 0
0.1935 0
0.19375 0
0.194 0
0.19425 0
0.1945 0
0.19475 0
0.195 0
0.19525 0
0.1955 0
0.19575 0
0.196 0
0.19625 0
0.1965 0
0.19675 0
0.197 0
0.19725 0
0.1975 0
0.19775 0
0.198 0
0.19825 0
0.1985 0
0.19875 0
0.199 0
0.19925 0
0.1995 0
0.19975 0
0.2 0
0.20025 0
0.2005 0
0.20075 0
0.201 0
0.20125 0
0.2015 0
0.20175 0
0.202 0
0.20225 0
0.2025 0
0.20275 0
0.203 0
0.20325 0
0.2035 0
0.20375 0
0.204 0
0.20425 0
0.2045 0
0.20475 0
0.205 0
0.20525 0
0.2055 0
0.20575 0
0.206 0
0.20625 0
0.2065 0
0.20675 0
0.207 0
0.20725 0
0.2075 0
0.20775 0
0.208 0
0.20825 0
0.2085 0
0.20875 0
0.209 0
0.20925 0
0.2095 0
0.20975 0
0.21 0
0.21025 0
0.2105 0
0.21075 0
0.211 0
0.21125 0
0.2115 0
0.21175 0
0.212 0
0.21225 0
0.2125 0
0.21275 0
0.213 0
0.21325 0
0.2135 0
0.21375 0
0.214 0
0.21425 0
0.2145 0
0.21475 0
0.215 0
0.21525 0
0.2155 0
0.21575 0
0.216 0
0.21625 0
0.2165 0
0.21675 0
0.217 0
0.21725 0
0.2175 0
0.21775 0
0.218 0
0.21825 0
0.2185 0
0.21875 0
0.219 0
0.21925 0
0.2195 0
0.21975 0
0.22 0
0.22025 0
0.2205 0
0.22075 0
0.221 0
0.22125 0
0.2215 0
0.22175 0
0.222 0
0.22225 0
0.2225 0
0.22275 0
0.223 0
0.22325 0
0.2235 0
0.22375 0
0.224 0
0.22425 0
0.2245 0
0.22475 0
0.225 0
0.22525 0
0.2255 0
0.22575 0
0.226 0
0.22625 0
0.2265 0
0.22675 0
0.227 0
0.22725 0
0.2275 0
0.22775 0
0.228 0
0.22825 0
0.2285 0
0.22875 0
0.229 0
0.22925 0
0.2295 0
0.22975 0
0.23 0
0.23025 0
0.2305 0
0.23075 0
0.231 0
0.23125 0
0.2315 0
0.23175 0
0.232 0
0.23225 0
0.2325 0
0.23275 0
0.233 0
0.23325 0
0.2335 0
0.23375 0
0.234 0
0.23425 0
0.2345 0
0.23475 0
0.235 0
0.23525 0
0.2355 0
0.23575 0
0.236 0
0.23625 0
0.2365 0
0.23675 0
0.237 0
0.23725 0
0.2375 0
0.23775 0
0.238 0
0.23825 0
0.2385 0
0.23875 0
0.239 0
0.23925 0
0.2395 0
0.23975 0
0.24 0
0.24025 0
0.2405 0
0.24075 0
0.241 0
0.24125 0
0.2415 0
0.24175 0
0.242 0
0.24225 0
0.2425 0
0.24275 0
0.243 0
0.24325 0
0.2435 0
0.24375 0
0.244 0
0.24425 0
0.2445 0
0.24475 0
0.245 0
0.24525 0
0.2455 0
0.24575 0
0.246 0
0.24625 0
0.2465 0
0.24675 0
0.247 0
0.24725 0
0.2475 0
0.24775 0
0.248 0
0.24825 0
0.2485 0
0.24875 0
0.249 0
0.24925 0
0.2495 0
0.24975 0
0.25 0
0.25025 0
0.2505 0
0.25075 0
0.251 0
0.25125 0
0.2515 0
0.25175 0
0.252 0
0.25225 0
0.2525 0
0.25275 0
0.253 0
0.25325 0
0.2535 0
0.25375 0
0.254 0
0.25425 0
0.2545 0
0.25475 0
0.255 0
0.25525 0
0.2555 0
0.25575 0
0.256 0
0.25625 0
0.2565 0
0.25675 0
0.257 0
0.25725 0
0.2575 0
0.25775 0
0.258 0
0.25825 0
0.2585 0
0.25875 0
0.259 0
0.25925 0
0.2595 0
0.25975 0
0.26 0
0.26025 0
0.2605 0
0.26075 0
0.261 0
0.26125 0
0.2615 0
0.26175 0
0.262 0
0.26225 0
0.2625 0
0.26275 0
0.263 0
0.26325 0
0.2635 0
0.26375 0
0.264 0
0.26425 0
0.2645 0
0.26475 0
0.265 0
0.26525 0
0.2655 0
0.26575 0
0.266 0
0.26625 0
0.2665 0
0.26675 0
0.267 0
0.26725 0
0.2675 0
0.26775 0
0.268 0
0.26825 0
0.2685 0
0.26875 0
0.269 0
0.26925 0
0.2695 0
0.26975 0
0.27 0
0.27025 0
0.2705 0
0.27075 0
0.271 0
0.27125 0
0.2715 0
0.27175 0
0.272 0
0.27225 0
0.2725 0
0.27275 0
0.273 0
0.27325 0
0.2735 0
0.27375 0
0.274 0
0.27425 0
0.2745 0
0.27475 0
0.275 0
0.27525 0
0.2755 0
0.27575 0
0.276 0
0.27625 0
0.2765 0
0.27675 0
0.277 0
0.27725 0
0.2775 0
0.27775 0
0.278 0
0.27825 0
0.2785 0
0.27875 0
0.279 0
0.27925 0
0.2795 0
0.27975 0
0.28 0
0.28025 0
0.2805 0
0.28075 0
0.281 0
0.28125 0
0.2815 0
0.28175 0
0.282 0
0.28225 0
0.2825 0
0.28275 0
0.283 0
0.28325 0
0.2835 0
0.28375 0
0.284 0
0.28425 0
0.2845 0
0.28475 0
0.285 0
0.28525 0
0.2855 0
0.28575 0
0.286 0
0.28625 0
0.2865 0
0.28675 0
0.287 0
0.28725 0
0.2875 0
0.28775 0
0.288 0
0.28825 0
0.2885 0
0.28875 0
0.289 0
0.28925 0
0.2895 0
0.28975 0
0.29 0
0.29025 0
0.2905 0
0.29075 0
0.291 0
0.29125 0
0.2915 0
0.29175 0
0.292 0
0.29225 0
0.2925 0
0.29275 0
0.293 0
0.29325 0
0.2935 0
0.29375 0
0.294 0
0.29425 0
0.2945 0
0.29475 0
0.295 0
0.29525 0
0.2955 0
0.29575 0
0.296 0
0.29625 0
0.2965 0
0.29675 0
0.297 0
0.29725 0
0.2975 0
0.29775 0
0.298 0
0.29825 0
0.2985 0
0.29875 0
0.299 0
0.29925 0
0.2995 0
0.29975 0
0.3 0
0.30025 0
0.3005 0
0.30075 0
0.301 0
0.30125 0
0.3015 0
0.30175 0
0.302 0
0.30225 0
0.3025 0
0.30275 0
0.303 0
0.30325 0
0.3035 0
0.30375 0
0.304 0
0.30425 0
0.3045 0
0.30475 0
0.305 0
0.30525 0
0.3055 0
0.30575 0
0.306 0
0.30625 0
0.3065 0
0.30675 0
0.307 0
0.30725 0
0.3075 0
0.30775 0
0.308 0
0.30825 0
0.3085 0
0.30875 0
0.309 0
0.30925 0
0.3095 0
0.30975 0
0.31 0
0.31025 0
0.3105 0
0.31075 0
0.311 0
0.31125 0
0.3115 0
0.31175 0
0.312 0
0.31225 0
0.3125 0
0.31275 0
0.313 0
0.31325 0
0.3135 0
0.31375 0
0.314 0
0.31425 0
0.3145 0
0.31475 0
0.315 0
0.31525 0
0.3155 0
0.31575 0
0.316 0
0.31625 0
0.3165 0
0.31675 0
0.317 0
0.31725 0
0.3175 0
0.31775 0
0.318 0
0.31825 0
0.3185 0
0.31875 0
0.319 0
0.31925 0
0.3195 0
0.31975 0
0.32 0
0.32025 0
0.3205 0
0.32075 0
0.321 0
0.32125 0
0.3215 0
0.32175 0
0.322 0
0.32225 0
0.3225 0
0.32275 0
0.323 0
0.32325 0
0.3235 0
0.32375 0
0.324 0
0.32425 0
0.3245 0
0.32475 0
0.325 0
0.32525 0
0.3255 0
0.32575 0
0.326 0
0.32625 0
0.3265 0
0.32675 0
0.327 0
0.32725 0
0.3275 0
0.32775 0
0.328 0
0.32825 0
0.3285 0
0.32875 0
0.329 0
0.32925 0
0.3295 0
0.32975 0
0.33 0
0.33025 0
0.3305 0
0.33075 0
0.331 0
0.33125 0
0.3315 0
0.33175 0
0.332 0
0.33225 0
0.3325 0
0.33275 0
0.333 0
0.33325 0
0.3335 0
0.33375 0
0.334 0
0.33425 0
0.3345 0
0.33475 0
0.335 0
0.33525 0
0.3355 0
0.33575 0
0.336 0
0.33625 0
0.3365 0
0.33675 0
0.337 0
0.33725 0
0.3375 0
0.33775 0
0.338 0
0.33825 0
0.3385 0
0.33875 0
0.339 0
0.33925 0
0.3395 0
0.33975 0
0.34 0
0.34025 0
0.3405 0
0.34075 0
0.341 0
0.34125 0
0.3415 0
0.34175 0
0.342 0
0.34225 0
0.3425 0
0.34275 0
0.343 0
0.34325 0
0.3435 0
0.34375 0
0.344 0
0.34425 0
0.3445 0
0.34475 0
0.345 0
0.34525 0
0.3455 0
0.34575 0
0.346 0
0.34625 0
0.3465 0
0.34675 0
0.347 0
0.34725 0
0.3475 0
0.34775 0
0.348 0
0.34825 0
0.3485 0
0.34875 0
0.349 0
0.34925 0
0.3495 0
0.34975 0
0.35 0
0.35025 0
0.3505 0
0.35075 0
0.351 0
0.35125 0
0.3515 0
0.35175 0
0.352 0
0.35225 0
0.3525 0
0.35275 0
0.353 0
0.35325 0
0.3535 0
0.35375 0
0.354 0
0.35425 0
0.3545 0
0.35475 0
0.355 0
0.35525 0
0.3555 0
0.35575 0
0.356 0
0.35625 0
0.3565 0
0.35675 0
0.357 0
0.35725 0
0.3575 0
0.35775 0
0.358 0
0.35825 0
0.3585 0
0.35875 0
0.359 0
0.35925 0
0.3595 0
0.35975 0
0.36 0
0.36025 0
0.3605 0
0.36075 0
0.361 0
0.36125 0
0.3615 0
0.36175 0
0.362 0
0.36225 0
0.3625 0
0.36275 0
0.363 0
0.36325 0
0.3635 0
0.36375 0
0.364 0
0.36425 0
0.3645 0
0.36475 0
0.365 0
0.36525 0
0.3655 0
0.36575 0
0.366 0
0.36625 0
0.3665 0
0.36675 0
0.367 0
0.36725 0
0.3675 0
0.36775 0
0.368 0
0.36825 0
0.3685 0
0.36875 0
0.369 0
0.36925 0
0.3695 0
0.36975 0
0.37 0
0.37025 0
0.3705 0
0.37075 0
0.371 0
0.37125 0
0.3715 0
0.37175 0
0.372 0
0.37225 0
0.3725 0
0.37275 0
0.373 0
0.37325 0
0.3735 0
0.37375 0
0.374 0
0.37425 0
0.3745 0
0.37475 0
0.375 0
0.37525 0
0.3755 0
0.37575 0
0.376 0
0.37625 0
0.3765 0
0.37675 0
0.377 0
0.37725 0
0.3775 0
0.37775 0
0.378 0
0.37825 0
0.3785 0
0.37875 0
0.379 0
0.37925 0
0.3795 0
0.37975 0
0.38 0
0.38025 0
0.3805 0
0.38075 0
0.381 0
0.38125 0
0.3815 0
0.38175 0
0.382 0
0.38225 0
0.3825 0
0.38275 0
0.383 0
0.38325 0
0.3835 0
0.38375 0
0.384 0
0.38425 0
0.3845 0
0.38475 0
0.385 0
0.38525 0
0.3855 0
0.38575 0
0.386 0
0.38625 0
0.3865 0
0.38675 0
0.387 0
0.38725 0
0.3875 0
0.38775 0
0.388 0
0.38825 0
0.3885 0
0.38875 0
0.389 0
0.38925 0
0.3895 0
0.38975 0
0.39 0
0.39025 0
0.3905 0
0.39075 0
0.391 0
0.39125 0
0.3915 0
0.39175 0
0.392 0
0.39225 0
0.3925 0
0.39275 0
0.393 0
0.39325 0
0.3935 0
0.39375 0
0.394 0
0.39425 0
0.3945 0
0.39475 0
0.395 0
0.39525 0
0.3955 0
0.39575 0
0.396 0
0.39625 0
0.3965 0
0.39675 0
0.397 0
0.39725 0
0.3975 0
0.39775 0
0.398 0
0.39825 0
0.3985 0
0.39875 0
0.399 0
0.39925 0
0.3995 0
0.39975 0
0.4 0
0.40025 0
0.4005 0
0.40075 0
0.401 0
0.40125 0
0.4015 0
0.40175 0
0.402 0
0.40225 0
0.4025 0
0.40275 0
0.403 0
0.40325 0
0.4035 0
0.40375 0
0.404 0
0.40425 0
0.4045 0
0.40475 0
0.405 0
0.40525 0
0.4055 0
0.40575 0
0.406 0
0.40625 0
0.4065 0
0.40675 0
0.407 0
0.40725 0
0.4075 0
0.40775 0
0.408 0
0.40825 0
0.4085 0
0.40875 0
0.409 0
0.40925 0
0.4095 0
0.40975 0
0.41 0
0.41025 0
0.4105 0
0.41075 0
0.411 0
0.41125 0
0.4115 0
0.41175 0
0.412 0
0.41225 0
0.4125 0
0.41275 0
0.413 0
0.41325 0
0.4135 0
0.41375 0
0.414 0
0.41425 0
0.4145 0
0.41475 0
0.415 0
0.41525 0
0.4155 0
0.41575 0
0.416 0
0.41625 0
0.4165 0
0.41675 0
0.417 0
0.41725 0
0.4175 0
0.41775 0
0.418 0
0.41825 0
0.4185 0
0.41875 0
0.419 0
0.41925 0
0.4195 0
0.41975 0
0.42 0
0.42025 0
0.4205 0
0.42075 0
0.421 0
0.42125 0
0.4215 0
0.42175 0
0.422 0
0.42225 0
0.4225 0
0.42275 0
0.423 0
0.42325 0
0.4235 0
0.42375 0
0.424 0
0.42425 0
0.4245 0
0.42475 0
0.425 0
0.42525 0
0.4255 0
0.42575 0
0.426 0
0.42625 0
0.4265 0
0.42675 0
0.427 0
0.42725 0
0.4275 0
0.42775 0
0.428 0
0.42825 0
0.4285 0
0.42875 0
0.429 0
0.42925 0
0.4295 0
0.42975 0
0.43 0
0.43025 0
0.4305 0
0.43075 0
0.431 0
0.43125 0
0.4315 0
0.43175 0
0.432 0
0.43225 0
0.4325 0
0.43275 0
0.433 0
0.43325 0
0.4335 0
0.43375 0
0.434 0
0.43425 0
0.4345 0
0.43475 0
0.435 0
0.43525 0
0.4355 0
0.43575 0
0.436 0
0.43625 0
0.4365 0
0.43675 0
0.437 0
0.43725 0
0.4375 0
0.43775 0
0.438 0
0.43825 0
0.4385 0
0.43875 0
0.439 0
0.43925 0
0.4395 0
0.43975 0
0.44 0
0.44025 0
0.4405 0
0.44075 0
0.441 0
0.44125 0
0.4415 0
0.44175 0
0.442 0
0.44225 0
0.4425 0
0.44275 0
0.443 0
0.44325 0
0.4435 0
0.44375 0
0.444 0
0.44425 0
0.4445 0
0.44475 0
0.445 0
0.44525 0
0.4455 0
0.44575 0
0.446 0
0.44625 0
0.4465 0
0.44675 0
0.447 0
0.44725 0
0.4475 0
0.44775 0
0.448 0
0.44825 0
0.4485 0
0.44875 0
0.449 0
0.44925 0
0.4495 0
0.44975 0
0.45 0
0.45025 0
0.4505 0
0.45075 0
0.451 0
0.45125 0
0.4515 0
0.45175 0
0.452 0
0.45225 0
0.4525 0
0.45275 0
0.453 0
0.45325 0
0.4535 0
0.45375 0
0.454 0
0.45425 0
0.4545 0
0.45475 0
0.455 0
0.45525 0
0.4555 0
0.45575 0
0.456 0
0.45625 0
0.4565 0
0.45675 0
0.457 0
0.45725 0
0.4575 0
0.45775 0
0.458 0
0.45825 0
0.4585 0
0.45875 0
0.459 0
0.45925 0
0.4595 0
0.45975 0
0.46 0
0.46025 0
0.4605 0
0.46075 0
0.461 0
0.46125 0
0.4615 0
0.46175 0
0.462 0
0.46225 0
0.4625 0
0.46275 0
0.463 0
0.46325 0
0.4635 0
0.46375 0
0.464 0
0.46425 0
0.4645 0
0.46475 0
0.465 0
0.46525 0
0.4655 0
0.46575 0
0.466 0
0.46625 0
0.4665 0
0.46675 0
0.467 0
0.46725 0
0.4675 0
0.46775 0
0.468 0
0.46825 0
0.4685 0
0.46875 0
0.469 0
0.46925 0
0.4695 0
0.46975 0
0.47 0
0.47025 0
0.4705 0
0.47075 0
0.471 0
0.47125 0
0.4715 0
0.47175 0
0.472 0
0.47225 0
0.4725 0
0.47275 0
0.473 0
0.47325 0
0.4735 0
0.47375 0
0.474 0
0.47425 0
0.4745 0
0.47475 0
0.475 0
0.47525 0
0.4755 0
0.47575 0
0.476 0
0.47625 0
0.4765 0
0.47675 0
0.477 0
0.47725 0
0.4775 0
0.47775 0
0.478 0
0.47825 0
0.4785 0
0.47875 0
0.479 0
0.47925 0
0.4795 0
0.47975 0
0.48 0
0.48025 0
0.4805 0
0.48075 0
0.481 0
0.48125 0
0.4815 0
0.48175 0
0.482 0
0.48225 0
0.4825 0
0.48275 0
0.483 0
0.48325 0
0.4835 0
0.48375 0
0.484 0
0.48425 0
0.4845 0
0.48475 0
0.485 0
0.48525 0
0.4855 0
0.48575 0
0.486 0
0.48625 0
0.4865 0
0.48675 0
0.487 0
0.48725 0
0.4875 0
0.48775 0
0.488 0
0.48825 0
0.4885 0
0.48875 0
0.489 0
0.48925 0
0.4895 0
0.48975 0
0.49 0
0.49025 0
0.4905 0
0.49075 0
0.491 0
0.49125 0
0.4915 0
0.49175 0
0.492 0
0.49225 0
0.4925 0
0.49275 0
0.493 0
0.49325 0
0.4935 0
0.49375 0
0.494 0
0.49425 0
0.4945 0
0.49475 0
0.495 0
0.49525 0
0.4955 0
0.49575 0
0.496 0
0.49625 0
0.4965 0
0.49675 0
0.497 0
0.49725 0
0.4975 0
0.49775 0
0.498 0
0.49825 0
0.4985 0
0.49875 0
0.499 0
0.49925 0
0.4995 0
0.49975 0
0.5 0
0.50025 0
0.5005 0
0.50075 0
0.501 0
0.50125 0
0.5015 0
0.50175 0
0.502 0
0.50225 0
0.5025 0
0.50275 0
0.503 0
0.50325 0
0.5035 0
0.50375 0
0.504 0
0.50425 0
0.5045 0
0.50475 0
0.505 0
0.50525 0
0.5055 0
0.50575 0
0.506 0
0.50625 0
0.5065 0
0.50675 0
0.507 0
0.50725 0
0.5075 0
0.50775 0
0.508 0
0.50825 0
0.5085 0
0.50875 0
0.509 0
0.50925 0
0.5095 0
0.50975 0
0.51 0
0.51025 0
0.5105 0
0.51075 0
0.511 0
0.51125 0
0.5115 0
0.51175 0
0.512 0
0.51225 0
0.5125 0
0.51275 0
0.513 0
0.51325 0
0.5135 0
0.51375 0
0.514 0
0.51425 0
0.5145 0
0.51475 0
0.515 0
0.51525 0
0.5155 0
0.51575 0
0.516 0
0.51625 0
0.5165 0
0.51675 0
0.517 0
0.51725 0
0.5175 0
0.51775 0
0.518 0
0.51825 0
0.5185 0
0.51875 0
0.519 0
0.51925 0
0.5195 0
0.51975 0
0.52 0
0.52025 0
0.5205 0
0.52075 0
0.521 0
0.52125 0
0.5215 0
0.52175 0
0.522 0
0.52225 0
0.5225 0
0.52275 0
0.523 0
0.52325 0
0.5235 0
0.52375 0
0.524 0
0.52425 0
0.5245 0
0.52475 0
0.525 0
0.52525 0
0.5255 0
0.52575 0
0.526 0
0.52625 0
0.5265 0
0.52675 0
0.527 0
0.52725 0
0.5275 0
0.52775 0
0.528 0
0.52825 0
0.5285 0
0.52875 0
0.529 0
0.52925 0
0.5295 0
0.52975 0
0.53 0
0.53025 0
0.5305 0
0.53075 0
0.531 0
0.53125 0
0.5315 0
0.53175 0
0.532 0
0.53225 0
0.5325 0
0.53275 0
0.533 0
0.53325 0
0.5335 0
0.53375 0
0.534 0
0.53425 0
0.5345 0
0.53475 0
0.535 0
0.53525 0
0.5355 0
0.53575 0
0.536 0
0.53625 0
0.5365 0
0.53675 0
0.537 0
0.53725 0
0.5375 0
0.53775 0
0.538 0
0.53825 0
0.5385 0
0.53875 0
0.539 0
0.53925 0
0.5395 0
0.53975 0
0.54 0
0.54025 0
0.5405 0
0.54075 0
0.541 0
0.54125 0
0.5415 0
0.54175 0
0.542 0
0.54225 0
0.5425 0
0.54275 0
0.543 0
0.54325 0
0.5435 0
0.54375 0
0.544 0
0.54425 0
0.5445 0
0.54475 0
0.545 0
0.54525 0
0.5455 0
0.54575 0
0.546 0
0.54625 0
0.5465 0
0.54675 0
0.547 0
0.54725 0
0.5475 0
0.54775 0
0.548 0
0.54825 0
0.5485 0
0.54875 0
0.549 0
0.54925 0
0.5495 0
0.54975 0
0.55 0
0.55025 0
0.5505 0
0.55075 0
0.551 0
0.55125 0
0.5515 0
0.55175 0
0.552 0
0.55225 0
0.5525 0
0.55275 0
0.553 0
0.55325 0
0.5535 0
0.55375 0
0.554 0
0.55425 0
0.5545 0
0.55475 0
0.555 0
0.55525 0
0.5555 0
0.55575 0
0.556 0
0.55625 0
0.5565 0
0.55675 0
0.557 0
0.55725 0
0.5575 0
0.55775 0
0.558 0
0.55825 0
0.5585 0
0.55875 0
0.559 0
0.55925 0
0.5595 0
0.55975 0
0.56 0
0.56025 0
0.5605 0
0.56075 0
0.561 0
0.56125 0
0.5615 0
0.56175 0
0.562 0
0.56225 0
0.5625 0
0.56275 0
0.563 0
0.56325 0
0.5635 0
0.56375 0
0.564 0
0.56425 0
0.5645 0
0.56475 0
0.565 0
0.56525 0
0.5655 0
0.56575 0
0.566 0
0.56625 0
0.5665 0
0.56675 0
0.567 0
0.56725 0
0.5675 0
0.56775 0
0.568 0
0.56825 0
0.5685 0
0.56875 0
0.569 0
0.56925 0
0.5695 0
0.56975 0
0.57 0
0.57025 0
0.5705 0
0.57075 0
0.571 0
0.57125 0
0.5715 0
0.57175 0
0.572 0
0.57225 0
0.5725 0
0.57275 0
0.573 0
0.57325 0
0.5735 0
0.57375 0
0.574 0
0.57425 0
0.5745 0
0.57475 0
0.575 0
0.57525 0
0.5755 0
0.57575 0
0.576 0
0.57625 0
0.5765 0
0.57675 0
0.577 0
0.57725 0
0.5775 0
0.57775 0
0.578 0
0.57825 0
0.5785 0
0.57875 0
0.579 0
0.57925 0
0.5795 0
0.57975 0
0.58 0
0.58025 0
0.5805 0
0.58075 0
0.581 0
0.58125 0
0.5815 0
0.58175 0
0.582 0
0.58225 0
0.5825 0
0.58275 0
0.583 0
0.58325 0
0.5835 0
0.58375 0
0.584 0
0.58425 0
0.5845 0
0.58475 0
0.585 0
0.58525 0
0.5855 0
0.58575 0
0.586 0
0.58625 0
0.5865 0
0.58675 0
0.587 0
0.58725 0
0.5875 0
0.58775 0
0.588 0
0.58825 0
0.5885 0
0.58875 0
0.589 0
0.58925 0
0.5895 0
0.58975 0
0.59 0
0.59025 0
0.5905 0
0.59075 0
0.591 0
0.59125 0
0.5915 0
0.59175 0
0.592 0
0.59225 0
0.5925 0
0.59275 0
0.593 0
0.59325 0
0.5935 0
0.59375 0
0.594 0
0.59425 0
0.5945 0
0.59475 0
0.595 0
0.59525 0
0.5955 0
0.59575 0
0.596 0
0.59625 0
0.5965 0
0.59675 0
0.597 0
0.59725 0
0.5975 0
0.59775 0
0.598 0
0.59825 0
0.5985 0
0.59875 0
0.599 0
0.59925 0
0.5995 0
0.59975 0
0.6 0
0.60025 0
0.6005 0
0.60075 0
0.601 0
0.60125 0
0.6015 0
0.60175 0
0.602 0
0.60225 0
0.6025 0
0.60275 0
0.603 0
0.60325 0
0.6035 0
0.60375 0
0.604 0
0.60425 0
0.6045 0
0.60475 0
0.605 0
0.60525 0
0.6055 0
0.60575 0
0.606 0
0.60625 0
0.6065 0
0.60675 0
0.607 0
0.60725 0
0.6075 0
0.60775 0
0.608 0
0.60825 0
0.6085 0
0.60875 0
0.609 0
0.60925 0
0.6095 0
0.60975 0
0.61 0
0.61025 0
0.6105 0
0.61075 0
0.611 0
0.61125 0
0.6115 0
0.61175 0
0.612 0
0.61225 0
0.6125 0
0.61275 0
0.613 0
0.61325 0
0.6135 0
0.61375 0
0.614 0
0.61425 0
0.6145 0
0.61475 0
0.615 0
0.61525 0
0.6155 0
0.61575 0
0.616 0
0.61625 0
0.6165 0
0.61675 0
0.617 0
0.61725 0
0.6175 0
0.61775 0
0.618 0
0.61825 0
0.6185 0
0.61875 0
0.619 0
0.61925 0
0.6195 0
0.61975 0
0.62 0
0.62025 0
0.6205 0
0.62075 0
0.621 0
0.62125 0
0.6215 0
0.62175 0
0.622 0
0.62225 0
0.6225 0
0.62275 0
0.623 0
0.62325 0
0.6235 0
0.62375 0
0.624 0
0.62425 0
0.6245 0
0.62475 0
0.625 0
0.62525 0
0.6255 0
0.62575 0
0.626 0
0.62625 0
0.6265 0
0.62675 0
0.627 0
0.62725 0
0.6275 0
0.62775 0
0.628 0
0.62825 0
0.6285 0
0.62875 0
0.629 0
0.62925 0
0.6295 0
0.62975 0
0.63 0
0.63025 0
0.6305 0
0.63075 0
0.631 0
0.63125 0
0.6315 0
0.63175 0
0.632 0
0.63225 0
0.6325 0
0.63275 0
0.633 0
0.63325 0
0.6335 0
0.63375 0
0.634 0
0.63425 0
0.6345 0
0.63475 0
0.635 0
0.63525 0
0.6355 0
0.63575 0
0.636 0
0.63625 0
0.6365 0
0.63675 0
0.637 0
0.63725 0
0.6375 0
0.63775 0
0.638 0
0.63825 0
0.6385 0
0.63875 0
0.639 0
0.63925 0
0.6395 0
0.63975 0
0.64 0
0.64025 0
0.6405 0
0.64075 0
0.641 0
0.64125 0
0.6415 0
0.64175 0
0.642 0
0.64225 0
0.6425 0
0.64275 0
0.643 0
0.64325 0
0.6435 0
0.64375 0
0.644 0
0.64425 0
0.6445 0
0.64475 0
0.645 0
0.64525 0
0.6455 0
0.64575 0
0.646 0
0.64625 0
0.6465 0
0.64675 0
0.647 0
0.64725 0
0.6475 0
0.64775 0
0.648 0
0.64825 0
0.6485 0
0.64875 0
0.649 0
0.64925 0
0.6495 0
0.64975 0
0.65 0
0.65025 0
0.6505 0
0.65075 0
0.651 0
0.65125 0
0.6515 0
0.65175 0
0.652 0
0.65225 0
0.6525 0
0.65275 0
0.653 0
0.65325 0
0.6535 0
0.65375 0
0.654 0
0.65425 0
0.6545 0
0.65475 0
0.655 0
0.65525 0
0.6555 0
0.65575 0
0.656 0
0.65625 0
0.6565 0
0.65675 0
0.657 0
0.65725 0
0.6575 0
0.65775 0
0.658 0
0.65825 0
0.6585 0
0.65875 0
0.659 0
0.65925 0
0.6595 0
0.65975 0
0.66 0
0.66025 0
0.6605 0
0.66075 0
0.661 0
0.66125 0
0.6615 0
0.66175 0
0.662 0
0.66225 0
0.6625 0
0.66275 0
0.663 0
0.66325 0
0.6635 0
0.66375 0
0.664 0
0.66425 0
0.6645 0
0.66475 0
0.665 0
0.66525 0
0.6655 0
0.66575 0
0.666 0
0.66625 0
0.6665 0
0.66675 0
0.667 0
0.66725 0
0.6675 0
0.66775 0
0.668 0
0.66825 0
0.6685 0
0.66875 0
0.669 0
0.66925 0
0.6695 0
0.66975 0
0.67 0
0.67025 0
0.6705 0
0.67075 0
0.671 0
0.67125 0
0.6715 0
0.67175 0
0.672 0
0.67225 0
0.6725 0
0.67275 0
0.673 0
0.67325 0
0.6735 0
0.67375 0
0.674 0
0.67425 0
0.6745 0
0.67475 0
0.675 0
0.67525 0
0.6755 0
0.67575 0
0.676 0
0.67625 0
0.6765 0
0.67675 0
0.677 0
0.67725 0
0.6775 0
0.67775 0
0.678 0
0.67825 0
0.6785 0
0.67875 0
0.679 0
0.67925 0
0.6795 0
0.67975 0
0.68 0
0.68025 0
0.6805 0
0.68075 0
0.681 0
0.68125 0
0.6815 0
0.68175 0
0.682 0
0.68225 0
0.6825 0
0.68275 0
0.683 0
0.68325 0
0.6835 0
0.68375 0
0.684 0
0.68425 0
0.6845 0
0.68475 0
0.685 0
0.68525 0
0.6855 0
0.68575 0
0.686 0
0.68625 0
0.6865 0
0.68675 0
0.687 0
0.68725 0
0.6875 0
0.68775 0
0.688 0
0.68825 0
0.6885 0
0.68875 0
0.689 0
0.68925 0
0.6895 0
0.68975 0
0.69 0
0.69025 0
0.6905 0
0.69075 0
0.691 0
0.69125 0
0.6915 0
0.69175 0
0.692 0
0.69225 0
0.6925 0
0.69275 0
0.693 0
0.69325 0
0.6935 0
0.69375 0
0.694 0
0.69425 0
0.6945 0
0.69475 0
0.695 0
0.69525 0
0.6955 0
0.69575 0
0.696 0
0.69625 0
0.6965 0
0.69675 0
0.697 0
0.69725 0
0.6975 0
0.69775 0
0.698 0
0.69825 0
0.6985 0
0.69875 0
0.699 0
0.69925 0
0.6995 0
0.69975 0
0.7 0
0.70025 0
0.7005 0
0.70075 0
0.701 0
0.70125 0
0.7015 0
0.70175 0
0.702 0
0.70225 0
0.7025 0
0.70275 0
0.703 0
0.70325 0
0.7035 0
0.70375 0
0.704 0
0.70425 0
0.7045 0
0.70475 0
0.705 0
0.70525 0
0.7055 0
0.70575 0
0.706 0
0.70625 0
0.7065 0
0.70675 0
0.707 0
0.70725 0
0.7075 0
0.70775 0
0.708 0
0.70825 0
0.7085 0
0.70875 0
0.709 0
0.70925 0
0.7095 0
0.70975 0
0.71 0
0.71025 0
0.7105 0
0.71075 0
0.711 0
0.71125 0
0.7115 0
0.71175 0
0.712 0
0.71225 0
0.7125 0
0.71275 0
0.713 0
0.71325 0
0.7135 0
0.71375 0
0.714 0
0.71425 0
0.7145 0
0.71475 0
0.715 0
0.71525 0
0.7155 0
0.71575 0
0.716 0
0.71625 0
0.7165 0
0.71675 0
0.717 0
0.71725 0
0.7175 0
0.71775 0
0.718 0
0.71825 0
0.7185 0
0.71875 0
0.719 0
0.71925 0
0.7195 0
0.71975 0
0.72 0
0.72025 0
0.7205 0
0.72075 0
0.721 0
0.72125 0
0.7215 0
0.72175 0
0.722 0
0.72225 0
0.7225 0
0.72275 0
0.723 0
0.72325 0
0.7235 0
0.72375 0
0.724 0
0.72425 0
0.7245 0
0.72475 0
0.725 0
0.72525 0
0.7255 0
0.72575 0
0.726 0
0.72625 0
0.7265 0
0.72675 0
0.727 0
0.72725 0
0.7275 0
0.72775 0
0.728 0
0.72825 0
0.7285 0
0.72875 0
0.729 0
0.72925 0
0.7295 0
0.72975 0
0.73 0
0.73025 0
0.7305 0
0.73075 0
0.731 0
0.73125 0
0.7315 0
0.73175 0
0.732 0
0.73225 0
0.7325 0
0.73275 0
0.733 0
0.73325 0
0.7335 0
0.73375 0
0.734 0
0.73425 0
0.7345 0
0.73475 0
0.735 0
0.73525 0
0.7355 0
0.73575 0
0.736 0
0.73625 0
0.7365 0
0.73675 0
0.737 0
0.73725 0
0.7375 0
0.73775 0
0.738 0
0.73825 0
0.7385 0
0.73875 0
0.739 0
0.73925 0
0.7395 0
0.73975 0
0.74 0
0.74025 0
0.7405 0
0.74075 0
0.741 0
0.74125 0
0.7415 0
0.74175 0
0.742 0
0.74225 0
0.7425 0
0.74275 0
0.743 0
0.74325 0
0.7435 0
0.74375 0
0.744 0
0.74425 0
0.7445 0
0.74475 0
0.745 0
0.74525 0
0.7455 0
0.74575 0
0.746 0
0.74625 0
0.7465 0
0.74675 0
0.747 0
0.74725 0
0.7475 0
0.74775 0
0.748 0
0.74825 0
0.7485 0
0.74875 0
0.749 0
0.74925 0
0.7495 0
0.74975 0
0.75 0
0.75025 0
0.7505 0
0.75075 0
0.751 0
0.75125 0
0.7515 0
0.75175 0
0.752 0
0.75225 0
0.7525 0
0.75275 0
0.753 0
0.75325 0
0.7535 0
0.75375 0
0.754 0
0.75425 0
0.7545 0
0.75475 0
0.755 0
0.75525 0
0.7555 0
0.75575 0
0.756 0
0.75625 0
0.7565 0
0.75675 0
0.757 0
0.75725 0
0.7575 0
0.75775 0
0.758 0
0.75825 0
0.7585 0
0.75875 0
0.759 0
0.75925 0
0.7595 0
0.75975 0
0.76 0
0.76025 0
0.7605 0
0.76075 0
0.761 0
0.76125 0
0.7615 0
0.76175 0
0.762 0
0.76225 0
0.7625 0
0.76275 0
0.763 0
0.76325 0
0.7635 0
0.76375 0
0.764 0
0.76425 0
0.7645 0
0.76475 0
0.765 0
0.76525 0
0.7655 0
0.76575 0
0.766 0
0.76625 0
0.7665 0
0.76675 0
0.767 0
0.76725 0
0.7675 0
0.76775 0
0.768 0
0.76825 0
0.7685 0
0.76875 0
0.769 0
0.76925 0
0.7695 0
0.76975 0
0.77 0
0.77025 0
0.7705 0
0.77075 0
0.771 0
0.77125 0
0.7715 0
0.77175 0
0.772 0
0.77225 0
0.7725 0
0.77275 0
0.773 0
0.77325 0
0.7735 0
0.77375 0
0.774 0
0.77425 0
0.7745 0
0.77475 0
0.775 0
0.77525 0
0.7755 0
0.77575 0
0.776 0
0.77625 0
0.7765 0
0.77675 0
0.777 0
0.77725 0
0.7775 0
0.77775 0
0.778 0
0.77825 0
0.7785 0
0.77875 0
0.779 0
0.77925 0
0.7795 0
0.77975 0
0.78 0
0.78025 0
0.7805 0
0.78075 0
0.781 0
0.78125 0
0.7815 0
0.78175 0
0.782 0
0.78225 0
0.7825 0
0.78275 0
0.783 0
0.78325 0
0.7835 0
0.78375 0
0.784 0
0.78425 0
0.7845 0
0.78475 0
0.785 0
0.78525 0
0.7855 0
0.78575 0
0.786 0
0.78625 0
0.7865 0
0.78675 0
0.787 0
0.78725 0
0.7875 0
0.78775 0
0.788 0
0.78825 0
0.7885 0
0.78875 0
0.789 0
0.78925 0
0.7895 0
0.78975 0
0.79 0
0.79025 0
0.7905 0
0.79075 0
0.791 0
0.79125 0
0.7915 0
0.79175 0
0.792 0
0.79225 0
0.7925 0
0.79275 0
0.793 0
0.79325 0
0.7935 0
0.79375 0
0.794 0
0.79425 0
0.7945 0
0.79475 0
0.795 0
0.79525 0
0.7955 0
0.79575 0
0.796 0
0.79625 0
0.7965 0
0.79675 0
0.797 0
0.79725 0
0.7975 0
0.79775 0
0.798 0
0.79825 0
0.7985 0
0.79875 0
0.799 0
0.79925 0
0.7995 0
0.79975 0
0.8 0
0.80025 0
0.8005 0
0.80075 0
0.801 0
0.80125 0
0.8015 0
0.80175 0
0.802 0
0.80225 0
0.8025 0
0.80275 0
0.803 0
0.80325 0
0.8035 0
0.80375 0
0.804 0
0.80425 0
0.8045 0
0.80475 0
0.805 0
0.80525 0
0.8055 0
0.80575 0
0.806 0
0.80625 0
0.8065 0
0.80675 0
0.807 0
0.80725 0
0.8075 0
0.80775 0
0.808 0
0.80825 0
0.8085 0
0.80875 0
0.809 0
0.80925 0
0.8095 0
0.80975 0
0.81 0
0.81025 0
0.8105 0
0.81075 0
0.811 0
0.81125 0
0.8115 0
0.81175 0
0.812 0
0.81225 0
0.8125 0
0.81275 0
0.813 0
0.81325 0
0.8135 0
0.81375 0
0.814 0
0.81425 0
0.8145 0
0.81475 0
0.815 0
0.81525 0
0.8155 0
0.81575 0
0.816 0
0.81625 0
0.8165 0
0.81675 0
0.817 0
0.81725 0
0.8175 0
0.81775 0
0.818 0
0.81825 0
0.8185 0
0.81875 0
0.819 0
0.81925 0
0.8195 0
0.81975 0
0.82 0
0.82025 0
0.8205 0
0.82075 0
0.821 0
0.82125 0
0.8215 0
0.82175 0
0.822 0
0.82225 0
0.8225 0
0.82275 0
0.823 0
0.82325 0
0.8235 0
0.82375 0
0.824 0
0.82425 0
0.8245 0
0.82475 0
0.825 0
0.82525 0
0.8255 0
0.82575 0
0.826 0
0.82625 0
0.8265 0
0.82675 0
0.827 0
0.82725 0
0.8275 0
0.82775 0
0.828 0
0.82825 0
0.8285 0
0.82875 0
0.829 0
0.82925 0
0.8295 0
0.82975 0
0.83 0
0.83025 0
0.8305 0
0.83075 0
0.831 0
0.83125 0
0.8315 0
0.83175 0
0.832 0
0.83225 0
0.8325 0
0.83275 0
0.833 0
0.83325 0
0.8335 0
0.83375 0
0.834 0
0.83425 0
0.8345 0
0.83475 0
0.835 0
0.83525 0
0.8355 0
0.83575 0
0.836 0
0.83625 0
0.8365 0
0.83675 0
0.837 0
0.83725 0
0.8375 0
0.83775 0
0.838 0
0.83825 0
0.8385 0
0.83875 0
0.839 0
0.83925 0
0.8395 0
0.83975 0
0.84 0
0.84025 0
0.8405 0
0.84075 0
0.841 0
0.84125 0
0.8415 0
0.84175 0
0.842 0
0.84225 0
0.8425 0
0.84275 0
0.843 0
0.84325 0
0.8435 0
0.84375 0
0.844 0
0.84425 0
0.8445 0
0.84475 0
0.845 0
0.84525 0
0.8455 0
0.84575 0
0.846 0
0.84625 0
0.8465 0
0.84675 0
0.847 0
0.84725 0
0.8475 0
0.84775 0
0.848 0
0.84825 0
0.8485 0
0.84875 0
0.849 0
0.84925 0
0.8495 0
0.84975 0
0.85 0
0.85025 0
0.8505 0
0.85075 0
0.851 0
0.85125 0
0.8515 0
0.85175 0
0.852 0
0.85225 0
0.8525 0
0.85275 0
0.853 0
0.85325 0
0.8535 0
0.85375 0
0.854 0
0.85425 0
0.8545 0
0.85475 0
0.855 0
0.85525 0
0.8555 0
0.85575 0
0.856 0
0.85625 0
0.8565 0
0.85675 0
0.857 0
0.85725 0
0.8575 0
0.85775 0
0.858 0
0.85825 0
0.8585 0
0.85875 0
0.859 0
0.85925 0
0.8595 0
0.85975 0
0.86 0
0.86025 0
0.8605 0
0.86075 0
0.861 0
0.86125 0
0.8615 0
0.86175 0
0.862 0
0.86225 0
0.8625 0
0.86275 0
0.863 0
0.86325 0
0.8635 0
0.86375 0
0.864 0
0.86425 0
0.8645 0
0.86475 0
0.865 0
0.86525 0
0.8655 0
0.86575 0
0.866 0
0.86625 0
0.8665 0
0.86675 0
0.867 0
0.86725 0
0.8675 0
0.86775 0
0.868 0
0.86825 0
0.8685 0
0.86875 0
0.869 0
0.86925 0
0.8695 0
0.86975 0
0.87 0
0.87025 0
0.8705 0
0.87075 0
0.871 0
0.87125 0
0.8715 0
0.87175 0
0.872 0
0.87225 0
0.8725 0
0.87275 0
0.873 0
0.87325 0
0.8735 0
0.87375 0
0.874 0
0.87425 0
0.8745 0
0.87475 0
0.875 0
0.87525 0
0.8755 0
0.87575 0
0.876 0
0.87625 0
0.8765 0
0.87675 0
0.877 0
0.87725 0
0.8775 0
0.87775 0
0.878 0
0.87825 0
0.8785 0
0.87875 0
0.879 0
0.87925 0
0.8795 0
0.87975 0
0.88 0
0.88025 0
0.8805 0
0.88075 0
0.881 0
0.88125 0
0.8815 0
0.88175 0
0.882 0
0.88225 0
0.8825 0
0.88275 0
0.883 0
0.88325 0
0.8835 0
0.88375 0
0.884 0
0.88425 0
0.8845 0
0.88475 0
0.885 0
0.88525 0
0.8855 0
0.88575 0
0.886 0
0.88625 0
0.8865 0
0.88675 0
0.887 0
0.88725 0
0.8875 0
0.88775 0
0.888 0
0.88825 0
0.8885 0
0.88875 0
0.889 0
0.88925 0
0.8895 0
0.88975 0
0.89 0
0.89025 0
0.8905 0
0.89075 0
0.891 0
0.89125 0
0.8915 0
0.89175 0
0.892 0
0.89225 0
0.8925 0
0.89275 0
0.893 0
0.89325 0
0.8935 0
0.89375 0
0.894 0
0.89425 0
0.8945 0
0.89475 0
0.895 0
0.89525 0
0.8955 0
0.89575 0
0.896 0
0.89625 0
0.8965 0
0.89675 0
0.897 0
0.89725 0
0.8975 0
0.89775 0
0.898 0
0.89825 0
0.8985 0
0.89875 0
0.899 0
0.89925 0
0.8995 0
0.89975 0
0.9 0
0.90025 0
0.9005 0
0.90075 0
0.901 0
0.90125 0
0.9015 0
0.90175 0
0.902 0
0.90225 0
0.9025 0
0.90275 0
0.903 0
0.90325 0
0.9035 0
0.90375 0
0.904 0
0.90425 0
0.9045 0
0.90475 0
0.905 0
0.90525 0
0.9055 0
0.90575 0
0.906 0
0.90625 0
0.9065 0
0.90675 0
0.907 0
0.90725 0
0.9075 0
0.90775 0
0.908 0
0.90825 0
0.9085 0
0.90875 0
0.909 0
0.90925 0
0.9095 0
0.90975 0
0.91 0
0.91025 0
0.9105 0
0.91075 0
0.911 0
0.91125 0
0.9115 0
0.91175 0
0.912 0
0.91225 0
0.9125 0
0.91275 0
0.913 0
0.91325 0
0.9135 0
0.91375 0
0.914 0
0.91425 0
0.9145 0
0.91475 0
0.915 0
0.91525 0
0.9155 0
0.91575 0
0.916 0
0.91625 0
0.9165 0
0.91675 0
0.917 0
0.91725 0
0.9175 0
0.91775 0
0.918 0
0.91825 0
0.9185 0
0.91875 0
0.919 0
0.91925 0
0.9195 0
0.91975 0
0.92 0
0.92025 0
0.9205 0
0.92075 0
0.921 0
0.92125 0
0.9215 0
0.92175 0
0.922 0
0.92225 0
0.9225 0
0.92275 0
0.923 0
0.92325 0
0.9235 0
0.92375 0
0.924 0
0.92425 0
0.9245 0
0.92475 0
0.925 0
0.92525 0
0.9255 0
0.92575 0
0.926 0
0.92625 0
0.9265 0
0.92675 0
0.927 0
0.92725 0
0.9275 0
0.92775 0
0.928 0
0.92825 0
0.9285 0
0.92875 0
0.929 0
0.92925 0
0.9295 0
0.92975 0
0.93 0
0.93025 0
0.9305 0
0.93075 0
0.931 0
0.93125 0
0.9315 0
0.93175 0
0.932 0
0.93225 0
0.9325 0
0.93275 0
0.933 0
0.93325 0
0.9335 0
0.93375 0
0.934 0
0.93425 0
0.9345 0
0.93475 0
0.935 0
0.93525 0
0.9355 0
0.93575 0
0.936 0
0.93625 0
0.9365 0
0.93675 0
0.937 0
0.93725 0
0.9375 0
0.93775 0
0.938 0
0.93825 0
0.9385 0
0.93875 0
0.939 0
0.93925 0
0.9395 0
0.93975 0
0.94 0
0.94025 0
0.9405 0
0.94075 0
0.941 0
0.94125 0
0.9415 0
0.94175 0
0.942 0
0.94225 0
0.9425 0
0.94275 0
0.943 0
0.94325 0
0.9435 0
0.94375 0
0.944 0
0.94425 0
0.9445 0
0.94475 0
0.945 0
0.94525 0
0.9455 0
0.94575 0
0.946 0
0.94625 0
0.9465 0
0.94675 0
0.947 0
0.94725 0
0.9475 0
0.94775 0
0.948 0
0.94825 0
0.9485 0
0.94875 0
0.949 0
0.94925 0
0.9495 0
0.94975 0
0.95 0
0.95025 0
0.9505 0
0.95075 0
0.951 0
0.95125 0
0.9515 0
0.95175 0
0.952 0
0.95225 0
0.9525 0
0.95275 0
0.953 0
0.95325 0
0.9535 0
0.95375 0
0.954 0
0.95425 0
0.9545 0
0.95475 0
0.955 0
0.95525 0
0.9555 0
0.95575 0
0.956 0
0.95625 0
0.9565 0
0.95675 0
0.957 0
0.95725 0
0.9575 0
0.95775 0
0.958 0
0.95825 0
0.9585 0
0.95875 0
0.959 0
0.95925 0
0.9595 0
0.95975 0
0.96 0
0.96025 0
0.9605 0
0.96075 0
0.961 0
0.96125 0
0.9615 0
0.96175 0
0.962 0
0.96225 0
0.9625 0
0.96275 0
0.963 0
0.96325 0
0.9635 0
0.96375 0
0.964 0
0.96425 0
0.9645 0
0.96475 0
0.965 0
0.96525 0
0.9655 0
0.96575 0
0.966 0
0.96625 0
0.9665 0
0.96675 0
0.967 0
0.96725 0
0.9675 0
0.96775 0
0.968 0
0.96825 0
0.9685 0
0.96875 0
0.969 0
0.96925 0
0.9695 0
0.96975 0
0.97 0
0.97025 0
0.9705 0
0.97075 0
0.971 0
0.97125 0
0.9715 0
0.97175 0
0.972 0
0.97225 0
0.9725 0
0.97275 0
0.973 0
0.97325 0
0.9735 0
0.97375 0
0.974 0
0.97425 0
0.9745 0
0.97475 0
0.975 0
0.97525 0
0.9755 0
0.97575 0
0.976 0
0.97625 0
0.9765 0
0.97675 0
0.977 0
0.97725 0
0.9775 0
0.97775 0
0.978 0
0.97825 0
0.9785 0
0.97875 0
0.979 0
0.97925 0
0.9795 0
0.97975 0
0.98 0
0.98025 0
0.9805 0
0.98075 0
0.981 0
0.98125 0
0.9815 0
0.98175 0
0.982 0
0.98225 0
0.9825 0
0.98275 0
0.983 0
0.98325 0
0.9835 0
0.98375 0
0.984 0
0.98425 0
0.9845 0
0.98475 0
0.985 0
0.98525 0
0.9855 0
0.98575 0
0.986 0
0.98625 0
0.9865 0
0.98675 0
0.987 0
0.98725 0
0.9875 0
0.98775 0
0.988 0
0.98825 0
0.9885 0
0.98875 0
0.989 0
0.98925 0
0.9895 0
0.98975 0
0.99 0
0.99025 0
0.9905 0
0.99075 0
0.991 0
0.99125 0
0.9915 0
0.99175 0
0.992 0
0.99225 0
0.9925 0
0.99275 0
0.993 0
0.99325 0
0.9935 0
0.99375 0
0.994 0
0.99425 0
0.9945 0
0.99475 0
0.995 0
0.99525 0
0.9955 0
0.99575 0
0.996 0
0.99625 0
0.9965 0
0.99675 0
0.997 0
0.99725 0
0.9975 0
0.99775 0
0.998 0
0.99825 0
0.9985 0
0.99875 0
0.999 0
0.99925 0
0.9995 0
0.99975 0
1 0
1.00025 0
1.0005 0
1.00075 0
1.001 0
1.00125 0
1.0015 0
1.00175 0
1.002 0
1.00225 0
1.0025 0
1.00275 0
1.003 0
1.00325 0
1.0035 0
1.00375 0
1.004 0
1.00425 0
1.0045 0
1.00475 0
1.005 0
1.00525 0
1.0055 0
1.00575 0
1.006 0
1.00625 0
1.0065 0
1.00675 0
1.007 0
1.00725 0
1.0075 0
1.00775 0
1.008 0
1.00825 0
1.0085 0
1.00875 0
1.009 0
1.00925 0
1.0095 0
1.00975 0
1.01 0
1.01025 0
1.0105 0
1.01075 0
1.011 0
1.01125 0
1.0115 0
1.01175 0
1.012 0
1.01225 0
1.0125 0
1.01275 0
1.013 0
1.01325 0
1.0135 0
1.01375 0
1.014 0
1.01425 0
1.0145 0
1.01475 0
1.015 0
1.01525 0
1.0155 0
1.01575 0
1.016 0
1.01625 0
1.0165 0
1.01675 0
1.017 0
1.01725 0
1.0175 0
1.01775 0
1.018 0
1.01825 0
1.0185 0
1.01875 0
1.019 0
1.01925 0
1.0195 0
1.01975 0
1.02 0
1.02025 0
1.0205 0
1.02075 0
1.021 0
1.02125 0
1.0215 0
1.02175 0
1.022 0
1.02225 0
1.0225 0
1.02275 0
1.023 0
1.02325 0
1.0235 0
1.02375 0
1.024 0
1.02425 0
1.0245 0
1.02475 0
1.025 0
1.02525 0
1.0255 0
1.02575 0
1.026 0
1.02625 0
1.0265 0
1.02675 0
1.027 0
1.02725 0
1.0275 0
1.02775 0
1.028 0
1.02825 0
1.0285 0
1.02875 0
1.029 0
1.02925 0
1.0295 0
1.02975 0
1.03 0
1.03025 0
1.0305 0
1.03075 0
1.031 0
1.03125 0
1.0315 0
1.03175 0
1.032 0
1.03225 0
1.0325 0
1.03275 0
1.033 0
1.03325 0
1.0335 0
1.03375 0
1.034 0
1.03425 0
1.0345 0
1.03475 0
1.035 0
1.03525 0
1.0355 0
1.03575 0
1.036 0
1.03625 0
1.0365 0
1.03675 0
1.037 0
1.03725 0
1.0375 0
1.03775 0
1.038 0
1.03825 0
1.0385 0
1.03875 0
1.039 0
1.03925 0
1.0395 0
1.03975 0
1.04 0
1.04025 0
1.0405 0
1.04075 0
1.041 0
1.04125 0
1.0415 0
1.04175 0
1.042 0
1.04225 0
1.0425 0
1.04275 0
1.043 0
1.04325 0
1.0435 0
1.04375 0
1.044 0
1.04425 0
1.0445 0
1.04475 0
1.045 0
1.04525 0
1.0455 0
1.04575 0
1.046 0
1.04625 0
1.0465 0
1.04675 0
1.047 0
1.04725 0
1.0475 0
1.04775 0
1.048 0
1.04825 0
1.0485 0
1.04875 0
1.049 0
1.04925 0
1.0495 0
1.04975 0
1.05 0
1.05025 0
1.0505 0
1.05075 0
1.051 0
1.05125 0
1.0515 0
1.05175 0
1.052 0
1.05225 0
1.0525 0
1.05275 0
1.053 0
1.05325 0
1.0535 0
1.05375 0
1.054 0
1.05425 0
1.0545 0
1.05475 0
1.055 0
1.05525 0
1.0555 0
1.05575 0
1.056 0
1.05625 0
1.0565 0
1.05675 0
1.057 0
1.05725 0
1.0575 0
1.05775 0
1.058 0
1.05825 0
1.0585 0
1.05875 0
1.059 0
1.05925 0
1.0595 0
1.05975 0
1.06 0
1.06025 0
1.0605 0
1.06075 0
1.061 0
1.06125 0
1.0615 0
1.06175 0
1.062 0
1.06225 0
1.0625 0
1.06275 0
1.063 0
1.06325 0
1.0635 0
1.06375 0
1.064 0
1.06425 0
1.0645 0
1.06475 0
1.065 0
1.06525 0
1.0655 0
1.06575 0
1.066 0
1.06625 0
1.0665 0
1.06675 0
1.067 0
1.06725 0
1.0675 0
1.06775 0
1.068 0
1.06825 0
1.0685 0
1.06875 0
1.069 0
1.06925 0
1.0695 0
1.06975 0
1.07 0
1.07025 0
1.0705 0
1.07075 0
1.071 0
1.07125 0
1.0715 0
1.07175 0
1.072 0
1.07225 0
1.0725 0
1.07275 0
1.073 0
1.07325 0
1.0735 0
1.07375 0
1.074 0
1.07425 0
1.0745 0
1.07475 0
1.075 0
1.07525 0
1.0755 0
1.07575 0
1.076 0
1.07625 0
1.0765 0
1.07675 0
1.077 0
1.07725 0
1.0775 0
1.07775 0
1.078 0
1.07825 0
1.0785 0
1.07875 0
1.079 0
1.07925 0
1.0795 0
1.07975 0
1.08 0
1.08025 0
1.0805 0
1.08075 0
1.081 0
1.08125 0
1.0815 0
1.08175 0
1.082 0
1.08225 0
1.0825 0
1.08275 0
1.083 0
1.08325 0
1.0835 0
1.08375 0
1.084 0
1.08425 0
1.0845 0
1.08475 0
1.085 0
1.08525 0
1.0855 0
1.08575 0
1.086 0
1.08625 0
1.0865 0
1.08675 0
1.087 0
1.08725 0
1.0875 0
1.08775 0
1.088 0
1.08825 0
1.0885 0
1.08875 0
1.089 0
1.08925 0
1.0895 0
1.08975 0
1.09 0
1.09025 0
1.0905 0
1.09075 0
1.091 0
1.09125 0
1.0915 0
1.09175 0
1.092 0
1.09225 0
1.0925 0
1.09275 0
1.093 0
1.09325 0
1.0935 0
1.09375 0
1.094 0
1.09425 0
1.0945 0
1.09475 0
1.095 0
1.09525 0
1.0955 0
1.09575 0
1.096 0
1.09625 0
1.0965 0
1.09675 0
1.097 0
1.09725 0
1.0975 0
1.09775 0
1.098 0
1.09825 0
1.0985 0
1.09875 0
1.099 0
1.09925 0
1.0995 0
1.09975 0
1.1 0
1.10025 0
1.1005 0
1.10075 0
1.101 0
1.10125 0
1.1015 0
1.10175 0
1.102 0
1.10225 0
1.1025 0
1.10275 0
1.103 0
1.10325 0
1.1035 0
1.10375 0
1.104 0
1.10425 0
1.1045 0
1.10475 0
1.105 0
1.10525 0
1.1055 0
1.10575 0
1.106 0
1.10625 0
1.1065 0
1.10675 0
1.107 0
1.10725 0
1.1075 0
1.10775 0
1.108 0
1.10825 0
1.1085 0
1.10875 0
1.109 0
1.10925 0
1.1095 0
1.10975 0
1.11 0
1.11025 0
1.1105 0
1.11075 0
1.111 0
1.11125 0
1.1115 0
1.11175 0
1.112 0
1.11225 0
1.1125 0
1.11275 0
1.113 0
1.11325 0
1.1135 0
1.11375 0
1.114 0
1.11425 0
1.1145 0
1.11475 0
1.115 0
1.11525 0
1.1155 0
1.11575 0
1.116 0
1.11625 0
1.1165 0
1.11675 0
1.117 0
1.11725 0
1.1175 0
1.11775 0
1.118 0
1.11825 0
1.1185 0
1.11875 0
1.119 0
1.11925 0
1.1195 0
1.11975 0
1.12 0
1.12025 0
1.1205 0
1.12075 0
1.121 0
1.12125 0
1.1215 0
1.12175 0
1.122 0
1.12225 0
1.1225 0
1.12275 0
1.123 0
1.12325 0
1.1235 0
1.12375 0
1.124 0
1.12425 0
1.1245 0
1.12475 0
1.125 0
1.12525 0
1.1255 0
1.12575 0
1.126 0
1.12625 0
1.1265 0
1.12675 0
1.127 0
1.12725 0
1.1275 0
1.12775 0
1.128 0
1.12825 0
1.1285 0
1.12875 0
1.129 0
1.12925 0
1.1295 0
1.12975 0
1.13 0
1.13025 0
1.1305 0
1.13075 0
1.131 0
1.13125 0
1.1315 0
1.13175 0
1.132 0
1.13225 0
1.1325 0
1.13275 0
1.133 0
1.13325 0
1.1335 0
1.13375 0
1.134 0
1.13425 0
1.1345 0
1.13475 0
1.135 0
1.13525 0
1.1355 0
1.13575 0
1.136 0
1.13625 0
1.1365 0
1.13675 0
1.137 0
1.13725 0
1.1375 0
1.13775 0
1.138 0
1.13825 0
1.1385 0
1.13875 0
1.139 0
1.13925 0
1.1395 0
1.13975 0
1.14 0
1.14025 0
1.1405 0
1.14075 0
1.141 0
1.14125 0
1.1415 0
1.14175 0
1.142 0
1.14225 0
1.1425 0
1.14275 0
1.143 0
1.14325 0
1.1435 0
1.14375 0
1.144 0
1.14425 0
1.1445 0
1.14475 0
1.145 0
1.14525 0
1.1455 0
1.14575 0
1.146 0
1.14625 0
1.1465 0
1.14675 0
1.147 0
1.14725 0
1.1475 0
1.14775 0
1.148 0
1.14825 0
1.1485 0
1.14875 0
1.149 0
1.14925 0
1.1495 0
1.14975 0
1.15 0
1.15025 0
1.1505 0
1.15075 0
1.151 0
1.15125 0
1.1515 0
1.15175 0
1.152 0
1.15225 0
1.1525 0
1.15275 0
1.153 0
1.15325 0
1.1535 0
1.15375 0
1.154 0
1.15425 0
1.1545 0
1.15475 0
1.155 0
1.15525 0
1.1555 0
1.15575 0
1.156 0
1.15625 0
1.1565 0
1.15675 0
1.157 0
1.15725 0
1.1575 0
1.15775 0
1.158 0
1.15825 0
1.1585 0
1.15875 0
1.159 0
1.15925 0
1.1595 0
1.15975 0
1.16 0
1.16025 0
1.1605 0
1.16075 0
1.161 0
1.16125 0
1.1615 0
1.16175 0
1.162 0
1.16225 0
1.1625 0
1.16275 0
1.163 0
1.16325 0
1.1635 0
1.16375 0
1.164 0
1.16425 0
1.1645 0
1.16475 0
1.165 0
1.16525 0
1.1655 0
1.16575 0
1.166 0
1.16625 0
1.1665 0
1.16675 0
1.167 0
1.16725 0
1.1675 0
1.16775 0
1.168 0
1.16825 0
1.1685 0
1.16875 0
1.169 0
1.16925 0
1.1695 0
1.16975 0
1.17 0
1.17025 0
1.1705 0
1.17075 0
1.171 0
1.17125 0
1.1715 0
1.17175 0
1.172 0
1.17225 0
1.1725 0
1.17275 0
1.173 0
1.17325 0
1.1735 0
1.17375 0
1.174 0
1.17425 0
1.1745 0
1.17475 0
1.175 0
1.17525 0
1.1755 0
1.17575 0
1.176 0
1.17625 0
1.1765 0
1.17675 0
1.177 0
1.17725 0
1.1775 0
1.17775 0
1.178 0
1.17825 0
1.1785 0
1.17875 0
1.179 0
1.17925 0
1.1795 0
1.17975 0
1.18 0
1.18025 0
1.1805 0
1.18075 0
1.181 0
1.18125 0
1.1815 0
1.18175 0
1.182 0
1.18225 0
1.1825 0
1.18275 0
1.183 0
1.18325 0
1.1835 0
1.18375 0
1.184 0
1.18425 0
1.1845 0
1.18475 0
1.185 0
1.18525 0
1.1855 0
1.18575 0
1.186 0
1.18625 0
1.1865 0
1.18675 0
1.187 0
1.18725 0
1.1875 0
1.18775 0
1.188 0
1.18825 0
1.1885 0
1.18875 0
1.189 0
1.18925 0
1.1895 0
1.18975 0
1.19 0
1.19025 0
1.1905 0
1.19075 0
1.191 0
1.19125 0
1.1915 0
1.19175 0
1.192 0
1.19225 0
1.1925 0
1.19275 0
1.193 0
1.19325 0
1.1935 0
1.19375 0
1.194 0
1.19425 0
1.1945 0
1.19475 0
1.195 0
1.19525 0
1.1955 0
1.19575 0
1.196 0
1.19625 0
1.1965 0
1.19675 0
1.197 0
1.19725 0
1.1975 0
1.19775 0
1.198 0
1.19825 0
1.1985 0
1.19875 0
1.199 0
1.19925 0
1.1995 0
1.19975 0
1.2 0
1.20025 0
1.2005 0
1.20075 0
1.201 0
1.20125 0
1.2015 0
1.20175 0
1.202 0
1.20225 0
1.2025 0
1.20275 0
1.203 0
1.20325 0
1.2035 0
1.20375 0
1.204 0
1.20425 0
1.2045 0
1.20475 0
1.205 0
1.20525 0
1.2055 0
1.20575 0
1.206 0
1.20625 0
1.2065 0
1.20675 0
1.207 0
1.20725 0
1.2075 0
1.20775 0
1.208 0
1.20825 0
1.2085 0
1.20875 0
1.209 0
1.20925 0
1.2095 0
1.20975 0
1.21 0
1.21025 0
1.2105 0
1.21075 0
1.211 0
1.21125 0
1.2115 0
1.21175 0
1.212 0
1.21225 0
1.2125 0
1.21275 0
1.213 0
1.21325 0
1.2135 0
1.21375 0
1.214 0
1.21425 0
1.2145 0
1.21475 0
1.215 0
1.21525 0
1.2155 0
1.21575 0
1.216 0
1.21625 0
1.2165 0
1.21675 0
1.217 0
1.21725 0
1.2175 0
1.21775 0
1.218 0
1.21825 0
1.2185 0
1.21875 0
1.219 0
1.21925 0
1.2195 0
1.21975 0
1.22 0
1.22025 0
1.2205 0
1.22075 0
1.221 0
1.22125 0
1.2215 0
1.22175 0
1.222 0
1.22225 0
1.2225 0
1.22275 0
1.223 0
1.22325 0
1.2235 0
1.22375 0
1.224 0
1.22425 0
1.2245 0
1.22475 0
1.225 0
1.22525 0
1.2255 0
1.22575 0
1.226 0
1.22625 0
1.2265 0
1.22675 0
1.227 0
1.22725 0
1.2275 0
1.22775 0
1.228 0
1.22825 0
1.2285 0
1.22875 0
1.229 0
1.22925 0
1.2295 0
1.22975 0
1.23 0
1.23025 0
1.2305 0
1.23075 0
1.231 0
1.23125 0
1.2315 0
1.23175 0
1.232 0
1.23225 0
1.2325 0
1.23275 0
1.233 0
1.23325 0
1.2335 0
1.23375 0
1.234 0
1.23425 0
1.2345 0
1.23475 0
1.235 0
1.23525 0
1.2355 0
1.23575 0
1.236 0
1.23625 0
1.2365 0
1.23675 0
1.237 0
1.23725 0
1.2375 0
1.23775 0
1.238 0
1.23825 0
1.2385 0
1.23875 0
1.239 0
1.23925 0
1.2395 0
1.23975 0
1.24 0
1.24025 0
1.2405 0
1.24075 0
1.241 0
1.24125 0
1.2415 0
1.24175 0
1.242 0
1.24225 0
1.2425 0
1.24275 0
1.243 0
1.24325 0
1.2435 0
1.24375 0
1.244 0
1.24425 0
1.2445 0
1.24475 0
1.245 0
1.24525 0
1.2455 0
1.24575 0
1.246 0
1.24625 0
1.2465 0
1.24675 0
1.247 0
1.24725 0
1.2475 0
1.24775 0
1.248 0
1.24825 0
1.2485 0
1.24875 0
1.249 0
1.24925 0
1.2495 0
1.24975 0
1.25 0
1.25025 0
1.2505 0
1.25075 0
1.251 0
1.25125 0
1.2515 0
1.25175 0
1.252 0
1.25225 0
1.2525 0
1.25275 0
1.253 0
1.25325 0
1.2535 0
1.25375 0
1.254 0
1.25425 0
1.2545 0
1.25475 0
1.255 0
1.25525 0
1.2555 0
1.25575 0
1.256 0
1.25625 0
1.2565 0
1.25675 0
1.257 0
1.25725 0
1.2575 0
1.25775 0
1.258 0
1.25825 0
1.2585 0
1.25875 0
1.259 0
1.25925 0
1.2595 0
1.25975 0
1.26 0
1.26025 0
1.2605 0
1.26075 0
1.261 0
1.26125 0
1.2615 0
1.26175 0
1.262 0
1.26225 0
1.2625 0
1.26275 0
1.263 0
1.26325 0
1.2635 0
1.26375 0
1.264 0
1.26425 0
1.2645 0
1.26475 0
1.265 0
1.26525 0
1.2655 0
1.26575 0
1.266 0
1.26625 0
1.2665 0
1.26675 0
1.267 0
1.26725 0
1.2675 0
1.26775 0
1.268 0
1.26825 0
1.2685 0
1.26875 0
1.269 0
1.26925 0
1.2695 0
1.26975 0
1.27 0
1.27025 0
1.2705 0
1.27075 0
1.271 0
1.27125 0
1.2715 0
1.27175 0
1.272 0
1.27225 0
1.2725 0
1.27275 0
1.273 0
1.27325 0
1.2735 0
1.27375 0
1.274 0
1.27425 0
1.2745 0
1.27475 0
1.275 0
1.27525 0
1.2755 0
1.27575 0
1.276 0
1.27625 0
1.2765 0
1.27675 0
1.277 0
1.27725 0
1.2775 0
1.27775 0
1.278 0
1.27825 0
1.2785 0
1.27875 0
1.279 0
1.27925 0
1.2795 0
1.27975 0
1.28 0
1.28025 0
1.2805 0
1.28075 0
1.281 0
1.28125 0
1.2815 0
1.28175 0
1.282 0
1.28225 0
1.2825 0
1.28275 0
1.283 0
1.28325 0
1.2835 0
1.28375 0
1.284 0
1.28425 0
1.2845 0
1.28475 0
1.285 0
1.28525 0
1.2855 0
1.28575 0
1.286 0
1.28625 0
1.2865 0
1.28675 0
1.287 0
1.28725 0
1.2875 0
1.28775 0
1.288 0
1.28825 0
1.2885 0
1.28875 0
1.289 0
1.28925 0
1.2895 0
1.28975 0
1.29 0
1.29025 0
1.2905 0
1.29075 0
1.291 0
1.29125 0
1.2915 0
1.29175 0
1.292 0
1.29225 0
1.2925 0
1.29275 0
1.293 0
1.29325 0
1.2935 0
1.29375 0
1.294 0
1.29425 0
1.2945 0
1.29475 0
1.295 0
1.29525 0
1.2955 0
1.29575 0
1.296 0
1.29625 0
1.2965 0
1.29675 0
1.297 0
1.29725 0
1.2975 0
1.29775 0
1.298 0
1.29825 0
1.2985 0
1.29875 0
1.299 0
1.29925 0
1.2995 0
1.29975 0
1.3 0
1.30025 0
1.3005 0
1.30075 0
1.301 0
1.30125 0
1.3015 0
1.30175 0
1.302 0
1.30225 0
1.3025 0
1.30275 0
1.303 0
1.30325 0
1.3035 0
1.30375 0
1.304 0
1.30425 0
1.3045 0
1.30475 0
1.305 0
1.30525 0
1.3055 0
1.30575 0
1.306 0
1.30625 0
1.3065 0
1.30675 0
1.307 0
1.30725 0
1.3075 0
1.30775 0
1.308 0
1.30825 0
1.3085 0
1.30875 0
1.309 0
1.30925 0
1.3095 0
1.30975 0
1.31 0
1.31025 0
1.3105 0
1.31075 0
1.311 0
1.31125 0
1.3115 0
1.31175 0
1.312 0
1.31225 0
1.3125 0
1.31275 0
1.313 0
1.31325 0
1.3135 0
1.31375 0
1.314 0
1.31425 0
1.3145 0
1.31475 0
1.315 0
1.31525 0
1.3155 0
1.31575 0
1.316 0
1.31625 0
1.3165 0
1.31675 0
1.317 0
1.31725 0
1.3175 0
1.31775 0
1.318 0
1.31825 0
1.3185 0
1.31875 0
1.319 0
1.31925 0
1.3195 0
1.31975 0
1.32 0
1.32025 0
1.3205 0
1.32075 0
1.321 0
1.32125 0
1.3215 0
1.32175 0
1.322 0
1.32225 0
1.3225 0
1.32275 0
1.323 0
1.32325 0
1.3235 0
1.32375 0
1.324 0
1.32425 0
1.3245 0
1.32475 0
1.325 0
1.32525 0
1.3255 0
1.32575 0
1.326 0
1.32625 0
1.3265 0
1.32675 0
1.327 0
1.32725 0
1.3275 0
1.32775 0
1.328 0
1.32825 0
1.3285 0
1.32875 0
1.329 0
1.32925 0
1.3295 0
1.32975 0
1.33 0
1.33025 0
1.3305 0
1.33075 0
1.331 0
1.33125 0
1.3315 0
1.33175 0
1.332 0
1.33225 0
1.3325 0
1.33275 0
1.333 0
1.33325 0
1.3335 0
1.33375 0
1.334 0
1.33425 0
1.3345 0
1.33475 0
1.335 0
1.33525 0
1.3355 0
1.33575 0
1.336 0
1.33625 0
1.3365 0
1.33675 0
1.337 0
1.33725 0
1.3375 0
1.33775 0
1.338 0
1.33825 0
1.3385 0
1.33875 0
1.339 0
1.33925 0
1.3395 0
1.33975 0
1.34 0
1.34025 0
1.3405 0
1.34075 0
1.341 0
1.34125 0
1.3415 0
1.34175 0
1.342 0
1.34225 0
1.3425 0
1.34275 0
1.343 0
1.34325 0
1.3435 0
1.34375 0
1.344 0
1.34425 0
1.3445 0
1.34475 0
1.345 0
1.34525 0
1.3455 0
1.34575 0
1.346 0
1.34625 0
1.3465 0
1.34675 0
1.347 0
1.34725 0
1.3475 0
1.34775 0
1.348 0
1.34825 0
1.3485 0
1.34875 0
1.349 0
1.34925 0
1.3495 0
1.34975 0
1.35 0
1.35025 0
1.3505 0
1.35075 0
1.351 0
1.35125 0
1.3515 0
1.35175 0
1.352 0
1.35225 0
1.3525 0
1.35275 0
1.353 0
1.35325 0
1.3535 0
1.35375 0
1.354 0
1.35425 0
1.3545 0
1.35475 0
1.355 0
1.35525 0
1.3555 0
1.35575 0
1.356 0
1.35625 0
1.3565 0
1.35675 0
1.357 0
1.35725 0
1.3575 0
1.35775 0
1.358 0
1.35825 0
1.3585 0
1.35875 0
1.359 0
1.35925 0
1.3595 0
1.35975 0
1.36 0
1.36025 0
1.3605 0
1.36075 0
1.361 0
1.36125 0
1.3615 0
1.36175 0
1.362 0
1.36225 0
1.3625 0
1.36275 0
1.363 0
1.36325 0
1.3635 0
1.36375 0
1.364 0
1.36425 0
1.3645 0
1.36475 0
1.365 0
1.36525 0
1.3655 0
1.36575 0
1.366 0
1.36625 0
1.3665 0
1.36675 0
1.367 0
1.36725 0
1.3675 0
1.36775 0
1.368 0
1.36825 0
1.3685 0
1.36875 0
1.369 0
1.36925 0
1.3695 0
1.36975 0
1.37 0
1.37025 0
1.3705 0
1.37075 0
1.371 0
1.37125 0
1.3715 0
1.37175 0
1.372 0
1.37225 0
1.3725 0
1.37275 0
1.373 0
1.37325 0
1.3735 0
1.37375 0
1.374 0
1.37425 0
1.3745 0
1.37475 0
1.375 0
1.37525 0
1.3755 0
1.37575 0
1.376 0
1.37625 0
1.3765 0
1.37675 0
1.377 0
1.37725 0
1.3775 0
1.37775 0
1.378 0
1.37825 0
1.3785 0
1.37875 0
1.379 0
1.37925 0
1.3795 0
1.37975 0
1.38 0
1.38025 0
1.3805 0
1.38075 0
1.381 0
1.38125 0
1.3815 0
1.38175 0
1.382 0
1.38225 0
1.3825 0
1.38275 0
1.383 0
1.38325 0
1.3835 0
1.38375 0
1.384 0
1.38425 0
1.3845 0
1.38475 0
1.385 0
1.38525 0
1.3855 0
1.38575 0
1.386 0
1.38625 0
1.3865 0
1.38675 0
1.387 0
1.38725 0
1.3875 0
1.38775 0
1.388 0
1.38825 0
1.3885 0
1.38875 0
1.389 0
1.38925 0
1.3895 0
1.38975 0
1.39 0
1.39025 0
1.3905 0
1.39075 0
1.391 0
1.39125 0
1.3915 0
1.39175 0
1.392 0
1.39225 0
1.3925 0
1.39275 0
1.393 0
1.39325 0
1.3935 0
1.39375 0
1.394 0
1.39425 0
1.3945 0
1.39475 0
1.395 0
1.39525 0
1.3955 0
1.39575 0
1.396 0
1.39625 0
1.3965 0
1.39675 0
1.397 0
1.39725 0
1.3975 0
1.39775 0
1.398 0
1.39825 0
1.3985 0
1.39875 0
1.399 0
1.39925 0
1.3995 0
1.39975 0
1.4 0
1.40025 0
1.4005 0
1.40075 0
1.401 0
1.40125 0
1.4015 0
1.40175 0
1.402 0
1.40225 0
1.4025 0
1.40275 0
1.403 0
1.40325 0
1.4035 0
1.40375 0
1.404 0
1.40425 0
1.4045 0
1.40475 0
1.405 0
1.40525 0
1.4055 0
1.40575 0
1.406 0
1.40625 0
1.4065 0
1.40675 0
1.407 0
1.40725 0
1.4075 0
1.40775 0
1.408 0
1.40825 0
1.4085 0
1.40875 0
1.409 0
1.40925 0
1.4095 0
1.40975 0
1.41 0
1.41025 0
1.4105 0
1.41075 0
1.411 0
1.41125 0
1.4115 0
1.41175 0
1.412 0
1.41225 0
1.4125 0
1.41275 0
1.413 0
1.41325 0
1.4135 0
1.41375 0
1.414 0
1.41425 0
1.4145 0
1.41475 0
1.415 0
1.41525 0
1.4155 0
1.41575 0
1.416 0
1.41625 0
1.4165 0
1.41675 0
1.417 0
1.41725 0
1.4175 0
1.41775 0
1.418 0
1.41825 0
1.4185 0
1.41875 0
1.419 0
1.41925 0
1.4195 0
1.41975 0
1.42 0
1.42025 0
1.4205 0
1.42075 0
1.421 0
1.42125 0
1.4215 0
1.42175 0
1.422 0
1.42225 0
1.4225 0
1.42275 0
1.423 0
1.42325 0
1.4235 0
1.42375 0
1.424 0
1.42425 0
1.4245 0
1.42475 0
1.425 0
1.42525 0
1.4255 0
1.42575 0
1.426 0
1.42625 0
1.4265 0
1.42675 0
1.427 0
1.42725 0
1.4275 0
1.42775 0
1.428 0
1.42825 0
1.4285 0
1.42875 0
1.429 0
1.42925 0
1.4295 0
1.42975 0
1.43 0
1.43025 0
1.4305 0
1.43075 0
1.431 0
1.43125 0
1.4315 0
1.43175 0
1.432 0
1.43225 0
1.4325 0
1.43275 0
1.433 0
1.43325 0
1.4335 0
1.43375 0
1.434 0
1.43425 0
1.4345 0
1.43475 0
1.435 0
1.43525 0
1.4355 0
1.43575 0
1.436 0
1.43625 0
1.4365 0
1.43675 0
1.437 0
1.43725 0
1.4375 0
1.43775 0
1.438 0
1.43825 0
1.4385 0
1.43875 0
1.439 0
1.43925 0
1.4395 0
1.43975 0
1.44 0
1.44025 0
1.4405 0
1.44075 0
1.441 0
1.44125 0
1.4415 0
1.44175 0
1.442 0
1.44225 0
1.4425 0
1.44275 0
1.443 0
1.44325 0
1.4435 0
1.44375 0
1.444 0
1.44425 0
1.4445 0
1.44475 0
1.445 0
1.44525 0
1.4455 0
1.44575 0
1.446 0
1.44625 0
1.4465 0
1.44675 0
1.447 0
1.44725 0
1.4475 0
1.44775 0
1.448 0
1.44825 0
1.4485 0
1.44875 0
1.449 0
1.44925 0
1.4495 0
1.44975 0
1.45 0
1.45025 0
1.4505 0
1.45075 0
1.451 0
1.45125 0
1.4515 0
1.45175 0
1.452 0
1.45225 0
1.4525 0
1.45275 0
1.453 0
1.45325 0
1.4535 0
1.45375 0
1.454 0
1.45425 0
1.4545 0
1.45475 0
1.455 0
1.45525 0
1.4555 0
1.45575 0
1.456 0
1.45625 0
1.4565 0
1.45675 0
1.457 0
1.45725 0
1.4575 0
1.45775 0
1.458 0
1.45825 0
1.4585 0
1.45875 0
1.459 0
1.45925 0
1.4595 0
1.45975 0
1.46 0
1.46025 0
1.4605 0
1.46075 0
1.461 0
1.46125 0
1.4615 0
1.46175 0
1.462 0
1.46225 0
1.4625 0
1.46275 0
1.463 0
1.46325 0
1.4635 0
1.46375 0
1.464 0
1.46425 0
1.4645 0
1.46475 0
1.465 0
1.46525 0
1.4655 0
1.46575 0
1.466 0
1.46625 0
1.4665 0
1.46675 0
1.467 0
1.46725 0
1.4675 0
1.46775 0
1.468 0
1.46825 0
1.4685 0
1.46875 0
1.469 0
1.46925 0
1.4695 0
1.46975 0
1.47 0
1.47025 0
1.4705 0
1.47075 0
1.471 0
1.47125 0
1.4715 0
1.47175 0
1.472 0
1.47225 0
1.4725 0
1.47275 0
1.473 0
1.47325 0
1.4735 0
1.47375 0
1.474 0
1.47425 0
1.4745 0
1.47475 0
1.475 0
1.47525 0
1.4755 0
1.47575 0
1.476 0
1.47625 0
1.4765 0
1.47675 0
1.477 0
1.47725 0
1.4775 0
1.47775 0
1.478 0
1.47825 0
1.4785 0
1.47875 0
1.479 0
1.47925 0
1.4795 0
1.47975 0
1.48 0
1.48025 0
1.4805 0
1.48075 0
1.481 0
1.48125 0
1.4815 0
1.48175 0
1.482 0
1.48225 0
1.4825 0
1.48275 0
1.483 0
1.48325 0
1.4835 0
1.48375 0
1.484 0
1.48425 0
1.4845 0
1.48475 0
1.485 0
1.48525 0
1.4855 0
1.48575 0
1.486 0
1.48625 0
1.4865 0
1.48675 0
1.487 0
1.48725 0
1.4875 0
1.48775 0
1.488 0
1.48825 0
1.4885 0
1.48875 0
1.489 0
1.48925 0
1.4895 0
1.48975 0
1.49 0
1.49025 0
1.4905 0
1.49075 0
1.491 0
1.49125 0
1.4915 0
1.49175 0
1.492 0
1.49225 0
1.4925 0
1.49275 0
1.493 0
1.49325 0
1.4935 0
1.49375 0
1.494 0
1.49425 0
1.4945 0
1.49475 0
1.495 0
1.49525 0
1.4955 0
1.49575 0
1.496 0
1.49625 0
1.4965 0
1.49675 0
1.497 0
1.49725 0
1.4975 0
1.49775 0
1.498 0
1.49825 0
1.4985 0
1.49875 0
1.499 0
1.49925 0
1.4995 0
1.49975 0
1.5 0
1.50025 0
1.5005 0
1.50075 0
1.501 0
1.50125 0
1.5015 0
1.50175 0
1.502 0
1.50225 0
1.5025 0
1.50275 0
1.503 0
1.50325 0
1.5035 0
1.50375 0
1.504 0
1.50425 0
1.5045 0
1.50475 0
1.505 0
1.50525 0
1.5055 0
1.50575 0
1.506 0
1.50625 0
1.5065 0
1.50675 0
1.507 0
1.50725 0
1.5075 0
1.50775 0
1.508 0
1.50825 0
1.5085 0
1.50875 0
1.509 0
1.50925 0
1.5095 0
1.50975 0
1.51 0
1.51025 0
1.5105 0
1.51075 0
1.511 0
1.51125 0
1.5115 0
1.51175 0
1.512 0
1.51225 0
1.5125 0
1.51275 0
1.513 0
1.51325 0
1.5135 0
1.51375 0
1.514 0
1.51425 0
1.5145 0
1.51475 0
1.515 0
1.51525 0
1.5155 0
1.51575 0
1.516 0
1.51625 0
1.5165 0
1.51675 0
1.517 0
1.51725 0
1.5175 0
1.51775 0
1.518 0
1.51825 0
1.5185 0
1.51875 0
1.519 0
1.51925 0
1.5195 0
1.51975 0
1.52 0
1.52025 0
1.5205 0
1.52075 0
1.521 0
1.52125 0
1.5215 0
1.52175 0
1.522 0
1.52225 0
1.5225 0
1.52275 0
1.523 0
1.52325 0
1.5235 0
1.52375 0
1.524 0
1.52425 0
1.5245 0
1.52475 0
1.525 0
1.52525 0
1.5255 0
1.52575 0
1.526 0
1.52625 0
1.5265 0
1.52675 0
1.527 0
1.52725 0
1.5275 0
1.52775 0
1.528 0
1.52825 0
1.5285 0
1.52875 0
1.529 0
1.52925 0
1.5295 0
1.52975 0
1.53 0
1.53025 0
1.5305 0
1.53075 0
1.531 0
1.53125 0
1.5315 0
1.53175 0
1.532 0
1.53225 0
1.5325 0
1.53275 0
1.533 0
1.53325 0
1.5335 0
1.53375 0
1.534 0
1.53425 0
1.5345 0
1.53475 0
1.535 0
1.53525 0
1.5355 0
1.53575 0
1.536 0
1.53625 0
1.5365 0
1.53675 0
1.537 0
1.53725 0
1.5375 0
1.53775 0
1.538 0
1.53825 0
1.5385 0
1.53875 0
1.539 0
1.53925 0
1.5395 0
1.53975 0
1.54 0
1.54025 0
1.5405 0
1.54075 0
1.541 0
1.54125 0
1.5415 0
1.54175 0
1.542 0
1.54225 0
1.5425 0
1.54275 0
1.543 0
1.54325 0
1.5435 0
1.54375 0
1.544 0
1.54425 0
1.5445 0
1.54475 0
1.545 0
1.54525 0
1.5455 0
1.54575 0
1.546 0
1.54625 0
1.5465 0
1.54675 0
1.547 0
1.54725 0
1.5475 0
1.54775 0
1.548 0
1.54825 0
1.5485 0
1.54875 0
1.549 0
1.54925 0
1.5495 0
1.54975 0
1.55 0
1.55025 0
1.5505 0
1.55075 0
1.551 0
1.55125 0
1.5515 0
1.55175 0
1.552 0
1.55225 0
1.5525 0
1.55275 0
1.553 0
1.55325 0
1.5535 0
1.55375 0
1.554 0
1.55425 0
1.5545 0
1.55475 0
1.555 0
1.55525 0
1.5555 0
1.55575 0
1.556 0
1.55625 0
1.5565 0
1.55675 0
1.557 0
1.55725 0
1.5575 0
1.55775 0
1.558 0
1.55825 0
1.5585 0
1.55875 0
1.559 0
1.55925 0
1.5595 0
1.55975 0
1.56 0
1.56025 0
1.5605 0
1.56075 0
1.561 0
1.56125 0
1.5615 0
1.56175 0
1.562 0
1.56225 0
1.5625 0
1.56275 0
1.563 0
1.56325 0
1.5635 0
1.56375 0
1.564 0
1.56425 0
1.5645 0
1.56475 0
1.565 0
1.56525 0
1.5655 0
1.56575 0
1.566 0
1.56625 0
1.5665 0
1.56675 0
1.567 0
1.56725 0
1.5675 0
1.56775 0
1.568 0
1.56825 0
1.5685 0
1.56875 0
1.569 0
1.56925 0
1.5695 0
1.56975 0
1.57 0
1.57025 0
1.5705 0
1.57075 0
1.571 0
1.57125 0
1.5715 0
1.57175 0
1.572 0
1.57225 0
1.5725 0
1.57275 0
1.573 0
1.57325 0
1.5735 0
1.57375 0
1.574 0
1.57425 0
1.5745 0
1.57475 0
1.575 0
1.57525 0
1.5755 0
1.57575 0
1.576 0
1.57625 0
1.5765 0
1.57675 0
1.577 0
1.57725 0
1.5775 0
1.57775 0
1.578 0
1.57825 0
1.5785 0
1.57875 0
1.579 0
1.57925 0
1.5795 0
1.57975 0
1.58 0
1.58025 0
1.5805 0
1.58075 0
1.581 0
1.58125 0
1.5815 0
1.58175 0
1.582 0
1.58225 0
1.5825 0
1.58275 0
1.583 0
1.58325 0
1.5835 0
1.58375 0
1.584 0
1.58425 0
1.5845 0
1.58475 0
1.585 0
1.58525 0
1.5855 0
1.58575 0
1.586 0
1.58625 0
1.5865 0
1.58675 0
1.587 0
1.58725 0
1.5875 0
1.58775 0
1.588 0
1.58825 0
1.5885 0
1.58875 0
1.589 0
1.58925 0
1.5895 0
1.58975 0
1.59 0
1.59025 0
1.5905 0
1.59075 0
1.591 0
1.59125 0
1.5915 0
1.59175 0
1.592 0
1.59225 0
1.5925 0
1.59275 0
1.593 0
1.59325 0
1.5935 0
1.59375 0
1.594 0
1.59425 0
1.5945 0
1.59475 0
1.595 0
1.59525 0
1.5955 0
1.59575 0
1.596 0
1.59625 0
1.5965 0
1.59675 0
1.597 0
1.59725 0
1.5975 0
1.59775 0
1.598 0
1.59825 0
1.5985 0
1.59875 0
1.599 0
1.59925 0
1.5995 0
1.59975 0
1.6 0
1.60025 0
1.6005 0
1.60075 0
1.601 0
1.60125 0
1.6015 0
1.60175 0
1.602 0
1.60225 0
1.6025 0
1.60275 0
1.603 0
1.60325 0
1.6035 0
1.60375 0
1.604 0
1.60425 0
1.6045 0
1.60475 0
1.605 0
1.60525 0
1.6055 0
1.60575 0
1.606 0
1.60625 0
1.6065 0
1.60675 0
1.607 0
1.60725 0
1.6075 0
1.60775 0
1.608 0
1.60825 0
1.6085 0
1.60875 0
1.609 0
1.60925 0
1.6095 0
1.60975 0
1.61 0
1.61025 0
1.6105 0
1.61075 0
1.611 0
1.61125 0
1.6115 0
1.61175 0
1.612 0
1.61225 0
1.6125 0
1.61275 0
1.613 0
1.61325 0
1.6135 0
1.61375 0
1.614 0
1.61425 0
1.6145 0
1.61475 0
1.615 0
1.61525 0
1.6155 0
1.61575 0
1.616 0
1.61625 0
1.6165 0
1.61675 0
1.617 0
1.61725 0
1.6175 0
1.61775 0
1.618 0
1.61825 0
1.6185 0
1.61875 0
1.619 0
1.61925 0
1.6195 0
1.61975 0
1.62 0
1.62025 0
1.6205 0
1.62075 0
1.621 0
1.62125 0
1.6215 0
1.62175 0
1.622 0
1.62225 0
1.6225 0
1.62275 0
1.623 0
1.62325 0
1.6235 0
1.62375 0
1.624 0
1.62425 0
1.6245 0
1.62475 0
1.625 0
1.62525 0
1.6255 0
1.62575 0
1.626 0
1.62625 0
1.6265 0
1.62675 0
1.627 0
1.62725 0
1.6275 0
1.62775 0
1.628 0
1.62825 0
1.6285 0
1.62875 0
1.629 0
1.62925 0
1.6295 0
1.62975 0
1.63 0
1.63025 0
1.6305 0
1.63075 0
1.631 0
1.63125 0
1.6315 0
1.63175 0
1.632 0
1.63225 0
1.6325 0
1.63275 0
1.633 0
1.63325 0
1.6335 0
1.63375 0
1.634 0
1.63425 0
1.6345 0
1.63475 0
1.635 0
1.63525 0
1.6355 0
1.63575 0
1.636 0
1.63625 0
1.6365 0
1.63675 0
1.637 0
1.63725 0
1.6375 0
1.63775 0
1.638 0
1.63825 0
1.6385 0
1.63875 0
1.639 0
1.63925 0
1.6395 0
1.63975 0
1.64 0
1.64025 0
1.6405 0
1.64075 0
1.641 0
1.64125 0
1.6415 0
1.64175 0
1.642 0
1.64225 0
1.6425 0
1.64275 0
1.643 0
1.64325 0
1.6435 0
1.64375 0
1.644 0
1.64425 0
1.6445 0
1.64475 0
1.645 0
1.64525 0
1.6455 0
1.64575 0
1.646 0
1.64625 0
1.6465 0
1.64675 0
1.647 0
1.64725 0
1.6475 0
1.64775 0
1.648 0
1.64825 0
1.6485 0
1.64875 0
1.649 0
1.64925 0
1.6495 0
1.64975 0
1.65 0
1.65025 0
1.6505 0
1.65075 0
1.651 0
1.65125 0
1.6515 0
1.65175 0
1.652 0
1.65225 0
1.6525 0
1.65275 0
1.653 0
1.65325 0
1.6535 0
1.65375 0
1.654 0
1.65425 0
1.6545 0
1.65475 0
1.655 0
1.65525 0
1.6555 0
1.65575 0
1.656 0
1.65625 0
1.6565 0
1.65675 0
1.657 0
1.65725 0
1.6575 0
1.65775 0
1.658 0
1.65825 0
1.6585 0
1.65875 0
1.659 0
1.65925 0
1.6595 0
1.65975 0
1.66 0
1.66025 0
1.6605 0
1.66075 0
1.661 0
1.66125 0
1.6615 0
1.66175 0
1.662 0
1.66225 0
1.6625 0
1.66275 0
1.663 0
1.66325 0
1.6635 0
1.66375 0
1.664 0
1.66425 0
1.6645 0
1.66475 0
1.665 0
1.66525 0
1.6655 0
1.66575 0
1.666 0
1.66625 0
1.6665 0
1.66675 0
1.667 0
1.66725 0
1.6675 0
1.66775 0
1.668 0
1.66825 0
1.6685 0
1.66875 0
1.669 0
1.66925 0
1.6695 0
1.66975 0
1.67 0
1.67025 0
1.6705 0
1.67075 0
1.671 0
1.67125 0
1.6715 0
1.67175 0
1.672 0
1.67225 0
1.6725 0
1.67275 0
1.673 0
1.67325 0
1.6735 0
1.67375 0
1.674 0
1.67425 0
1.6745 0
1.67475 0
1.675 0
1.67525 0
1.6755 0
1.67575 0
1.676 0
1.67625 0
1.6765 0
1.67675 0
1.677 0
1.67725 0
1.6775 0
1.67775 0
1.678 0
1.67825 0
1.6785 0
1.67875 0
1.679 0
1.67925 0
1.6795 0
1.67975 0
1.68 0
1.68025 0
1.6805 0
1.68075 0
1.681 0
1.68125 0
1.6815 0
1.68175 0
1.682 0
1.68225 0
1.6825 0
1.68275 0
1.683 0
1.68325 0
1.6835 0
1.68375 0
1.684 0
1.68425 0
1.6845 0
1.68475 0
1.685 0
1.68525 0
1.6855 0
1.68575 0
1.686 0
1.68625 0
1.6865 0
1.68675 0
1.687 0
1.68725 0
1.6875 0
1.68775 0
1.688 0
1.68825 0
1.6885 0
1.68875 0
1.689 0
1.68925 0
1.6895 0
1.68975 0
1.69 0
1.69025 0
1.6905 0
1.69075 0
1.691 0
1.69125 0
1.6915 0
1.69175 0
1.692 0
1.69225 0
1.6925 0
1.69275 0
1.693 0
1.69325 0
1.6935 0
1.69375 0
1.694 0
1.69425 0
1.6945 0
1.69475 0
1.695 0
1.69525 0
1.6955 0
1.69575 0
1.696 0
1.69625 0
1.6965 0
1.69675 0
1.697 0
1.69725 0
1.6975 0
1.69775 0
1.698 0
1.69825 0
1.6985 0
1.69875 0
1.699 0
1.69925 0
1.6995 0
1.69975 0
1.7 0
1.70025 0
1.7005 0
1.70075 0
1.701 0
1.70125 0
1.7015 0
1.70175 0
1.702 0
1.70225 0
1.7025 0
1.70275 0
1.703 0
1.70325 0
1.7035 0
1.70375 0
1.704 0
1.70425 0
1.7045 0
1.70475 0
1.705 0
1.70525 0
1.7055 0
1.70575 0
1.706 0
1.70625 0
1.7065 0
1.70675 0
1.707 0
1.70725 0
1.7075 0
1.70775 0
1.708 0
1.70825 0
1.7085 0
1.70875 0
1.709 0
1.70925 0
1.7095 0
1.70975 0
1.71 0
1.71025 0
1.7105 0
1.71075 0
1.711 0
1.71125 0
1.7115 0
1.71175 0
1.712 0
1.71225 0
1.7125 0
1.71275 0
1.713 0
1.71325 0
1.7135 0
1.71375 0
1.714 0
1.71425 0
1.7145 0
1.71475 0
1.715 0
1.71525 0
1.7155 0
1.71575 0
1.716 0
1.71625 0
1.7165 0
1.71675 0
1.717 0
1.71725 0
1.7175 0
1.71775 0
1.718 0
1.71825 0
1.7185 0
1.71875 0
1.719 0
1.71925 0
1.7195 0
1.71975 0
1.72 0
1.72025 0
1.7205 0
1.72075 0
1.721 0
1.72125 0
1.7215 0
1.72175 0
1.722 0
1.72225 0
1.7225 0
1.72275 0
1.723 0
1.72325 0
1.7235 0
1.72375 0
1.724 0
1.72425 0
1.7245 0
1.72475 0
1.725 0
1.72525 0
1.7255 0
1.72575 0
1.726 0
1.72625 0
1.7265 0
1.72675 0
1.727 0
1.72725 0
1.7275 0
1.72775 0
1.728 0
1.72825 0
1.7285 0
1.72875 0
1.729 0
1.72925 0
1.7295 0
1.72975 0
1.73 0
1.73025 0
1.7305 0
1.73075 0
1.731 0
1.73125 0
1.7315 0
1.73175 0
1.732 0
1.73225 0
1.7325 0
1.73275 0
1.733 0
1.73325 0
1.7335 0
1.73375 0
1.734 0
1.73425 0
1.7345 0
1.73475 0
1.735 0
1.73525 0
1.7355 0
1.73575 0
1.736 0
1.73625 0
1.7365 0
1.73675 0
1.737 0
1.73725 0
1.7375 0
1.73775 0
1.738 0
1.73825 0
1.7385 0
1.73875 0
1.739 0
1.73925 0
1.7395 0
1.73975 0
1.74 0
1.74025 0
1.7405 0
1.74075 0
1.741 0
1.74125 0
1.7415 0
1.74175 0
1.742 0
1.74225 0
1.7425 0
1.74275 0
1.743 0
1.74325 0
1.7435 0
1.74375 0
1.744 0
1.74425 0
1.7445 0
1.74475 0
1.745 0
1.74525 0
1.7455 0
1.74575 0
1.746 0
1.74625 0
1.7465 0
1.74675 0
1.747 0
1.74725 0
1.7475 0
1.74775 0
1.748 0
1.74825 0
1.7485 0
1.74875 0
1.749 0
1.74925 0
1.7495 0
1.74975 0
1.75 0
1.75025 0
1.7505 0
1.75075 0
1.751 0
1.75125 0
1.7515 0
1.75175 0
1.752 0
1.75225 0
1.7525 0
1.75275 0
1.753 0
1.75325 0
1.7535 0
1.75375 0
1.754 0
1.75425 0
1.7545 0
1.75475 0
1.755 0
1.75525 0
1.7555 0
1.75575 0
1.756 0
1.75625 0
1.7565 0
1.75675 0
1.757 0
1.75725 0
1.7575 0
1.75775 0
1.758 0
1.75825 0
1.7585 0
1.75875 0
1.759 0
1.75925 0
1.7595 0
1.75975 0
1.76 0
1.76025 0
1.7605 0
1.76075 0
1.761 0
1.76125 0
1.7615 0
1.76175 0
1.762 0
1.76225 0
1.7625 0
1.76275 0
1.763 0
1.76325 0
1.7635 0
1.76375 0
1.764 0
1.76425 0
1.7645 0
1.76475 0
1.765 0
1.76525 0
1.7655 0
1.76575 0
1.766 0
1.76625 0
1.7665 0
1.76675 0
1.767 0
1.76725 0
1.7675 0
1.76775 0
1.768 0
1.76825 0
1.7685 0
1.76875 0
1.769 0
1.76925 0
1.7695 0
1.76975 0
1.77 0
1.77025 0
1.7705 0
1.77075 0
1.771 0
1.77125 0
1.7715 0
1.77175 0
1.772 0
1.77225 0
1.7725 0
1.77275 0
1.773 0
1.77325 0
1.7735 0
1.77375 0
1.774 0
1.77425 0
1.7745 0
1.77475 0
1.775 0
1.77525 0
1.7755 0
1.77575 0
1.776 0
1.77625 0
1.7765 0
1.77675 0
1.777 0
1.77725 0
1.7775 0
1.77775 0
1.778 0
1.77825 0
1.7785 0
1.77875 0
1.779 0
1.77925 0
1.7795 0
1.77975 0
1.78 0
1.78025 0
1.7805 0
1.78075 0
1.781 0
1.78125 0
1.7815 0
1.78175 0
1.782 0
1.78225 0
1.7825 0
1.78275 0
1.783 0
1.78325 0
1.7835 0
1.78375 0
1.784 0
1.78425 0
1.7845 0
1.78475 0
1.785 0
1.78525 0
1.7855 0
1.78575 0
1.786 0
1.78625 0
1.7865 0
1.78675 0
1.787 0
1.78725 0
1.7875 0
1.78775 0
1.788 0
1.78825 0
1.7885 0
1.78875 0
1.789 0
1.78925 0
1.7895 0
1.78975 0
1.79 0
1.79025 0
1.7905 0
1.79075 0
1.791 0
1.79125 0
1.7915 0
1.79175 0
1.792 0
1.79225 0
1.7925 0
1.79275 0
1.793 0
1.79325 0
1.7935 0
1.79375 0
1.794 0
1.79425 0
1.7945 0
1.79475 0
1.795 0
1.79525 0
1.7955 0
1.79575 0
1.796 0
1.79625 0
1.7965 0
1.79675 0
1.797 0
1.79725 0
1.7975 0
1.79775 0
1.798 0
1.79825 0
1.7985 0
1.79875 0
1.799 0
1.79925 0
1.7995 0
1.79975 0
1.8 0
1.80025 0
1.8005 0
1.80075 0
1.801 0
1.80125 0
1.8015 0
1.80175 0
1.802 0
1.80225 0
1.8025 0
1.80275 0
1.803 0
1.80325 0
1.8035 0
1.80375 0
1.804 0
1.80425 0
1.8045 0
1.80475 0
1.805 0
1.80525 0
1.8055 0
1.80575 0
1.806 0
1.80625 0
1.8065 0
1.80675 0
1.807 0
1.80725 0
1.8075 0
1.80775 0
1.808 0
1.80825 0
1.8085 0
1.80875 0
1.809 0
1.80925 0
1.8095 0
1.80975 0
1.81 0
1.81025 0
1.8105 0
1.81075 0
1.811 0
1.81125 0
1.8115 0
1.81175 0
1.812 0
1.81225 0
1.8125 0
1.81275 0
1.813 0
1.81325 0
1.8135 0
1.81375 0
1.814 0
1.81425 0
1.8145 0
1.81475 0
1.815 0
1.81525 0
1.8155 0
1.81575 0
1.816 0
1.81625 0
1.8165 0
1.81675 0
1.817 0
1.81725 0
1.8175 0
1.81775 0
1.818 0
1.81825 0
1.8185 0
1.81875 0
1.819 0
1.81925 0
1.8195 0
1.81975 0
1.82 0
1.82025 0
1.8205 0
1.82075 0
1.821 0
1.82125 0
1.8215 0
1.82175 0
1.822 0
1.82225 0
1.8225 0
1.82275 0
1.823 0
1.82325 0
1.8235 0
1.82375 0
1.824 0
1.82425 0
1.8245 0
1.82475 0
1.825 0
1.82525 0
1.8255 0
1.82575 0
1.826 0
1.82625 0
1.8265 0
1.82675 0
1.827 0
1.82725 0
1.8275 0
1.82775 0
1.828 0
1.82825 0
1.8285 0
1.82875 0
1.829 0
1.82925 0
1.8295 0
1.82975 0
1.83 0
1.83025 0
1.8305 0
1.83075 0
1.831 0
1.83125 0
1.8315 0
1.83175 0
1.832 0
1.83225 0
1.8325 0
1.83275 0
1.833 0
1.83325 0
1.8335 0
1.83375 0
1.834 0
1.83425 0
1.8345 0
1.83475 0
1.835 0
1.83525 0
1.8355 0
1.83575 0
1.836 0
1.83625 0
1.8365 0
1.83675 0
1.837 0
1.83725 0
1.8375 0
1.83775 0
1.838 0
1.83825 0
1.8385 0
1.83875 0
1.839 0
1.83925 0
1.8395 0
1.83975 0
1.84 0
1.84025 0
1.8405 0
1.84075 0
1.841 0
1.84125 0
1.8415 0
1.84175 0
1.842 0
1.84225 0
1.8425 0
1.84275 0
1.843 0
1.84325 0
1.8435 0
1.84375 0
1.844 0
1.84425 0
1.8445 0
1.84475 0
1.845 0
1.84525 0
1.8455 0
1.84575 0
1.846 0
1.84625 0
1.8465 0
1.84675 0
1.847 0
1.84725 0
1.8475 0
1.84775 0
1.848 0
1.84825 0
1.8485 0
1.84875 0
1.849 0
1.84925 0
1.8495 0
1.84975 0
1.85 0
1.85025 0
1.8505 0
1.85075 0
1.851 0
1.85125 0
1.8515 0
1.85175 0
1.852 0
1.85225 0
1.8525 0
1.85275 0
1.853 0
1.85325 0
1.8535 0
1.85375 0
1.854 0
1.85425 0
1.8545 0
1.85475 0
1.855 0
1.85525 0
1.8555 0
1.85575 0
1.856 0
1.85625 0
1.8565 0
1.85675 0
1.857 0
1.85725 0
1.8575 0
1.85775 0
1.858 0
1.85825 0
1.8585 0
1.85875 0
1.859 0
1.85925 0
1.8595 0
1.85975 0
1.86 0
1.86025 0
1.8605 0
1.86075 0
1.861 0
1.86125 0
1.8615 0
1.86175 0
1.862 0
1.86225 0
1.8625 0
1.86275 0
1.863 0
1.86325 0
1.8635 0
1.86375 0
1.864 0
1.86425 0
1.8645 0
1.86475 0
1.865 0
1.86525 0
1.8655 0
1.86575 0
1.866 0
1.86625 0
1.8665 0
1.86675 0
1.867 0
1.86725 0
1.8675 0
1.86775 0
1.868 0
1.86825 0
1.8685 0
1.86875 0
1.869 0
1.86925 0
1.8695 0
1.86975 0
1.87 0
1.87025 0
1.8705 0
1.87075 0
1.871 0
1.87125 0
1.8715 0
1.87175 0
1.872 0
1.87225 0
1.8725 0
1.87275 0
1.873 0
1.87325 0
1.8735 0
1.87375 0
1.874 0
1.87425 0
1.8745 0
1.87475 0
1.875 0
1.87525 0
1.8755 0
1.87575 0
1.876 0
1.87625 0
1.8765 0
1.87675 0
1.877 0
1.87725 0
1.8775 0
1.87775 0
1.878 0
1.87825 0
1.8785 0
1.87875 0
1.879 0
1.87925 0
1.8795 0
1.87975 0
1.88 0
1.88025 0
1.8805 0
1.88075 0
1.881 0
1.88125 0
1.8815 0
1.88175 0
1.882 0
1.88225 0
1.8825 0
1.88275 0
1.883 0
1.88325 0
1.8835 0
1.88375 0
1.884 0
1.88425 0
1.8845 0
1.88475 0
1.885 0
1.88525 0
1.8855 0
1.88575 0
1.886 0
1.88625 0
1.8865 0
1.88675 0
1.887 0
1.88725 0
1.8875 0
1.88775 0
1.888 0
1.88825 0
1.8885 0
1.88875 0
1.889 0
1.88925 0
1.8895 0
1.88975 0
1.89 0
1.89025 0
1.8905 0
1.89075 0
1.891 0
1.89125 0
1.8915 0
1.89175 0
1.892 0
1.89225 0
1.8925 0
1.89275 0
1.893 0
1.89325 0
1.8935 0
1.89375 0
1.894 0
1.89425 0
1.8945 0
1.89475 0
1.895 0
1.89525 0
1.8955 0
1.89575 0
1.896 0
1.89625 0
1.8965 0
1.89675 0
1.897 0
1.89725 0
1.8975 0
1.89775 0
1.898 0
1.89825 0
1.8985 0
1.89875 0
1.899 0
1.89925 0
1.8995 0
1.89975 0
1.9 0
1.90025 0
1.9005 0
1.90075 0
1.901 0
1.90125 0
1.9015 0
1.90175 0
1.902 0
1.90225 0
1.9025 0
1.90275 0
1.903 0
1.90325 0
1.9035 0
1.90375 0
1.904 0
1.90425 0
1.9045 0
1.90475 0
1.905 0
1.90525 0
1.9055 0
1.90575 0
1.906 0
1.90625 0
1.9065 0
1.90675 0
1.907 0
1.90725 0
1.9075 0
1.90775 0
1.908 0
1.90825 0
1.9085 0
1.90875 0
1.909 0
1.90925 0
1.9095 0
1.90975 0
1.91 0
1.91025 0
1.9105 0
1.91075 0
1.911 0
1.91125 0
1.9115 0
1.91175 0
1.912 0
1.91225 0
1.9125 0
1.91275 0
1.913 0
1.91325 0
1.9135 0
1.91375 0
1.914 0
1.91425 0
1.9145 0
1.91475 0
1.915 0
1.91525 0
1.9155 0
1.91575 0
1.916 0
1.91625 0
1.9165 0
1.91675 0
1.917 0
1.91725 0
1.9175 0
1.91775 0
1.918 0
1.91825 0
1.9185 0
1.91875 0
1.919 0
1.91925 0
1.9195 0
1.91975 0
1.92 0
1.92025 0
1.9205 0
1.92075 0
1.921 0
1.92125 0
1.9215 0
1.92175 0
1.922 0
1.92225 0
1.9225 0
1.92275 0
1.923 0
1.92325 0
1.9235 0
1.92375 0
1.924 0
1.92425 0
1.9245 0
1.92475 0
1.925 0
1.92525 0
1.9255 0
1.92575 0
1.926 0
1.92625 0
1.9265 0
1.92675 0
1.927 0
1.92725 0
1.9275 0
1.92775 0
1.928 0
1.92825 0
1.9285 0
1.92875 0
1.929 0
1.92925 0
1.9295 0
1.92975 0
1.93 0
1.93025 0
1.9305 0
1.93075 0
1.931 0
1.93125 0
1.9315 0
1.93175 0
1.932 0
1.93225 0
1.9325 0
1.93275 0
1.933 0
1.93325 0
1.9335 0
1.93375 0
1.934 0
1.93425 0
1.9345 0
1.93475 0
1.935 0
1.93525 0
1.9355 0
1.93575 0
1.936 0
1.93625 0
1.9365 0
1.93675 0
1.937 0
1.93725 0
1.9375 0
1.93775 0
1.938 0
1.93825 0
1.9385 0
1.93875 0
1.939 0
1.93925 0
1.9395 0
1.93975 0
1.94 0
1.94025 0
1.9405 0
1.94075 0
1.941 0
1.94125 0
1.9415 0
1.94175 0
1.942 0
1.94225 0
1.9425 0
1.94275 0
1.943 0
1.94325 0
1.9435 0
1.94375 0
1.944 0
1.94425 0
1.9445 0
1.94475 0
1.945 0
1.94525 0
1.9455 0
1.94575 0
1.946 0
1.94625 0
1.9465 0
1.94675 0
1.947 0
1.94725 0
1.9475 0
1.94775 0
1.948 0
1.94825 0
1.9485 0
1.94875 0
1.949 0
1.94925 0
1.9495 0
1.94975 0
1.95 0
1.95025 0
1.9505 0
1.95075 0
1.951 0
1.95125 0
1.9515 0
1.95175 0
1.952 0
1.95225 0
1.9525 0
1.95275 0
1.953 0
1.95325 0
1.9535 0
1.95375 0
1.954 0
1.95425 0
1.9545 0
1.95475 0
1.955 0
1.95525 0
1.9555 0
1.95575 0
1.956 0
1.95625 0
1.9565 0
1.95675 0
1.957 0
1.95725 0
1.9575 0
1.95775 0
1.958 0
1.95825 0
1.9585 0
1.95875 0
1.959 0
1.95925 0
1.9595 0
1.95975 0
1.96 0
1.96025 0
1.9605 0
1.96075 0
1.961 0
1.96125 0
1.9615 0
1.96175 0
1.962 0
1.96225 0
1.9625 0
1.96275 0
1.963 0
1.96325 0
1.9635 0
1.96375 0
1.964 0
1.96425 0
1.9645 0
1.96475 0
1.965 0
1.96525 0
1.9655 0
1.96575 0
1.966 0
1.96625 0
1.9665 0
1.96675 0
1.967 0
1.96725 0
1.9675 0
1.96775 0
1.968 0
1.96825 0
1.9685 0
1.96875 0
1.969 0
1.96925 0
1.9695 0
1.96975 0
1.97 0
1.97025 0
1.9705 0
1.97075 0
1.971 0
1.97125 0
1.9715 0
1.97175 0
1.972 0
1.97225 0
1.9725 0
1.97275 0
1.973 0
1.97325 0
1.9735 0
1.97375 0
1.974 0
1.97425 0
1.9745 0
1.97475 0
1.975 0
1.97525 0
1.9755 0
1.97575 0
1.976 0
1.97625 0
1.9765 0
1.97675 0
1.977 0
1.97725 0
1.9775 0
1.97775 0
1.978 0
1.97825 0
1.9785 0
1.97875 0
1.979 0
1.97925 0
1.9795 0
1.97975 0
1.98 0
1.98025 0
1.9805 0
1.98075 0
1.981 0
1.98125 0
1.9815 0
1.98175 0
1.982 0
1.98225 0
1.9825 0
1.98275 0
1.983 0
1.98325 0
1.9835 0
1.98375 0
1.984 0
1.98425 0
1.9845 0
1.98475 0
1.985 0
1.98525 0
1.9855 0
1.98575 0
1.986 0
1.98625 0
1.9865 0
1.98675 0
1.987 0
1.98725 0
1.9875 0
1.98775 0
1.988 0
1.98825 0
1.9885 0
1.98875 0
1.989 0
1.98925 0
1.9895 0
1.98975 0
1.99 0
1.99025 0
1.9905 0
1.99075 0
1.991 0
1.99125 0
1.9915 0
1.99175 0
1.992 0
1.99225 0
1.9925 0
1.99275 0
1.993 0
1.99325 0
1.9935 0
1.99375 0
1.994 0
1.99425 0
1.9945 0
1.99475 0
1.995 0
1.99525 0
1.9955 0
1.99575 0
1.996 0
1.99625 0
1.9965 0
1.99675 0
1.997 0
1.99725 0
1.9975 0
1.99775 0
1.998 0
1.99825 0
1.9985 0
1.99875 0
1.999 0
1.99925 0
1.9995 0
1.99975 0
2 0
