/*--------------------------------*- C++ -*----------------------------------*\
| =========                 |                                                 |
| \\      /  F ield         | OpenFOAM: The Open Source CFD Toolbox           |
|  \\    /   O peration     | Version:  v1812                                 |
|   \\  /    A nd           | Web:      www.OpenFOAM.com                      |
|    \\/     M anipulation  |                                                 |
\*---------------------------------------------------------------------------*/
FoamFile
{
    version     2.0;
    format      ascii;
    class       volScalarField;
    location    "0.0025";
    object      p;
}
// * * * * * * * * * * * * * * * * * * * * * * * * * * * * * * * * * * * * * //

dimensions      [1 -1 -2 0 0 0 0];


internalField   nonuniform List<scalar> 
8475
(
101350
101350
101350
101350
101350
101350
101350
101350
101350
101350
101350
101350
101350
101350
101350
101350
101350
101350
101350
101350
101350
101350
101350
101350
101350
101350
101350
101350
101350
101350
101350
101350
101350
101350
101350
101350
101358
101865
101350
101350
101350
101350
101350
101350
101350
101350
101350
101350
101350
101350
101350
101350
101350
101350
101350
101350
101350
101350
101350
101350
101350
101350
101350
101350
101350
101350
101350
101350
101350
101350
101350
101350
101350
101350
101353
101474
101350
101350
101350
101350
101350
101350
101350
101350
101350
101350
101350
101350
101350
101350
101350
101350
101350
101350
101350
101350
101350
101350
101350
101350
101350
101350
101350
101350
101350
101350
101350
101350
101350
101350
101350
101350
101350
101367
101350
101350
101350
101350
101350
101350
101350
101350
101350
101350
101350
101350
101350
101350
101350
101350
101350
101350
101350
101350
101350
101350
101350
101350
101350
101350
101350
101350
101350
101350
101350
101350
101350
101350
101350
101350
101350
101351
101350
101350
101350
101350
101350
101350
101350
101350
101350
101350
101350
101350
101350
101350
101350
101350
101350
101350
101350
101350
101350
101350
101350
101350
101350
101350
101350
101350
101350
101350
101350
101350
101350
101350
101350
101350
101350
101350
101350
101350
101350
101350
101350
101350
101350
101350
101350
101350
101350
101350
101350
101350
101350
101350
101350
101350
101350
101350
101350
101350
101350
101350
101350
101350
101350
101350
101350
101350
101350
101350
101350
101350
101350
101350
101350
101350
101350
101350
101350
101350
101350
101350
101350
101350
101350
101350
101350
101350
101350
101350
101350
101350
101350
101350
101350
101350
101350
101350
101350
101350
101350
101350
101350
101350
101350
101350
101350
101350
101350
101350
101350
101350
101350
101350
101350
101350
101350
101350
101350
101350
101350
101350
101350
101350
101350
101350
101350
101350
101350
101350
101350
101350
101350
101350
101350
101350
101350
101350
101350
101350
101350
101350
101350
101350
101350
101350
101350
101350
101350
101350
101350
101350
101350
101350
101350
101350
101350
101350
101350
101350
101350
101350
101350
101350
101350
101350
101350
101350
101350
101350
101350
101350
101350
101350
101350
101350
101350
101350
101350
101350
101350
101350
101350
101350
101350
101350
101350
101350
101350
101350
101350
101350
101350
101350
101350
101350
101350
101350
101350
101350
101350
101350
101350
101350
101350
101350
101350
101350
101350
101350
101350
101350
101350
101350
101350
101350
101350
101350
101350
101350
101350
101350
101350
101350
101350
101350
101350
101350
101350
101350
101350
101350
101350
101350
101350
101350
101350
101350
101350
101350
101350
101350
101350
101350
101350
101350
101350
101350
101350
101350
101350
101350
101350
101350
101350
101350
101350
101350
101350
101350
101350
101350
101350
101350
101350
101350
101350
101350
101350
101350
101350
101350
101350
101350
101350
101350
101350
101350
101350
101350
101350
101350
101350
101350
101350
101350
101350
101350
101350
101350
101350
101350
101350
101350
101350
101350
101350
101350
101350
101350
101350
101350
101350
101350
101350
101350
101350
101350
101350
101350
101350
101350
101350
101350
101350
101350
101350
101350
101350
101350
101350
101350
101350
101350
101350
101350
101350
101350
101350
101350
101350
101350
101350
101350
101350
101350
101350
101350
101350
101350
101350
101350
101350
101350
101350
101350
101350
101350
101350
101350
101350
101350
101350
101350
101350
101350
101350
101350
101350
101350
101350
101350
101350
101350
101350
101350
101350
101350
101350
101350
101350
101350
101350
101350
101350
101350
101350
101350
101350
101350
101350
101350
101350
101350
101350
101350
101350
101350
101350
101350
101350
101350
101350
101350
101350
101350
101350
101350
101350
101350
101350
101350
101350
101350
101350
101350
101350
101350
101350
101350
101350
101350
101350
101350
101350
101350
101350
101350
101350
101350
101350
101350
101350
101350
101350
101350
101350
101350
101350
101350
101350
101350
101350
101350
101350
101350
101350
101350
101350
101350
101350
101350
101350
101350
101350
101350
101350
101350
101350
101350
101350
101350
101350
101350
101350
101350
101350
101350
101350
101350
101350
101350
101350
101350
101350
101350
101350
101350
101350
101350
101350
101350
101350
101350
101350
101350
101350
101350
101350
101350
101350
101350
101350
101350
101350
101350
101350
101350
101350
101350
101350
101350
101350
101350
101350
101350
101350
101350
101350
101350
101350
101350
101350
101350
101350
101350
101350
101350
101350
101350
101350
101350
101350
101350
101350
101350
101350
101350
101350
101350
101350
101350
101350
101350
101350
101350
101350
101350
101350
101350
101350
101350
101350
101350
101350
101350
101350
101350
101350
101350
101350
101350
101350
101350
101350
101350
101350
101350
101350
101350
101350
101350
101350
101350
101350
101350
101350
101350
101350
101350
101350
101350
101350
101350
101350
101350
101350
101350
101350
101350
101350
101350
101350
101350
101350
101350
101350
101350
101350
101350
101350
101350
101350
101350
101350
101350
101350
101350
101350
101350
101350
101350
101350
101350
101350
101350
101350
101350
101350
101350
101350
101350
101350
101350
101350
101350
101350
101350
101350
101350
101350
101350
101350
101350
101350
101350
101350
101350
101350
101350
101350
101350
101350
101350
101350
101350
101350
101350
101350
101350
101350
101350
101350
101350
101350
101350
101350
101350
101350
101350
101350
101350
101350
101350
101350
101350
101350
101350
101350
101350
101350
101350
101350
101350
101350
101350
101350
101350
101350
101350
101350
101350
101350
101350
101350
101350
101350
101350
101350
101350
101350
101350
101350
101350
101350
101350
101350
101350
101350
101350
101350
101350
101350
101350
101350
101350
101350
101350
101350
101350
101350
101350
101350
101350
101350
101350
101350
101350
101350
101350
101350
101350
101350
101350
101350
101350
101350
101350
101350
101350
101350
101350
101350
101350
101350
101350
101350
101350
101350
101350
101350
101350
101350
101350
101350
101350
101350
101350
101350
101350
101350
101350
101350
101350
101350
101350
101350
101350
101350
101350
101350
101350
101350
101350
101350
101350
101350
101350
101350
101350
101350
101350
101350
101350
101350
101350
101350
101350
101350
101350
101350
101350
101350
101350
101350
101350
101350
101350
101350
101350
101350
101350
101350
101350
101350
101350
101350
101350
101350
101350
101350
101350
101350
101350
101350
101350
101350
101350
101350
101350
101350
101350
101350
101350
101350
101350
101350
101350
101350
101350
101350
101350
101350
101350
101350
101350
101350
101350
101350
101350
101350
101350
101350
101350
101350
101350
101350
101350
101350
101350
101350
101350
101350
101350
101350
101350
101350
101350
101350
101350
101350
101350
101350
101350
101350
101350
101350
101350
101350
101350
101350
101350
101350
101350
101350
101350
101350
101350
101350
101350
101350
101350
101350
101350
101350
101350
101350
101350
101350
101350
101350
101350
101350
101350
101350
101350
101350
101350
101350
101350
101350
101350
101350
101350
101350
101350
101350
101350
101350
101350
101350
101350
101350
101350
101350
101350
101350
101350
101350
101350
101350
101350
101350
101350
101350
101350
101350
101350
101350
101350
101350
101350
101350
101350
101350
101350
101350
101350
101350
101350
101350
101350
101350
101350
101350
101350
101350
101350
101350
101350
101350
101350
101350
101350
101350
101350
101350
101350
101350
101350
101350
101350
101350
101350
101350
101350
101350
101350
101350
101350
101350
101350
101350
101350
101350
101350
101350
101350
101350
101350
101350
101350
101350
101350
101350
101350
101350
101350
101350
101350
101350
101350
101350
101350
101350
101350
101350
101350
101350
101350
101350
101350
101350
101350
101350
101350
101350
101350
101350
101350
101350
101350
101350
101350
101350
101350
101350
101350
101350
101350
101350
101350
101350
101350
101350
101350
101350
101350
101350
101350
101350
101350
101350
101350
101350
101350
101350
101350
101350
101350
101350
101350
101350
101350
101350
101350
101350
101350
101350
101350
101350
101350
101350
101350
101350
101350
101350
101350
101350
101350
101350
101350
101350
101350
101350
101350
101350
101350
101350
101350
101350
101350
101350
101350
101350
101350
101350
101350
101350
101350
101350
101350
101350
101350
101350
101350
101350
101350
101350
101350
101350
101350
101350
101350
101350
101350
101350
101350
101350
101350
101350
101350
101350
101350
101350
101350
101350
101350
101350
101350
101350
101350
101350
101350
101350
101350
101350
101350
101350
101350
101350
101350
101350
101350
101350
101350
101350
101350
101350
101350
101350
101350
101350
101350
101350
101350
101350
101350
101350
101350
101350
101350
101350
101350
101350
101350
101350
101350
101350
101350
101350
101350
101350
101350
101350
101350
101350
101350
101350
101350
101350
101350
101350
101350
101350
101350
101350
101350
101350
101350
101350
101350
101350
101350
101350
101350
101350
101350
101350
101350
101350
101350
101350
101350
101350
101350
101350
101350
101350
101350
101350
101350
101350
101350
101350
101350
101350
101350
101350
101350
101350
101350
101350
101350
101350
101350
101350
101350
101350
101350
101350
101350
101350
101350
101350
101350
101350
101350
101350
101350
101350
101350
101350
101350
101350
101350
101350
101350
101350
101350
101350
101350
101350
101350
101350
101350
101350
101350
101350
101350
101350
101350
101350
101350
101350
101350
101350
101350
101350
101350
101350
101350
101350
101350
101350
101350
101350
101350
101350
101350
101350
101350
101350
101350
101350
101350
101350
101350
101350
101350
101350
101350
101350
101350
101350
101350
101350
101350
101350
101350
101350
101350
101350
101350
101350
101350
101350
101350
101350
101350
101350
101350
101350
101350
101350
101350
101350
101350
101350
101350
101350
101350
101350
101350
101350
101350
101350
101350
101350
101350
101350
101350
101350
101350
101350
101350
101350
101350
101350
101350
101350
101350
101350
101350
101350
101350
101350
101350
101350
101350
101350
101350
101350
101350
101350
101350
101350
101350
101350
101350
101350
101350
101350
101350
101350
101350
101350
101350
101350
101350
101350
101350
101350
101350
101350
101350
101350
101350
101350
101350
101350
101350
101350
101350
101350
101350
101350
101350
101350
101350
101350
101350
101350
101350
101350
101350
101350
101350
101350
101350
101350
101350
101350
101350
101350
101350
101350
101350
101350
101350
101350
101350
101350
101350
101350
101350
101350
101350
101350
101350
101350
101350
101350
101350
101350
101350
101350
101350
101350
101350
101350
101350
101350
101350
101350
101350
101350
101350
101350
101350
101350
101350
101350
101350
101350
101350
101350
101350
101350
101350
101350
101350
101350
101350
101350
101350
101350
101350
101350
101350
101350
101350
101350
101350
101350
101350
101350
101350
101350
101350
101350
101350
101350
101350
101350
101350
101350
101350
101350
101350
101350
101350
101350
101350
101350
101350
101350
101350
101350
101350
101350
101350
101350
101350
101350
101350
101350
101350
101350
101350
101350
101350
101350
101350
101350
101350
101350
101350
101350
101350
101350
101350
101350
101350
101350
101350
101350
101350
101350
101350
101350
101350
101350
101350
101350
101350
101350
101350
101350
101350
101350
101350
101350
101350
101350
101350
101350
101350
101350
101350
101350
101350
101350
101350
101350
101350
101350
101350
101350
101350
101350
101350
101350
101350
101350
101350
101350
101350
101350
101350
101350
101350
101350
101350
101350
101350
101350
101350
101350
101350
101350
101350
101350
101350
101350
101350
101350
101350
101350
101350
101350
101350
101350
101350
101350
101350
101350
101350
101350
101350
101350
101350
101350
101350
101350
101350
101350
101350
101350
101350
101350
101350
101350
101350
101350
101350
101350
101350
101350
101350
101350
101350
101350
101350
101350
101350
101350
101350
101350
101350
101350
101350
101350
101350
101350
101350
101350
101350
101350
101350
101350
101350
101350
101350
101350
101350
101350
101350
101350
101350
101350
101350
101350
101350
101350
101350
101350
101350
101350
101350
101350
101350
101350
101350
101350
101350
101350
101350
101350
101350
101350
101350
101350
101350
101350
101350
101350
101350
101350
101350
101350
101350
101350
101350
101350
101350
101350
101350
101350
101350
101350
101350
101350
101350
101350
101350
101350
101350
101350
101350
101350
101350
101350
101350
101350
101350
101350
101350
101350
101350
101350
101350
101350
101350
101350
101350
101350
101350
101350
101350
101350
101350
101350
101350
101350
101350
101350
101350
101350
101350
101350
101350
101350
101350
101350
101350
101350
101350
101350
101350
101350
101350
101350
101350
101350
101350
101350
101350
101350
101350
101350
101350
101350
101350
101350
101350
101350
101350
101350
101350
101350
101350
101350
101350
101350
101350
101350
101350
101350
101350
101350
101350
101350
101350
101350
101350
101350
101350
101350
101350
101350
101350
101350
101350
101350
101350
101350
101350
101350
101350
101350
101350
101350
101350
101350
101350
101350
101350
101350
101350
101350
101350
101350
101350
101350
101350
101350
101350
101350
101350
101350
101350
101350
101350
101350
101350
101350
101350
101350
101350
101350
101350
101350
101350
101350
101350
101350
101350
101350
101350
101350
101350
101350
101350
101350
101350
101350
101350
101350
101350
101350
101350
101350
101350
101350
101350
101350
101350
101350
101350
101350
101350
101350
101350
101350
101350
101350
101350
101350
101350
101350
101350
101350
101350
101350
101350
101350
101350
101350
101350
101350
101350
101350
101350
101350
101350
101350
101350
101350
101350
101350
101350
101350
101350
101350
101350
101350
101350
101350
101350
101350
101350
101350
101350
101350
101350
101350
101350
101350
101350
101350
101350
101350
101350
101350
101350
101350
101350
101350
101350
101350
101350
101350
101350
101350
101350
101350
101350
101350
101350
101350
101350
101350
101350
101350
101350
101350
101350
101350
101350
101350
101350
101350
101350
101350
101350
101350
101350
101350
101350
101350
101350
101350
101350
101350
101350
101350
101350
101350
101350
101350
101350
101350
101350
101350
101350
101350
101350
101350
101350
101350
101350
101350
101350
101350
101350
101350
101350
101350
101350
101350
101350
101350
101350
101350
101350
101350
101350
101350
101350
101350
101350
101350
101350
101350
101350
101350
101350
101350
101350
101350
101350
101350
101350
101350
101350
101350
101350
101350
101350
101350
101350
101350
101350
101350
101350
101350
101350
101350
101350
101350
101350
101350
101350
101350
101350
101350
101350
101350
101350
101350
101350
101350
101350
101350
101350
101350
101350
101350
101350
101350
101350
101350
101350
101350
101350
101350
101350
101350
101350
101350
101350
101350
101350
101350
101350
101350
101350
101350
101350
101350
101350
101350
101350
101350
101350
101350
101350
101350
101350
101350
101350
101350
101350
101350
101350
101350
101350
101350
101350
101350
101350
101350
101350
101350
101350
101350
101350
101350
101350
101350
101350
101350
101350
101350
101350
101350
101350
101350
101350
101350
101350
101350
101350
101350
101350
101350
101350
101350
101350
101350
101350
101350
101350
101350
101350
101350
101350
101350
101350
101350
101350
101350
101350
101350
101350
101350
101350
101350
101350
101350
101350
101350
101350
101350
101350
101350
101350
101350
101350
101350
101350
101350
101350
101350
101350
101350
101350
101350
101350
101350
101350
101350
101350
101350
101350
101350
101350
101350
101350
101350
101350
101350
101350
101350
101350
101350
101350
101350
101350
101350
101350
101350
101350
101350
101350
101350
101350
101350
101350
101350
101350
101350
101350
101350
101350
101350
101350
101350
101350
101350
101350
101350
101350
101350
101350
101350
101350
101350
101350
101350
101350
101350
101350
101350
101350
101350
101350
101350
101350
101350
101350
101350
101350
101350
101350
101350
101350
101350
101350
101350
101350
101350
101350
101350
101350
101350
101350
101350
101350
101350
101350
101350
101350
101350
101350
101350
101350
101350
101350
101350
101350
101350
101350
101350
101350
101350
101350
101350
101350
101350
101350
101350
101350
101350
101350
101350
101350
101350
101350
101350
101350
101350
101350
101350
101350
101350
101350
101350
101350
101350
101350
101350
101350
101350
101350
101350
101350
101350
101350
101350
101350
101350
101350
101350
101350
101350
101350
101350
101350
101350
101350
101350
101350
101350
101350
101350
101350
101350
101350
101350
101350
101350
101350
101350
101350
101350
101350
101350
101350
101350
101350
101350
101350
101350
101350
101350
101350
101350
101350
101350
101350
101350
101350
101350
101350
101350
101350
101350
101350
101350
101350
101350
101350
101350
101350
101350
101350
101350
101350
101350
101350
101350
101350
101350
101350
101350
101350
101350
101350
101350
101350
101350
101350
101350
101350
101350
101350
101350
101350
101350
101350
101350
101350
101350
101350
101350
101350
101350
101350
101350
101350
101350
101350
101350
101350
101350
101350
101350
101350
101350
101350
101350
101350
101350
101350
101350
101350
101350
101350
101350
101350
101350
101350
101350
101350
101350
101350
101350
101350
101350
101350
101350
101350
101350
101350
101350
101350
101350
101350
101350
101350
101350
101350
101350
101350
101350
101350
101350
101350
101350
101350
101350
101350
101350
101350
101350
101350
101350
101350
101350
101350
101350
101350
101350
101350
101350
101350
101350
101350
101350
101350
101350
101350
101350
101350
101350
101350
101350
101350
101350
101350
101350
101350
101350
101350
101350
101350
101350
101350
101350
101350
101350
101350
101350
101350
101350
101350
101350
101350
101350
101350
101350
101350
101350
101350
101350
101350
101350
101350
101350
101350
101350
101350
101350
101350
101350
101350
101350
101350
101350
101350
101350
101350
101350
101350
101350
101350
101350
101350
101350
101350
101350
101350
101350
101350
101350
101350
101350
101350
101350
101350
101350
101350
101350
101350
101350
101350
101350
101350
101350
101350
101350
101350
101350
101350
101350
101350
101350
101350
101350
101350
101350
101350
101350
101350
101350
101350
101350
101350
101350
101350
101350
101350
101350
101350
101350
101350
101350
101350
101350
101350
101350
101350
101350
101350
101350
101350
101350
101350
101350
101350
101350
101350
101350
101350
101350
101350
101350
101350
101350
101350
101350
101350
101350
101350
101350
101350
101350
101350
101350
101350
101350
101350
101350
101350
101350
101350
101350
101350
101350
101350
101350
101350
101350
101350
101350
101350
101350
101350
101350
101350
101350
101350
101350
101350
101350
101350
101350
101350
101350
101350
101350
101350
101350
101350
101350
101350
101350
101350
101350
101350
101350
101350
101350
101350
101350
101350
101350
101350
101350
101350
101350
101350
101350
101350
101350
101350
101350
101350
101350
101350
101350
101350
101350
101350
101350
101350
101350
101350
101350
101350
101350
101350
101350
101350
101350
101350
101350
101350
101350
101350
101350
101350
101350
101350
101350
101350
101350
101350
101350
101350
101350
101350
101350
101350
101350
101350
101350
101350
101350
101350
101350
101350
101350
101350
101350
101350
101350
101350
101350
101350
101350
101350
101350
101350
101350
101350
101350
101350
101350
101350
101350
101350
101350
101350
101350
101350
101350
101350
101350
101350
101350
101350
101350
101350
101350
101350
101350
101350
101350
101350
101350
101350
101350
101350
101350
101350
101350
101350
101350
101350
101350
101350
101350
101350
101350
101350
101350
101350
101350
101350
101350
101350
101350
101350
101350
101350
101350
101350
101350
101350
101350
101350
101350
101350
101350
101350
101350
101350
101350
101350
101350
101350
101350
101350
101350
101350
130273
179486
221841
296825
302288
315251
302512
270987
246705
247775
248056
245728
245194
246180
248417
248787
249635
250762
252241
254901
254846
254229
253227
252064
251134
250387
249643
249072
248684
248485
248268
248029
247786
247383
247560
248037
248724
249368
249841
250101
250171
250236
250329
250478
250774
251151
251347
251229
251035
250741
250296
249689
249008
249170
249435
249828
250270
250703
251095
251294
251220
250984
250608
250217
249776
249321
248952
248673
248543
248561
248655
248789
248933
249090
249442
104358
109907
131019
150164
191590
235586
253841
258233
266091
269038
267629
258945
249828
248455
249606
249768
249759
249328
249715
250029
251096
251527
251452
251178
250784
250380
250093
249850
249543
249398
249178
248950
248648
248380
248367
248576
249022
249567
249745
249816
249881
249971
250112
250306
250659
251110
251330
251182
250968
250678
250221
249710
249316
249416
249681
250089
250417
250680
250988
251155
251066
250854
250553
250209
249805
249393
249049
248777
248616
248669
248811
248985
249144
249296
249623
101439
101745
103036
106438
122084
147975
217774
275246
273944
273707
269630
259080
250539
251864
252607
251477
249873
248135
246824
247326
248519
249326
249651
249807
249965
250091
250342
250348
250224
250115
250124
250014
249716
249404
249116
249061
249206
249423
249520
249745
249865
250075
250149
250323
250579
250747
250909
250780
250540
250305
250030
249815
249887
249980
250272
250567
250697
250775
250948
250996
250884
250691
250456
250159
249779
249385
249090
248859
248861
248898
248992
249138
249354
249549
249974
101353
101362
101402
101556
102271
105931
119686
173192
226216
246422
251443
259264
265220
264592
260484
254611
249473
246806
245426
246404
247779
248600
249290
249372
249893
250450
250679
250914
250895
250720
250683
251104
251897
251962
251411
250488
249767
249660
249661
249647
249687
249837
249886
250038
250252
250497
250528
250518
250488
250457
250423
250465
250869
250885
250671
250683
250469
250415
250487
250592
250589
250536
250417
250204
249917
249571
249300
249101
249089
249145
249280
249484
249716
249867
250234
101350
101350
101351
101356
101380
101521
102309
108759
132604
176157
222079
267400
271820
266888
254144
251050
248088
247100
247116
247314
247572
247824
248555
250356
250977
251082
251029
250977
251059
250954
250852
251259
252103
252543
252034
251215
250110
249672
249731
249744
249664
249623
249641
249670
249742
249900
249899
249861
249921
250291
250639
250995
251216
251157
250949
250490
250122
250104
250184
250273
250352
250372
250378
250255
250008
249694
249490
249270
249303
249415
249559
249783
249937
250324
250403
101350
101350
101350
101350
101351
101355
101385
101609
102928
110678
134055
183682
230390
239124
249099
258139
261930
255888
250444
249079
248881
250159
251705
252580
251846
251432
251415
251228
251010
251044
251190
251302
251121
250736
250272
250150
250088
250045
250027
249853
249666
249511
249580
249656
249765
249942
250062
250232
250392
250540
250985
251258
250980
250674
250414
249904
249808
249841
249907
250020
250159
250263
250231
250152
249993
249733
249462
249463
249510
249610
249733
249954
250148
250503
250544
101350
101350
101350
101350
101350
101350
101351
101357
101397
101667
103418
111568
147291
199568
254014
263561
261824
257575
251822
248677
249271
250554
251806
250871
250579
249897
249556
249669
250228
250619
251128
251549
251240
251044
251030
250992
250945
250801
250470
250075
249795
249523
249497
249523
249654
249804
250088
250510
250855
251211
251414
251315
250973
250436
250048
249646
249556
249617
249722
249860
250030
250176
250211
250159
250049
249859
249566
249670
249770
249857
249967
250170
250394
250583
250635
101350
101350
101350
101350
101350
101350
101350
101350
101351
101359
101414
101795
104853
121159
158720
204374
239300
246527
247274
249093
253809
256156
250193
246975
248359
248524
248930
249444
250002
250441
250488
250749
250740
250851
251271
251390
251317
251006
250553
250073
249867
249728
249645
249605
249711
249895
250221
250770
251290
251502
251391
250997
250448
250002
249421
249213
249300
249489
249703
249881
250054
250210
250210
250177
250080
249928
249761
249747
249852
249972
250108
250250
250506
250577
250509
101350
101350
101350
101350
101350
101350
101350
101350
101350
101350
101352
101365
101470
102264
106468
126734
171209
227511
240039
251737
259249
248280
244682
246659
248366
247607
247449
247942
248656
249052
248830
248963
249427
250022
250951
251314
251309
251135
250621
250061
249758
249734
249681
249704
249875
250142
250654
251119
251452
251321
250935
250337
249849
249463
249382
249450
249573
249677
249819
249954
250115
250248
250246
250204
250111
250009
249948
249959
249971
250007
250192
250333
250496
250502
250442
101350
101350
101350
101350
101350
101350
101350
101350
101350
101350
101350
101350
101354
101376
101530
102776
109608
134329
186418
229125
246337
243131
250532
260735
255831
248486
246402
247051
247928
248120
247995
247902
248280
249400
250534
250970
250903
250559
250077
249969
249880
249779
249772
249865
250144
250498
251051
251315
251268
250894
250328
249747
249560
249570
249673
249855
250054
250045
250062
250119
250227
250323
250329
250322
250214
250118
250039
249981
249994
250067
250195
250278
250363
250372
250354
101350
101350
101350
101350
101350
101350
101350
101350
101350
101350
101350
101350
101350
101351
101356
101395
101708
103671
118004
146930
190458
236124
269787
265803
250117
241408
244518
246840
248542
248857
248648
248174
248574
249850
250634
250519
250120
249842
249673
249743
249734
249659
249736
250011
250444
250831
251084
251207
250989
250495
250269
250134
250007
250071
250269
250340
250262
250035
249983
250037
250146
250262
250387
250434
250384
250220
250071
249957
249997
250062
250142
250231
250323
250344
250315
101350
101350
101350
101350
101350
101350
101350
101350
101350
101350
101350
101350
101350
101350
101350
101351
101361
101438
102083
105320
117221
155463
217271
234037
232121
243881
254789
252920
253445
251935
250285
248826
249121
250522
250502
249570
248901
249128
249648
249943
249908
249877
250005
250276
250794
250848
250904
250788
250524
250315
250218
250288
250488
250724
250810
250738
250551
250239
249955
249978
250044
250173
250381
250429
250391
250274
250105
249926
249936
249999
250105
250207
250330
250329
250211
101350
101350
101350
101350
101350
101350
101350
101350
101350
101350
101350
101350
101350
101350
101350
101350
101350
101353
101369
101482
102065
110700
118084
164809
235367
257338
254677
250390
252659
253104
250940
249829
250043
249807
248297
246962
246949
248207
249465
249811
249807
249943
250117
250443
250848
250796
250381
250301
250348
250444
250624
250894
251156
251251
251050
250784
250475
249989
249721
249768
249849
250022
250245
250260
250208
250148
250016
249888
249890
249956
250097
250168
250216
250168
249989
101350
101350
101350
101350
101350
101350
101350
101350
101350
101350
101350
101350
101350
101350
101350
101350
101350
101350
101350
101353
101380
101652
102504
110364
148172
197859
216547
238709
244568
247393
246865
248423
248434
247366
246310
246365
247205
248857
250009
249857
249772
249890
249807
249967
249921
249855
249514
249681
250083
250496
250956
251428
251515
251397
250983
250631
250309
249851
249566
249608
249701
249852
249966
249982
249979
249938
249888
249874
249911
249962
250056
250102
250025
249834
249574
101350
101350
101350
101350
101350
101350
101350
101350
101350
101350
101350
101350
101350
101350
101350
101350
101350
101350
101350
101350
101351
101358
101399
101788
105101
120313
158288
220816
227186
240949
253941
251700
248247
245945
246981
247748
249148
250327
250138
249406
248787
248891
248767
248525
248387
248494
248821
249274
249907
250659
251282
251309
251179
250894
250593
250258
249890
249441
249241
249340
249468
249550
249526
249545
249614
249704
249885
249960
249970
249966
249947
249886
249775
249577
249318
101350
101350
101350
101350
101350
101350
101350
101350
101350
101350
101350
101350
101350
101350
101350
101350
101350
101350
101350
101350
101350
101350
101352
101365
101490
102338
109067
126310
171616
228129
258005
252450
242534
248582
250819
248647
249463
250728
250282
249210
248630
248471
248356
247997
248115
248489
248862
249315
250058
250757
250669
250517
250252
249980
249781
249760
249648
249421
249165
249147
249146
249136
249123
249191
249389
249661
249950
250112
250117
250068
249941
249680
249259
249062
249050
101350
101350
101350
101350
101350
101350
101350
101350
101350
101350
101350
101350
101350
101350
101350
101350
101350
101350
101350
101350
101350
101350
101350
101351
101354
101384
101642
103040
117513
137607
190533
207958
242053
254088
247442
242231
245042
248939
249761
249570
249688
249615
249418
248686
248414
248769
249141
249706
250119
250011
249659
249382
249306
249339
249460
249470
249432
249324
249141
248980
248878
248849
248889
248945
249409
249895
250195
250220
250150
249934
249584
249253
249000
248946
249014
101350
101350
101350
101350
101350
101350
101350
101350
101350
101350
101350
101350
101350
101350
101350
101350
101350
101350
101350
101350
101350
101350
101350
101350
101350
101351
101358
101422
101968
105046
113893
157864
230928
239222
237546
243716
249187
250510
251176
251676
251736
251388
250627
249492
248969
249414
249607
249712
249399
249005
248755
248878
249308
249530
249785
249732
249688
249538
249169
248804
248551
248592
248715
249001
249730
250340
250354
250317
250177
249828
249386
249127
248962
248961
249191
101350
101350
101350
101350
101350
101350
101350
101350
101350
101350
101350
101350
101350
101350
101350
101350
101350
101350
101350
101350
101350
101350
101350
101350
101350
101350
101350
101352
101367
101484
102115
114591
123790
168772
236091
256706
249518
247700
251287
250655
250108
250853
250357
249165
248957
249435
249420
248943
248797
248423
248342
248587
249012
249398
249635
249601
249604
249499
249181
248824
248549
248559
248653
249034
249708
250406
250551
250434
250165
249730
249363
249186
249155
249263
249523
101350
101350
101350
101350
101350
101350
101350
101350
101350
101350
101350
101350
101350
101350
101350
101350
101350
101350
101350
101350
101350
101350
101350
101350
101350
101350
101350
101350
101350
101354
101391
101759
103289
113243
150294
216838
216517
245586
250744
242511
243427
248131
248903
248133
248602
248912
249524
249065
248280
248599
249100
249617
249879
250224
250245
250149
250000
249841
249464
248931
248695
248749
248834
249384
249994
250365
250462
250349
250146
249670
249464
249425
249501
249654
249975
101350
101350
101350
101350
101350
101350
101350
101350
101350
101350
101350
101350
101350
101350
101350
101350
101350
101350
101350
101350
101350
101350
101350
101350
101350
101350
101350
101350
101350
101350
101351
101362
101429
101962
106106
125664
173306
233156
246399
241855
247658
251250
250152
250208
250930
250756
250227
248858
248720
249176
250106
249952
249968
250143
250204
250188
250168
250070
249776
249311
249138
249124
249129
249555
250009
250192
250238
250207
250074
249814
249535
249670
249801
249917
250101
101350
101350
101350
101350
101350
101350
101350
101350
101350
101350
101350
101350
101350
101350
101350
101350
101350
101350
101350
101350
101350
101350
101350
101350
101350
101350
101350
101350
101350
101350
101350
101350
101352
101371
101547
102940
121763
134467
185697
245968
247572
248964
250118
251996
252539
251286
248995
249065
249561
250105
250449
250128
250063
250275
250472
250538
250691
250423
250012
249581
249281
249029
249277
249505
249818
250074
250020
250012
249961
249950
249847
249861
249731
249852
249899
101350
101350
101350
101350
101350
101350
101350
101350
101350
101350
101350
101350
101350
101350
101350
101350
101350
101350
101350
101350
101350
101350
101350
101350
101350
101350
101350
101350
101350
101350
101350
101350
101350
101351
101357
101420
102346
104595
120449
172753
212562
230422
250126
248458
243278
245241
247210
248792
249318
249808
250356
250304
250355
250424
250454
250486
250273
249692
249274
249077
248993
249038
249306
249234
249265
249601
249969
250145
250129
250093
250002
249770
249647
249564
249555
101350
101350
101350
101350
101350
101350
101350
101350
101350
101350
101350
101350
101350
101350
101350
101350
101350
101350
101350
101350
101350
101350
101350
101350
101350
101350
101350
101350
101350
101350
101350
101350
101350
101350
101350
101352
101372
101483
102577
110979
145947
192148
239823
245212
240788
244151
252178
250764
247941
248169
249467
250100
250004
249691
249657
249722
249197
248653
248484
248541
248662
248781
249166
249233
249332
249730
250126
250307
250251
250063
249788
249466
249303
249065
248967
101350
101350
101350
101350
101350
101350
101350
101350
101350
101350
101350
101350
101350
101350
101350
101350
101350
101350
101350
101350
101350
101350
101350
101350
101350
101350
101350
101350
101350
101350
101350
101350
101350
101350
101350
101350
101351
101354
101396
101835
105605
122188
158664
233439
236003
261413
260417
246711
242614
246188
249857
249605
248216
247843
248482
248705
248208
248090
248223
248469
248713
249003
249450
249643
249837
250177
250339
250385
250178
249781
249437
249132
248888
248669
248759
101350
101350
101350
101350
101350
101350
101350
101350
101350
101350
101350
101350
101350
101350
101350
101350
101350
101350
101350
101350
101350
101350
101350
101350
101350
101350
101350
101350
101350
101350
101350
101350
101350
101350
101350
101350
101350
101350
101352
101365
101503
102634
110749
134706
182692
248851
241230
243343
245530
250293
251794
249670
247740
248587
249657
249268
248363
248556
249017
249289
249418
249689
250236
250724
251052
250996
250774
250397
249874
249408
249094
248829
248695
248633
248738
101350
101350
101350
101350
101350
101350
101350
101350
101350
101350
101350
101350
101350
101350
101350
101350
101350
101350
101350
101350
101350
101350
101350
101350
101350
101350
101350
101350
101350
101350
101350
101350
101350
101350
101350
101350
101350
101350
101350
101350
101354
101395
101850
104365
135786
150956
203171
246234
255632
253366
249931
247559
248360
251393
252297
251351
250415
250116
250075
249928
249943
250221
250923
251335
251468
251192
250675
250120
249617
249336
249137
248944
248908
248975
249142
101350
101350
101350
101350
101350
101350
101350
101350
101350
101350
101350
101350
101350
101350
101350
101350
101350
101350
101350
101350
101350
101350
101350
101350
101350
101350
101350
101350
101350
101350
101350
101350
101350
101350
101350
101350
101350
101350
101350
101350
101350
101351
101365
101509
103434
109458
135179
199610
229296
251391
249306
249916
253157
253785
253015
251143
250874
250689
249992
249490
249647
250421
251273
251489
251333
250791
250107
249767
249785
250003
250177
250052
249857
249804
249868
101350
101350
101350
101350
101350
101350
101350
101350
101350
101350
101350
101350
101350
101350
101350
101350
101350
101350
101350
101350
101350
101350
101350
101350
101350
101350
101350
101350
101350
101350
101350
101350
101350
101350
101350
101350
101350
101350
101350
101350
101350
101350
101351
101355
101417
101771
104782
122206
171372
234472
253295
255206
255378
250611
248206
249143
249247
247841
247350
248446
249531
250236
250597
250585
250190
249894
249789
250021
250831
251555
251509
251072
250777
250658
250540
101350
101350
101350
101350
101350
101350
101350
101350
101350
101350
101350
101350
101350
101350
101350
101350
101350
101350
101350
101350
101350
101350
101350
101350
101350
101350
101350
101350
101350
101350
101350
101350
101350
101350
101350
101350
101350
101350
101350
101350
101350
101350
101350
101350
101352
101364
101503
102820
119107
143946
197432
245638
243898
239410
243405
247990
246999
246171
247033
248965
250201
249718
249006
248599
248669
249213
250189
251573
252522
252617
252126
251470
251256
251086
250772
101350
101350
101350
101350
101350
101350
101350
101350
101350
101350
101350
101350
101350
101350
101350
101350
101350
101350
101350
101350
101350
101350
101350
101350
101350
101350
101350
101350
101350
101350
101350
101350
101350
101350
101350
101350
101350
101350
101350
101350
101350
101350
101350
101350
101350
101350
101356
101417
102425
106577
135153
203824
224629
243244
253237
253148
247495
246513
249990
252066
251204
248470
247286
247327
248195
249819
251990
253544
253556
253147
251905
251472
251414
251230
250740
101350
101350
101350
101350
101350
101350
101350
101350
101350
101350
101350
101350
101350
101350
101350
101350
101350
101350
101350
101350
101350
101350
101350
101350
101350
101350
101350
101350
101350
101350
101350
101350
101350
101350
101350
101350
101350
101350
101350
101350
101350
101350
101350
101350
101350
101350
101350
101352
101383
101629
105709
117294
171246
240711
260111
255321
244106
245782
252050
252738
249880
247440
246914
247498
249226
251450
253077
253825
253460
252431
251633
251291
251305
251165
250646
101350
101350
101350
101350
101350
101350
101350
101350
101350
101350
101350
101350
101350
101350
101350
101350
101350
101350
101350
101350
101350
101350
101350
101350
101350
101350
101350
101350
101350
101350
101350
101350
101350
101350
101350
101350
101350
101350
101350
101350
101350
101350
101350
101350
101350
101350
101350
101350
101351
101362
101535
102699
118415
148969
205275
231849
235694
247000
252793
250029
247363
247379
247988
248940
250694
252593
253092
252545
251246
249541
250210
250669
250563
250352
249523
101350
101350
101350
101350
101350
101350
101350
101350
101350
101350
101350
101350
101350
101350
101350
101350
101350
101350
101350
101350
101350
101350
101350
101350
101350
101350
101350
101350
101350
101350
101350
101350
101350
101350
101350
101350
101350
101350
101350
101350
101350
101350
101350
101350
101350
101350
101350
101350
101350
101350
101356
101418
102230
107788
126698
185972
239392
247236
250864
250175
250683
250096
249917
250904
252434
252802
251592
248982
247561
247877
249540
249903
249878
249646
248769
101350
101350
101350
101350
101350
101350
101350
101350
101350
101350
101350
101350
101350
101350
101350
101350
101350
101350
101350
101350
101350
101350
101350
101350
101350
101350
101350
101350
101350
101350
101350
101350
101350
101350
101350
101350
101350
101350
101350
101350
101350
101350
101350
101350
101350
101350
101350
101350
101350
101350
101350
101352
101380
101626
103714
121730
182770
220412
237298
250964
251176
248880
249691
253089
253659
252041
247784
244859
245352
247308
249353
250060
249843
249147
248345
101350
101350
101350
101350
101350
101350
101350
101350
101350
101350
101350
101350
101350
101350
101350
101350
101350
101350
101350
101350
101350
101350
101350
101350
101350
101350
101350
101350
101350
101350
101350
101350
101350
101350
101350
101350
101350
101350
101350
101350
101350
101350
101350
101350
101350
101350
101350
101350
101350
101350
101350
101350
101351
101359
101468
102885
116649
161022
200110
245111
244804
247599
254667
257395
254981
249599
245038
244423
245889
248926
250390
250683
249832
248719
248347
101350
101350
101350
101350
101350
101350
101350
101350
101350
101350
101350
101350
101350
101350
101350
101350
101350
101350
101350
101350
101350
101350
101350
101350
101350
101350
101350
101350
101350
101350
101350
101350
101350
101350
101350
101350
101350
101350
101350
101350
101350
101350
101350
101350
101350
101350
101350
101350
101350
101350
101350
101350
101350
101350
101355
101418
102456
109839
138176
196698
234544
254412
261378
256987
251912
246471
244100
245689
249260
251113
250952
250213
249266
248597
249018
101350
101350
101350
101350
101350
101350
101350
101350
101350
101350
101350
101350
101350
101350
101350
101350
101350
101350
101350
101350
101350
101350
101350
101350
101350
101350
101350
101350
101350
101350
101350
101350
101350
101350
101350
101350
101350
101350
101350
101350
101350
101350
101350
101350
101350
101350
101350
101350
101350
101350
101350
101350
101350
101350
101350
101353
101389
101759
106039
120590
173579
229806
245325
252477
251393
248169
248097
250503
251867
251182
249676
248332
248442
248710
250143
101350
101350
101350
101350
101350
101350
101350
101350
101350
101350
101350
101350
101350
101350
101350
101350
101350
101350
101350
101350
101350
101350
101350
101350
101350
101350
101350
101350
101350
101350
101350
101350
101350
101350
101350
101350
101350
101350
101350
101350
101350
101350
101350
101350
101350
101350
101350
101350
101350
101350
101350
101350
101350
101350
101350
101350
101351
101364
101535
102980
119197
165446
206989
241233
253704
254886
255857
255150
252575
250110
247740
247035
247794
249641
251307
101350
101350
101350
101350
101350
101350
101350
101350
101350
101350
101350
101350
101350
101350
101350
101350
101350
101350
101350
101350
101350
101350
101350
101350
101350
101350
101350
101350
101350
101350
101350
101350
101350
101350
101350
101350
101350
101350
101350
101350
101350
101350
101350
101350
101350
101350
101350
101350
101350
101350
101350
101350
101350
101350
101350
101350
101350
101350
101356
101431
102544
111171
147921
193211
237964
255811
248486
248739
248820
247521
246137
246781
248652
250869
251882
101350
101350
101350
101350
101350
101350
101350
101350
101350
101350
101350
101350
101350
101350
101350
101350
101350
101350
101350
101350
101350
101350
101350
101350
101350
101350
101350
101350
101350
101350
101350
101350
101350
101350
101350
101350
101350
101350
101350
101350
101350
101350
101350
101350
101350
101350
101350
101350
101350
101350
101350
101350
101350
101350
101350
101350
101350
101350
101350
101353
101395
101921
106816
130445
186129
238134
241932
251396
250808
247390
246720
247969
249662
251315
251363
101350
101350
101350
101350
101350
101350
101350
101350
101350
101350
101350
101350
101350
101350
101350
101350
101350
101350
101350
101350
101350
101350
101350
101350
101350
101350
101350
101350
101350
101350
101350
101350
101350
101350
101350
101350
101350
101350
101350
101350
101350
101350
101350
101350
101350
101350
101350
101350
101350
101350
101350
101350
101350
101350
101350
101350
101350
101350
101350
101350
101351
101369
101604
104602
119026
169557
230790
253000
251711
248985
249005
249749
249889
250125
249846
101350
101350
101350
101350
101350
101350
101350
101350
101350
101350
101350
101350
101350
101350
101350
101350
101350
101350
101350
101350
101350
101350
101350
101350
101350
101350
101350
101350
101350
101350
101350
101350
101350
101350
101350
101350
101350
101350
101350
101350
101350
101350
101350
101350
101350
101350
101350
101350
101350
101350
101350
101350
101350
101350
101350
101350
101350
101350
101350
101350
101350
101351
101359
101505
102949
118331
172349
211466
234682
256094
250560
247325
248532
249587
248651
101350
101350
101350
101350
101350
101350
101350
101350
101350
101350
101350
101350
101350
101350
101350
101350
101350
101350
101350
101350
101350
101350
101350
101350
101350
101350
101350
101350
101350
101350
101350
101350
101350
101350
101350
101350
101350
101350
101350
101350
101350
101350
101350
101350
101350
101350
101350
101350
101350
101350
101350
101350
101350
101350
101350
101350
101350
101350
101350
101350
101350
101350
101350
101356
101439
102966
114377
153770
223256
251959
248678
249176
250078
249697
249880
101350
101350
101350
101350
101350
101350
101350
101350
101350
101350
101350
101350
101350
101350
101350
101350
101350
101350
101350
101350
101350
101350
101350
101350
101350
101350
101350
101350
101350
101350
101350
101350
101350
101350
101350
101350
101350
101350
101350
101350
101350
101350
101350
101350
101350
101350
101350
101350
101350
101350
101350
101350
101350
101350
101350
101350
101350
101350
101350
101350
101350
101350
101350
101350
101354
101428
102285
112912
137961
193379
238950
252077
251170
250289
251091
101350
101350
101350
101350
101350
101350
101350
101350
101350
101350
101350
101350
101350
101350
101350
101350
101350
101350
101350
101350
101350
101350
101350
101350
101350
101350
101350
101350
101350
101350
101350
101350
101350
101350
101350
101350
101350
101350
101350
101350
101350
101350
101350
101350
101350
101350
101350
101350
101350
101350
101350
101350
101350
101350
101350
101350
101350
101350
101350
101350
101350
101350
101350
101350
101350
101353
101391
102148
106378
135466
197932
242771
239483
245456
251264
101350
101350
101350
101350
101350
101350
101350
101350
101350
101350
101350
101350
101350
101350
101350
101350
101350
101350
101350
101350
101350
101350
101350
101350
101350
101350
101350
101350
101350
101350
101350
101350
101350
101350
101350
101350
101350
101350
101350
101350
101350
101350
101350
101350
101350
101350
101350
101350
101350
101350
101350
101350
101350
101350
101350
101350
101350
101350
101350
101350
101350
101350
101350
101350
101350
101350
101352
101379
101700
105943
133056
193060
217247
257243
252726
101350
101350
101350
101350
101350
101350
101350
101350
101350
101350
101350
101350
101350
101350
101350
101350
101350
101350
101350
101350
101350
101350
101350
101350
101350
101350
101350
101350
101350
101350
101350
101350
101350
101350
101350
101350
101350
101350
101350
101350
101350
101350
101350
101350
101350
101350
101350
101350
101350
101350
101350
101350
101350
101350
101350
101350
101350
101350
101350
101350
101350
101350
101350
101350
101350
101350
101350
101351
101368
101661
105525
125130
178293
233244
243401
101350
101350
101350
101350
101350
101350
101350
101350
101350
101350
101350
101350
101350
101350
101350
101350
101350
101350
101350
101350
101350
101350
101350
101350
101350
101350
101350
101350
101350
101350
101350
101350
101350
101350
101350
101350
101350
101350
101350
101350
101350
101350
101350
101350
101350
101350
101350
101350
101350
101350
101350
101350
101350
101350
101350
101350
101350
101350
101350
101350
101350
101350
101350
101350
101350
101350
101350
101350
101351
101364
101592
103912
128873
160594
224445
101350
101350
101350
101350
101350
101350
101350
101350
101350
101350
101350
101350
101350
101350
101350
101350
101350
101350
101350
101350
101350
101350
101350
101350
101350
101350
101350
101350
101350
101350
101350
101350
101350
101350
101350
101350
101350
101350
101350
101350
101350
101350
101350
101350
101350
101350
101350
101350
101350
101350
101350
101350
101350
101350
101350
101350
101350
101350
101350
101350
101350
101350
101350
101350
101350
101350
101350
101350
101350
101351
101359
101496
103939
115259
179104
101350
101350
101350
101350
101350
101350
101350
101350
101350
101350
101350
101350
101350
101350
101350
101350
101350
101350
101350
101350
101350
101350
101350
101350
101350
101350
101350
101350
101350
101350
101350
101350
101350
101350
101350
101350
101350
101350
101350
101350
101350
101350
101350
101350
101350
101350
101350
101350
101350
101350
101350
101350
101350
101350
101350
101350
101350
101350
101350
101350
101350
101350
101350
101350
101350
101350
101350
101350
101350
101350
101350
101356
101468
102861
131095
101350
101350
101350
101350
101350
101350
101350
101350
101350
101350
101350
101350
101350
101350
101350
101350
101350
101350
101350
101350
101350
101350
101350
101350
101350
101350
101350
101350
101350
101350
101350
101350
101350
101350
101350
101350
101350
101350
101350
101350
101350
101350
101350
101350
101350
101350
101350
101350
101350
101350
101350
101350
101350
101350
101350
101350
101350
101350
101350
101350
101350
101350
101350
101350
101350
101350
101350
101350
101350
101350
101350
101350
101356
101517
108358
101350
101350
101350
101350
101350
101350
101350
101350
101350
101350
101350
101350
101350
101350
101350
101350
101350
101350
101350
101350
101350
101350
101350
101350
101350
101350
101350
101350
101350
101350
101350
101350
101350
101350
101350
101350
101350
101350
101350
101350
101350
101350
101350
101350
101350
101350
101350
101350
101350
101350
101350
101350
101350
101350
101350
101350
101350
101350
101350
101350
101350
101350
101350
101350
101350
101350
101350
101350
101350
101350
101350
101350
101351
101372
102456
101350
101350
101350
101350
101350
101350
101350
101350
101350
101350
101350
101350
101350
101350
101350
101350
101350
101350
101350
101350
101350
101350
101350
101350
101350
101350
101350
101350
101350
101350
101350
101350
101350
101350
101350
101350
101350
101350
101350
101350
101350
101350
101350
101350
101350
101350
101350
101350
101350
101350
101350
101350
101350
101350
101350
101350
101350
101350
101350
101350
101350
101350
101350
101350
101350
101350
101350
101350
101350
101350
101350
101350
101350
101353
101470
101350
101350
101350
101350
101350
101350
101350
101350
101350
101350
101350
101350
101350
101350
101350
101350
101350
101350
101350
101350
101350
101350
101350
101350
101350
101350
101350
101350
101350
101350
101350
101350
101350
101350
101350
101350
101350
101350
101350
101350
101350
101350
101350
101350
101350
101350
101350
101350
101350
101350
101350
101350
101350
101350
101350
101350
101350
101350
101350
101350
101350
101350
101350
101350
101350
101350
101350
101350
101350
101350
101350
101350
101350
101350
101359
101350
101350
101350
101350
101350
101350
101350
101350
101350
101350
101350
101350
101350
101350
101350
101350
101350
101350
101350
101350
101350
101350
101350
101350
101350
101350
101350
101350
101350
101350
101350
101350
101350
101350
101350
101350
101350
101350
101350
101350
101350
101350
101350
101350
101350
101350
101350
101350
101350
101350
101350
101350
101350
101350
101350
101350
101350
101350
101350
101350
101350
101350
101350
101350
101350
101350
101350
101350
101350
101350
101350
101350
101350
101350
101351
101350
101350
101350
101350
101350
101350
101350
101350
101350
101350
101350
101350
101350
101350
101350
101350
101350
101350
101350
101350
101350
101350
101350
101350
101350
101350
101350
101350
101350
101350
101350
101350
101350
101350
101350
101350
101350
101350
101350
101350
101350
101350
101350
101350
101350
101350
101350
101350
101350
101350
101350
101350
101350
101350
101350
101350
101350
101350
101350
101350
101350
101350
101350
101350
101350
101350
101350
101350
101350
101350
101350
101350
101350
101350
101350
101350
101350
101350
101350
101350
101350
101350
101350
101350
101350
101350
101350
101350
101350
101350
101350
101350
101350
101350
101350
101350
101350
101350
101350
101350
101350
101350
101350
101350
101350
101350
101350
101350
101350
101350
101350
101350
101350
101350
101350
101350
101350
101350
101350
101350
101350
101350
101350
101350
101350
101350
101350
101350
101350
101350
101350
101350
101350
101350
101350
101350
101350
101350
101350
101350
101350
101350
101350
101350
101350
101350
101350
101350
101350
101350
101350
101350
101350
101350
101350
101350
101350
101350
101350
101350
101350
101350
101350
101350
101350
101350
101350
101350
101350
101350
101350
101350
101350
101350
101350
101350
101350
101350
101350
101350
101350
101350
101350
101350
101350
101350
101350
101350
101350
101350
101350
101350
101350
101350
101350
101350
101350
101350
101350
101350
101350
101350
101350
101350
101350
101350
101350
101350
101350
101350
101350
101350
101350
101350
101350
101350
101350
101350
101350
101350
101350
101350
101350
101350
101350
101350
101350
101350
101350
101350
101350
101350
101350
101350
101350
101350
101350
101350
101350
101350
101350
101350
101350
101350
101350
101350
101350
101350
101350
101350
101350
101350
101350
101350
101350
101350
101350
101350
101350
101350
101350
101350
101350
101350
101350
101350
101350
101350
101350
101350
101350
101350
101350
101350
101350
101350
101350
101350
101350
101350
101350
101350
101350
101350
101350
101350
101350
101350
101350
101350
101350
101350
101350
101350
101350
101350
101350
101350
101350
101350
101350
101350
101350
101350
101350
101350
101350
101350
101350
101350
101350
101350
101350
101350
101350
101350
101350
101350
101350
101350
101350
101350
101350
101350
101350
101350
101350
101350
101350
101350
101350
101350
101350
101350
101350
101350
101350
101350
101350
101350
101350
101350
101350
101350
101350
101350
101350
101350
101350
101350
101350
101350
101350
101350
101350
101350
101350
101350
101350
101350
101350
101350
101350
101350
101350
101350
101350
101350
101350
101350
101350
101350
101350
101350
101350
101350
101350
101350
101350
101350
101350
101350
101350
101350
101350
101350
101350
101350
101350
101350
101350
101350
101350
101350
101350
101350
101350
101350
101350
101350
101350
101350
101350
101350
101350
101350
101350
101350
101350
101350
101350
101350
101350
101350
101350
101350
101350
101350
101350
101350
101350
101350
101350
101350
101350
101350
101350
101350
101350
101350
101350
101350
101350
101350
101350
101350
101350
101350
101350
101350
101350
101350
101350
101350
101350
101350
101350
101350
101350
101350
101350
101350
101350
101350
101350
101350
101350
101350
101350
101350
101350
101350
101350
101350
101350
101350
101350
101350
101350
101350
101350
101350
101350
101350
101350
101350
101350
101350
101350
101350
101350
101350
101350
101350
101350
101350
101350
101350
101350
101350
101350
101350
101350
101350
101350
101350
101350
101350
101350
101350
101350
101350
101350
101350
101350
101350
101350
101350
101350
101350
101350
101350
101350
101350
101350
101350
101350
101350
101350
101350
101350
101350
101350
101350
101350
101350
101350
101350
101350
101350
101350
101350
101350
101350
101350
101350
101350
101350
101350
101350
101350
101350
101350
101350
101350
101350
101350
101350
101350
101350
101350
101350
101350
101350
101350
101350
101350
101350
101350
101350
101350
101350
101350
101350
101350
101350
101350
101350
101350
101350
101350
101350
101350
101350
101350
101350
101350
101350
101350
101350
101350
101350
101350
101350
101350
101350
101350
101350
101350
101350
101350
101350
101350
101350
101350
101350
101350
101350
101350
101350
101350
101350
101350
101350
101350
101350
101350
101350
101350
101350
101350
101350
101350
101350
101350
101350
101350
101350
101350
101350
101350
101350
101350
101350
101350
101350
101350
101350
101350
101350
101350
101350
101350
101350
101350
101350
101350
101350
101350
101350
101350
101350
101350
101350
101350
101350
101350
101350
101350
101350
101350
101350
101350
101350
101350
101350
101350
101350
101350
101350
101350
101350
101350
101350
101350
101350
101350
101350
101350
101350
101350
101350
101350
101350
101350
101350
101350
101350
101350
101350
101350
101350
101350
101350
101350
101350
101350
101350
101350
101350
101350
101350
101350
101350
101350
101350
101350
101350
101350
101350
101350
101350
101350
101350
101350
101350
101350
101350
101350
101350
101350
101350
101350
101350
101350
101350
101350
101350
101350
101350
101350
101350
101350
101350
101350
101350
101350
101350
101350
101350
101350
101350
101350
101350
101350
101350
101350
101350
101350
101350
101350
101350
101350
101350
101350
101350
101350
101350
101350
101350
101350
101350
101350
101350
101350
101350
101350
101350
101350
101350
101350
101350
101350
101350
101350
101350
101350
101350
101350
101350
101350
101350
101350
101350
101350
101350
101350
101350
101350
101350
101350
101350
101350
101350
101350
101350
101350
101350
101350
101350
101350
101350
101350
101350
101350
101350
101350
101350
101350
101350
101350
101350
101350
101350
101350
101350
101350
101350
101350
101350
101350
101350
101350
101350
101350
101350
101350
101350
101350
101350
101350
101350
101350
101350
101350
101350
101350
101350
101350
101350
101350
101350
101350
101350
101350
101350
101350
101350
101350
101350
101350
101350
101350
101350
101350
101350
101350
101350
101350
101350
101350
101350
101350
101350
101350
101350
101350
101350
101350
101350
101350
101350
101350
101350
101350
101350
101350
101350
101350
101350
101350
101350
101350
101350
101350
101350
101350
101350
101350
101350
101350
101350
101350
101350
101350
101350
101350
101350
101350
101350
101350
101350
101350
101350
101350
101350
101350
101350
101350
101350
101350
101350
101350
101350
101350
101350
101350
101350
101350
101350
101350
101350
101350
101350
101350
101350
101350
101350
101350
101350
101350
101350
101350
101350
101350
101350
101350
101350
101350
101350
101350
101350
101350
101350
101350
101350
101350
101350
101350
101350
101350
101350
101350
101350
101350
101350
101350
101350
101350
101350
101350
101350
101350
101350
101350
101350
101350
101350
101350
101350
101350
101350
101350
101350
101350
101350
101350
101350
101350
101350
101350
101350
101350
101350
101350
101350
101350
101350
101350
101350
101350
101350
101350
101350
101350
101350
101350
101350
101350
101350
101350
101350
101350
101350
101350
101350
101350
101350
101350
101350
101350
101350
101350
101350
101350
101350
101350
101350
101350
101350
101350
101350
101350
101350
101350
101350
101350
101350
101350
101350
101350
101350
101350
101350
101350
101350
101350
101350
101350
101350
101350
101350
101350
101350
101350
101350
101350
101350
101350
101350
101350
101350
101350
101350
101350
101350
101350
101350
101350
101350
101350
101350
101350
101350
101350
101350
101350
101350
101350
101350
101350
101350
101350
101350
101350
101350
101350
101350
101350
101350
101350
101350
101350
101350
101350
101350
101350
101350
101350
101350
101350
101350
101350
101350
101350
101350
101350
101350
101350
101350
101350
101350
101350
101350
101350
101350
101350
101350
101350
101350
101350
101350
101350
101350
101350
101350
101350
101350
101350
101350
101350
101350
101350
101350
101350
101350
101350
101350
101350
101350
101350
101350
101350
101350
101350
101350
101350
101350
101350
101350
101350
101350
101350
101350
101350
101350
101350
101350
101350
101350
101350
101350
101350
101350
101350
101350
101350
101350
101350
101350
101350
101350
101350
101350
101350
101350
101350
101350
101350
101350
101350
101350
101350
101350
101350
101350
101350
101350
101350
101350
101350
101350
101350
101350
101350
101350
101350
101350
101350
101350
101350
101350
101350
101350
101350
101350
101350
101350
101350
101350
101350
101350
101350
101350
101350
101350
101350
101350
101350
101350
101350
101350
101350
101350
101350
101350
101350
101350
101350
101350
101350
101350
101350
101350
101350
101350
101350
101350
101350
101350
101350
101350
101350
101350
101350
101350
101350
101350
101350
101350
101350
101350
101350
101350
101350
101350
101350
101350
101350
101350
101350
101350
101350
101350
101350
101350
101350
101350
101350
101350
101350
101350
101350
101350
101350
101350
101350
101350
101350
101350
101350
101350
101350
101350
101350
101350
101350
101350
101350
101350
101350
101350
101350
101350
101350
101350
101350
101350
101350
101350
101350
101350
101350
101350
101350
101350
101350
101350
101350
101350
101350
101350
101350
101350
101350
101350
101350
101350
101350
101350
101350
101350
101350
101350
101350
101350
101350
101350
101350
101350
101350
101350
101350
101350
101350
101350
101350
101350
101350
101350
101350
101350
101350
101350
101350
101350
101350
101350
101350
101350
101350
101350
101350
101350
101350
101350
101350
101350
101350
101350
101350
101350
101350
101350
101350
101350
101350
101350
101350
101350
101350
101350
101350
101350
101350
101350
101350
101350
101350
101350
101350
101350
101350
101350
101350
101350
101350
101350
101350
101350
101350
101350
101350
101350
101350
101350
101350
101350
101350
101350
101350
101350
101350
101350
101350
101350
101350
101350
101350
101350
101350
101350
101350
101350
101350
101350
101350
101350
101350
101350
101350
101350
101350
101350
101350
101350
101350
101350
101350
101350
101350
101350
101350
101350
101350
101350
101350
101350
101350
101350
101350
101350
101350
101350
101350
)
;

boundaryField
{
    inlet
    {
        type            fixedValue;
        value           uniform 101350;
    }
    outlet
    {
        type            zeroGradient;
    }
    bottom
    {
        type            symmetryPlane;
    }
    top
    {
        type            symmetryPlane;
    }
    obstacle
    {
        type            zeroGradient;
    }
    defaultFaces
    {
        type            empty;
    }
}


// ************************************************************************* //
