/*--------------------------------*- C++ -*----------------------------------*\
| =========                 |                                                 |
| \\      /  F ield         | OpenFOAM: The Open Source CFD Toolbox           |
|  \\    /   O peration     | Version:  v1812                                 |
|   \\  /    A nd           | Web:      www.OpenFOAM.com                      |
|    \\/     M anipulation  |                                                 |
\*---------------------------------------------------------------------------*/
FoamFile
{
    version     2.0;
    format      ascii;
    class       volScalarField;
    location    "0.0055";
    object      p;
}
// * * * * * * * * * * * * * * * * * * * * * * * * * * * * * * * * * * * * * //

dimensions      [1 -1 -2 0 0 0 0];


internalField   nonuniform List<scalar> 
8475
(
101350
101350
101350
101350
101350
101350
101350
101350
101350
101350
101350
101350
101350
101350
101350
101350
101350
101350
101350
101350
101350
101350
101350
101350
101350
101350
101350
101350
101350
101350
101350
101350
101350
101350
101350
101350
101357
101809
101350
101350
101350
101350
101350
101350
101350
101350
101350
101350
101350
101350
101350
101350
101350
101350
101350
101350
101350
101350
101350
101350
101350
101350
101350
101350
101350
101350
101350
101350
101350
101350
101350
101350
101350
101350
101353
101479
101350
101350
101350
101350
101350
101350
101350
101350
101350
101350
101350
101350
101350
101350
101350
101350
101350
101350
101350
101350
101350
101350
101350
101350
101350
101350
101350
101350
101350
101350
101350
101350
101350
101350
101350
101350
101351
101371
101350
101350
101350
101350
101350
101350
101350
101350
101350
101350
101350
101350
101350
101350
101350
101350
101350
101350
101350
101350
101350
101350
101350
101350
101350
101350
101350
101350
101350
101350
101350
101350
101350
101350
101350
101350
101350
101352
101350
101350
101350
101350
101350
101350
101350
101350
101350
101350
101350
101350
101350
101350
101350
101350
101350
101350
101350
101350
101350
101350
101350
101350
101350
101350
101350
101350
101350
101350
101350
101350
101350
101350
101350
101350
101350
101350
101350
101350
101350
101350
101350
101350
101350
101350
101350
101350
101350
101350
101350
101350
101350
101350
101350
101350
101350
101350
101350
101350
101350
101350
101350
101350
101350
101350
101350
101350
101350
101350
101350
101350
101350
101350
101350
101350
101350
101350
101350
101350
101350
101350
101350
101350
101350
101350
101350
101350
101350
101350
101350
101350
101350
101350
101350
101350
101350
101350
101350
101350
101350
101350
101350
101350
101350
101350
101350
101350
101350
101350
101350
101350
101350
101350
101350
101350
101350
101350
101350
101350
101350
101350
101350
101350
101350
101350
101350
101350
101350
101350
101350
101350
101350
101350
101350
101350
101350
101350
101350
101350
101350
101350
101350
101350
101350
101350
101350
101350
101350
101350
101350
101350
101350
101350
101350
101350
101350
101350
101350
101350
101350
101350
101350
101350
101350
101350
101350
101350
101350
101350
101350
101350
101350
101350
101350
101350
101350
101350
101350
101350
101350
101350
101350
101350
101350
101350
101350
101350
101350
101350
101350
101350
101350
101350
101350
101350
101350
101350
101350
101350
101350
101350
101350
101350
101350
101350
101350
101350
101350
101350
101350
101350
101350
101350
101350
101350
101350
101350
101350
101350
101350
101350
101350
101350
101350
101350
101350
101350
101350
101350
101350
101350
101350
101350
101350
101350
101350
101350
101350
101350
101350
101350
101350
101350
101350
101350
101350
101350
101350
101350
101350
101350
101350
101350
101350
101350
101350
101350
101350
101350
101350
101350
101350
101350
101350
101350
101350
101350
101350
101350
101350
101350
101350
101350
101350
101350
101350
101350
101350
101350
101350
101350
101350
101350
101350
101350
101350
101350
101350
101350
101350
101350
101350
101350
101350
101350
101350
101350
101350
101350
101350
101350
101350
101350
101350
101350
101350
101350
101350
101350
101350
101350
101350
101350
101350
101350
101350
101350
101350
101350
101350
101350
101350
101350
101350
101350
101350
101350
101350
101350
101350
101350
101350
101350
101350
101350
101350
101350
101350
101350
101350
101350
101350
101350
101350
101350
101350
101350
101350
101350
101350
101350
101350
101350
101350
101350
101350
101350
101350
101350
101350
101350
101350
101350
101350
101350
101350
101350
101350
101350
101350
101350
101350
101350
101350
101350
101350
101350
101350
101350
101350
101350
101350
101350
101350
101350
101350
101350
101350
101350
101350
101350
101350
101350
101350
101350
101350
101350
101350
101350
101350
101350
101350
101350
101350
101350
101350
101350
101350
101350
101350
101350
101350
101350
101350
101350
101350
101350
101350
101350
101350
101350
101350
101350
101350
101350
101350
101350
101350
101350
101350
101350
101350
101350
101350
101350
101350
101350
101350
101350
101350
101350
101350
101350
101350
101350
101350
101350
101350
101350
101350
101350
101350
101350
101350
101350
101350
101350
101350
101350
101350
101350
101350
101350
101350
101350
101350
101350
101350
101350
101350
101350
101350
101350
101350
101350
101350
101350
101350
101350
101350
101350
101350
101350
101350
101350
101350
101350
101350
101350
101350
101350
101350
101350
101350
101350
101350
101350
101350
101350
101350
101350
101350
101350
101350
101350
101350
101350
101350
101350
101350
101350
101350
101350
101350
101350
101350
101350
101350
101350
101350
101350
101350
101350
101350
101350
101350
101350
101350
101350
101350
101350
101350
101350
101350
101350
101350
101350
101350
101350
101350
101350
101350
101350
101350
101350
101350
101350
101350
101350
101350
101350
101350
101350
101350
101350
101350
101350
101350
101350
101350
101350
101350
101350
101350
101350
101350
101350
101350
101350
101350
101350
101350
101350
101350
101350
101350
101350
101350
101350
101350
101350
101350
101350
101350
101350
101350
101350
101350
101350
101350
101350
101350
101350
101350
101350
101350
101350
101350
101350
101350
101350
101350
101350
101350
101350
101350
101350
101350
101350
101350
101350
101350
101350
101350
101350
101350
101350
101350
101350
101350
101350
101350
101350
101350
101350
101350
101350
101350
101350
101350
101350
101350
101350
101350
101350
101350
101350
101350
101350
101350
101350
101350
101350
101350
101350
101350
101350
101350
101350
101350
101350
101350
101350
101350
101350
101350
101350
101350
101350
101350
101350
101350
101350
101350
101350
101350
101350
101350
101350
101350
101350
101350
101350
101350
101350
101350
101350
101350
101350
101350
101350
101350
101350
101350
101350
101350
101350
101350
101350
101350
101350
101350
101350
101350
101350
101350
101350
101350
101350
101350
101350
101350
101350
101350
101350
101350
101350
101350
101350
101350
101350
101350
101350
101350
101350
101350
101350
101350
101350
101350
101350
101350
101350
101350
101350
101350
101350
101350
101350
101350
101350
101350
101350
101350
101350
101350
101350
101350
101350
101350
101350
101350
101350
101350
101350
101350
101350
101350
101350
101350
101350
101350
101350
101350
101350
101350
101350
101350
101350
101350
101350
101350
101350
101350
101350
101350
101350
101350
101350
101350
101350
101350
101350
101350
101350
101350
101350
101350
101350
101350
101350
101350
101350
101350
101350
101350
101350
101350
101350
101350
101350
101350
101350
101350
101350
101350
101350
101350
101350
101350
101350
101350
101350
101350
101350
101350
101350
101350
101350
101350
101350
101350
101350
101350
101350
101350
101350
101350
101350
101350
101350
101350
101350
101350
101350
101350
101350
101350
101350
101350
101350
101350
101350
101350
101350
101350
101350
101350
101350
101350
101350
101350
101350
101350
101350
101350
101350
101350
101350
101350
101350
101350
101350
101350
101350
101350
101350
101350
101350
101350
101350
101350
101350
101350
101350
101350
101350
101350
101350
101350
101350
101350
101350
101350
101350
101350
101350
101350
101350
101350
101350
101350
101350
101350
101350
101350
101350
101350
101350
101350
101350
101350
101350
101350
101350
101350
101350
101350
101350
101350
101350
101350
101350
101350
101350
101350
101350
101350
101350
101350
101350
101350
101350
101350
101350
101350
101350
101350
101350
101350
101350
101350
101350
101350
101350
101350
101350
101350
101350
101350
101350
101350
101350
101350
101350
101350
101350
101350
101350
101350
101350
101350
101350
101350
101350
101350
101350
101350
101350
101350
101350
101350
101350
101350
101350
101350
101350
101350
101350
101350
101350
101350
101350
101350
101350
101350
101350
101350
101350
101350
101350
101350
101350
101350
101350
101350
101350
101350
101350
101350
101350
101350
101350
101350
101350
101350
101350
101350
101350
101350
101350
101350
101350
101350
101350
101350
101350
101350
101350
101350
101350
101350
101350
101350
101350
101350
101350
101350
101350
101350
101350
101350
101350
101350
101350
101350
101350
101350
101350
101350
101350
101350
101350
101350
101350
101350
101350
101350
101350
101350
101350
101350
101350
101350
101350
101350
101350
101350
101350
101350
101350
101350
101350
101350
101350
101350
101350
101350
101350
101350
101350
101350
101350
101350
101350
101350
101350
101350
101350
101350
101350
101350
101350
101350
101350
101350
101350
101350
101350
101350
101350
101350
101350
101350
101350
101350
101350
101350
101350
101350
101350
101350
101350
101350
101350
101350
101350
101350
101350
101350
101350
101350
101350
101350
101350
101350
101350
101350
101350
101350
101350
101350
101350
101350
101350
101350
101350
101350
101350
101350
101350
101350
101350
101350
101350
101350
101350
101350
101350
101350
101350
101350
101350
101350
101350
101350
101350
101350
101350
101350
101350
101350
101350
101350
101350
101350
101350
101350
101350
101350
101350
101350
101350
101350
101350
101350
101350
101350
101350
101350
101350
101350
101350
101350
101350
101350
101350
101350
101350
101350
101350
101350
101350
101350
101350
101350
101350
101350
101350
101350
101350
101350
101350
101350
101350
101350
101350
101350
101350
101350
101350
101350
101350
101350
101350
101350
101350
101350
101350
101350
101350
101350
101350
101350
101350
101350
101350
101350
101350
101350
101350
101350
101350
101350
101350
101350
101350
101350
101350
101350
101350
101350
101350
101350
101350
101350
101350
101350
101350
101350
101350
101350
101350
101350
101350
101350
101350
101350
101350
101350
101350
101350
101350
101350
101350
101350
101350
101350
101350
101350
101350
101350
101350
101350
101350
101350
101350
101350
101350
101350
101350
101350
101350
101350
101350
101350
101350
101350
101350
101350
101350
101350
101350
101350
101350
101350
101350
101350
101350
101350
101350
101350
101350
101350
101350
101350
101350
101350
101350
101350
101350
101350
101350
101350
101350
101350
101350
101350
101350
101350
101350
101350
101350
101350
101350
101350
101350
101350
101350
101350
101350
101350
101350
101350
101350
101350
101350
101350
101350
101350
101350
101350
101350
101350
101350
101350
101350
101350
101350
101350
101350
101350
101350
101350
101350
101350
101350
101350
101350
101350
101350
101350
101350
101350
101350
101350
101350
101350
101350
101350
101350
101350
101350
101350
101350
101350
101350
101350
101350
101350
101350
101350
101350
101350
101350
101350
101350
101350
101350
101350
101350
101350
101350
101350
101350
101350
101350
101350
101350
101350
101350
101350
101350
101350
101350
101350
101350
101350
101350
101350
101350
101350
101350
101350
101350
101350
101350
101350
101350
101350
101350
101350
101350
101350
101350
101350
101350
101350
101350
101350
101350
101350
101350
101350
101350
101350
101350
101350
101350
101350
101350
101350
101350
101350
101350
101350
101350
101350
101350
101350
101350
101350
101350
101350
101350
101350
101350
101350
101350
101350
101350
101350
101350
101350
101350
101350
101350
101350
101350
101350
101350
101350
101350
101350
101350
101350
101350
101350
101350
101350
101350
101350
101350
101350
101350
101350
101350
101350
101350
101350
101350
101350
101350
101350
101350
101350
101350
101350
101350
101350
101350
101350
101350
101350
101350
101350
101350
101350
101350
101350
101350
101350
101350
101350
101350
101350
101350
101350
101350
101350
101350
101350
101350
101350
101350
101350
101350
101350
101350
101350
101350
101350
101350
101350
101350
101350
101350
101350
101350
101350
101350
101350
101350
101350
101350
101350
101350
101350
101350
101350
101350
101350
101350
101350
101350
101350
101350
101350
101350
101350
101350
101350
101350
101350
101350
101350
101350
101350
101350
101350
101350
101350
101350
101350
101350
101350
101350
101350
101350
101350
101350
101350
101350
101350
101350
101350
101350
101350
101350
101350
101350
101350
101350
101350
101350
101350
101350
101350
101350
101350
101350
101350
101350
101350
101350
101350
101350
101350
101350
101350
101350
101350
101350
101350
101350
101350
101350
101350
101350
101350
101350
101350
101350
101350
101350
101350
101350
101350
101350
101350
101350
101350
101350
101350
101350
101350
101350
101350
101350
101350
101350
101350
101350
101350
101350
101350
101350
101350
101350
101350
101350
101350
101350
101350
101350
101350
101350
101350
101350
101350
101350
101350
101350
101350
101350
101350
101350
101350
101350
101350
101350
101350
101350
101350
101350
101350
101350
101350
101350
101350
101350
101350
101350
101350
101350
101350
101350
101350
101350
101350
101350
101350
101350
101350
101350
101350
101350
101350
101350
101350
101350
101350
101350
101350
101350
101350
101350
101350
101350
101350
101350
101350
101350
101350
101350
101350
101350
101350
101350
101350
101350
101350
101350
101350
101350
101350
101350
101350
101350
101350
101350
101350
101350
101350
101350
101350
101350
101350
101350
101350
101350
101350
101350
101350
101350
101350
101350
101350
101350
101350
101350
101350
101350
101350
101350
101350
101350
101350
101350
101350
101350
101350
101350
101350
101350
101350
101350
101350
101350
101350
101350
101350
101350
101350
101350
101350
101350
101350
101350
101350
101350
101350
101350
101350
101350
101350
101350
101350
101350
101350
101350
101350
101350
101350
101350
101350
101350
101350
101350
101350
101350
101350
101350
101350
101350
101350
101350
101350
101350
101350
101350
101350
101350
101350
101350
101350
101350
101350
101350
101350
101350
101350
101350
101350
101350
101350
101350
101350
101350
101350
101350
101350
101350
101350
101350
101350
101350
101350
101350
101350
101350
101350
101350
101350
101350
101350
101350
101350
101350
101350
101350
101350
101350
101350
101350
101350
101350
101350
101350
101350
101350
101350
101350
101350
101350
101350
101350
101350
101350
101350
101350
101350
101350
101350
101350
101350
101350
101350
101350
101350
101350
101350
101350
101350
101350
101350
101350
101350
101350
101350
101350
101350
101350
101350
101350
101350
101350
101350
101350
101350
101350
101350
101350
101350
101350
101350
101350
101350
101350
101350
101350
101350
101350
101350
101350
101350
101350
101350
101350
101350
101350
101350
101350
101350
101350
101350
101350
101350
101350
101350
101350
101350
101350
101350
101350
101350
101350
101350
101350
101350
101350
101350
101350
101350
101350
101350
101350
101350
101350
101350
101350
101350
101350
101350
101350
101350
101350
101350
101350
101350
101350
101350
101350
101350
101350
101350
101350
101350
101350
101350
101350
101350
101350
101350
101350
101350
101350
101350
101350
101350
101350
101350
101350
101350
101350
101350
101350
101350
101350
101350
101350
101350
101350
101350
101350
101350
101350
101350
101350
101350
101350
101350
101350
101350
101350
101350
101350
101350
101350
101350
101350
101350
101350
101350
101350
101350
101350
101350
101350
101350
101350
101350
101350
101350
101350
101350
101350
101350
101350
101350
101350
101350
101350
101350
101350
101350
101350
101350
101350
101350
101350
101350
101350
101350
101350
101350
101350
101350
101350
101350
101350
101350
101350
101350
101350
101350
101350
101350
101350
101350
101350
101350
101350
101350
101350
101350
101350
101350
101350
101350
101350
101350
101350
101350
101350
101350
101350
101350
101350
101350
101350
101350
101350
101350
101350
101350
101350
101350
101350
101350
101350
101350
101350
101350
101350
101350
101350
101350
101350
101350
101350
101350
101350
101350
101350
101350
101350
101350
101350
101350
101350
101350
101350
101350
101350
101350
101350
101350
101350
101350
101350
101350
101350
101350
101350
101350
101350
101350
101350
101350
101350
101350
101350
101350
101350
101350
101350
101350
101350
101350
101350
101350
101350
101350
101350
101350
101350
101350
101350
101350
101350
101350
101350
101350
101350
101350
101350
101350
101350
101350
101350
101350
101350
101350
101350
101350
101350
101350
101350
101350
101350
101350
101350
101350
101350
101350
101350
101350
101350
101350
101350
101350
101350
101350
101350
101350
101350
101350
101350
101350
101350
101350
101350
101350
101350
101350
101350
101350
101350
101350
101350
101350
101350
101350
101350
101350
101350
101350
101350
101350
101350
101350
101350
101350
101350
101350
101350
101350
101350
101350
101350
101350
101350
101350
101350
101350
101350
101350
101350
101350
101350
101350
101350
101350
101350
101350
101350
101350
101350
101350
101350
101350
101350
101350
101350
101350
101350
101350
101350
101350
101350
101350
101350
101350
101350
101350
101350
101350
101350
101350
101350
101350
101350
101350
101350
101350
101350
101350
101350
101350
101350
101350
101350
101350
101350
101350
101350
101350
101350
101350
101350
101350
101350
101350
101350
101350
101350
101350
101350
101350
101350
101350
101350
101350
101350
101350
101350
101350
101350
101350
101350
101350
101350
101350
101350
101350
101350
101350
101350
101350
101350
101350
101350
101350
101350
101350
101350
101350
101350
101350
101350
101350
101350
101350
101350
101350
101350
101350
101350
101350
101350
101350
101350
101350
101350
101350
101350
101350
101350
101350
101350
101350
101350
101350
101350
101350
101350
101350
101350
101350
101350
101350
101350
101350
101350
101350
101350
101350
101350
101350
101350
101350
101350
101350
101350
101350
101350
101350
101350
101350
101350
101350
101350
101350
101350
101350
101350
101350
101350
101350
101350
101350
101350
101350
101350
101350
101350
101350
101350
101350
101350
101350
101350
101350
101350
101350
101350
101350
101350
101350
101350
101350
101350
101350
101350
101350
101350
101350
101350
101350
101350
101350
101350
101350
101350
101350
101350
101350
101350
101350
101350
101350
101350
101350
101350
101350
101350
101350
101350
101350
101350
101350
101350
101350
101350
101350
101350
101350
101350
101350
101350
101350
101350
101350
101350
101350
101350
101350
101350
101350
101350
101350
101350
101350
101350
101350
101350
101350
101350
101350
101350
101350
101350
101350
101350
101350
101350
101350
101350
101350
101350
101350
101350
101350
101350
101350
101350
101350
101350
101350
101350
101350
101350
101350
101350
101350
101350
101350
101350
101350
101350
101350
101350
101350
101350
101350
101350
101350
101350
101350
101350
101350
101350
101350
101350
101350
101350
101350
101350
101350
101350
101350
101350
101350
101350
101350
101350
101350
101350
101350
101350
101350
101350
101350
101350
101350
101350
101350
101350
101350
101350
101350
101350
101350
101350
101350
101350
101350
101350
101350
101350
101350
101350
101350
101350
101350
101350
101350
101350
101350
101350
101350
101350
101350
101350
101350
101350
101350
101350
101350
101350
101350
101350
101350
101350
101350
101350
101350
101350
101350
101350
101350
101350
101350
101350
101350
101350
101350
101350
101350
101350
101350
101350
101350
101350
101350
101350
101350
101350
101350
101350
101350
101350
101350
101350
101350
101350
101350
101350
101350
101350
101350
101350
101350
101350
101350
101350
101350
101350
101350
101350
101350
101350
101350
101350
101350
101350
101350
101350
101350
101350
101350
101350
101350
101350
101350
101350
101350
101350
101350
101350
101350
101350
101350
101350
101350
101350
101350
101350
101350
101350
101350
101350
101350
101350
101350
101350
101350
101350
101350
101350
101350
101350
101350
101350
101350
101350
101350
101350
101350
101350
101350
101350
101350
101350
101350
101350
101350
101350
101350
101350
101350
101350
101350
101350
101350
101350
101350
101350
101350
101350
101350
101350
101350
101350
101350
101350
101350
101350
101350
101350
101350
101350
101350
101350
101350
101350
101350
101350
101350
101350
101350
101350
101350
101350
101350
101350
101350
101350
101350
101350
101350
101350
101350
101350
101350
101350
101350
101350
101350
101350
101350
101350
101350
101350
101350
101350
128337
175219
215229
262060
300577
300819
290611
258318
262045
268648
273010
267551
259069
248956
240948
238375
236855
236327
238625
242616
246134
247183
247055
246745
246971
247750
249222
251555
252800
252567
251752
250464
249289
248794
249026
249638
250362
250954
251329
251656
251920
252131
252195
252244
252218
252019
251771
251589
251295
251024
250944
251054
251209
251206
251097
251007
251020
250993
251027
251098
250961
250762
250673
250705
250861
250978
250889
250699
250610
250594
250490
250237
249948
249762
249332
105238
111917
134455
157929
187902
224131
233281
246857
285380
288143
284768
268164
254396
245292
240258
239066
239297
240634
242654
245056
247420
247551
247263
246671
246776
247542
249289
251252
251595
251222
250498
249710
248978
248973
249250
249856
250419
250775
251017
251211
251389
251578
251713
251803
251673
251399
251101
250821
250528
250523
250613
250877
251207
251360
251323
251275
251232
251141
251116
251043
250834
250599
250540
250638
250980
251162
251134
251047
251079
251047
250870
250494
250134
249870
249401
101470
102097
103720
110485
126324
157877
209380
264879
289868
299599
264532
255509
245080
240818
241504
240541
242049
244176
243858
244393
245633
246264
246757
246717
246882
247679
248762
249641
249715
249638
249756
249893
249736
249674
249782
250021
250287
250597
251049
251280
251480
251688
251895
251833
251581
251186
250821
250484
250360
250391
250592
251018
251399
251523
251451
251276
251093
250975
250925
250791
250660
250666
250757
250993
251424
251689
251674
251669
251658
251503
251158
250644
250253
249978
249510
101356
101377
101456
101848
103317
109078
129377
178033
217638
258378
248411
270172
274529
264159
249874
241550
242945
245579
245281
246536
248328
247434
246737
246942
247460
247584
247362
247533
247920
248328
249206
250227
250175
249915
249987
250174
250457
250811
251171
251303
251417
251594
251687
251557
251253
250780
250284
250052
250057
250164
250511
251097
251467
251536
251467
251265
250999
250898
250787
250614
250604
250699
250935
251294
251806
252140
252140
252232
252104
251780
251335
250693
250314
250026
249569
101350
101351
101354
101370
101438
101762
103487
113854
136700
199733
256769
283384
278155
264705
243023
239774
239413
239304
239809
244217
248178
247864
247367
247560
248483
248024
246891
246984
247815
248842
249678
250680
250962
250627
250400
250507
250782
250980
251069
251138
251184
251298
251259
251077
250817
250372
249788
249686
249771
250021
250479
251149
251519
251470
251406
251266
250973
250739
250543
250354
250512
250796
251094
251552
252128
252537
252413
252282
252029
251725
251340
250643
250376
249870
249581
101350
101350
101350
101351
101354
101366
101465
101844
107326
113234
166683
228288
239421
234697
237337
249684
247297
248789
252063
251951
250107
247508
247328
248964
248798
248198
247423
247418
247792
249119
250156
251052
251408
251192
251182
251091
250950
250802
250682
250683
250740
250857
250848
250727
250463
250079
249671
249580
249711
250070
250610
251172
251357
251286
251308
251168
250812
250456
250121
250179
250376
250725
251139
251579
252141
252318
252521
252388
252036
251648
251254
250504
250209
249617
249522
101350
101350
101350
101350
101350
101351
101354
101379
101654
102410
120081
128806
172689
208104
244813
248509
248761
249751
253644
252537
252181
250473
248851
248726
248419
247965
247772
247607
247977
248840
249763
250507
250996
251348
251741
251735
251360
250858
250465
250136
250156
250365
250442
250312
250155
250017
249765
249722
249915
250347
250615
250971
250982
251032
251041
250907
250551
250134
249818
249986
250209
250584
250947
251395
251821
252160
252314
252211
251912
251498
251061
250543
249761
249541
249556
101350
101350
101350
101350
101350
101350
101350
101352
101360
101442
102019
104618
112291
144594
190376
225468
225991
232298
234252
242157
249541
250741
250641
251299
250006
248401
247960
248104
248829
249471
250745
251008
251487
251788
251955
251733
251575
251320
250976
250587
250424
250493
250519
250394
250159
250022
249898
249919
250294
250592
250535
250628
250716
250774
250737
250604
250266
249782
249551
249648
249876
250274
250720
251160
251427
251839
251901
251797
251579
251229
250764
250312
249424
249333
249434
101350
101350
101350
101350
101350
101350
101350
101350
101351
101354
101379
101517
102084
107758
117204
150385
184143
219457
237257
255682
257905
259400
257678
254576
252157
249924
248905
248629
248636
248840
249070
249885
251322
251978
251941
251505
251184
251048
250859
250629
250466
250391
250303
250178
250071
250129
250164
250274
250548
250390
249925
249818
250031
250222
250229
250152
249828
249341
249444
249486
249690
250090
250562
250914
251131
251567
251600
251545
251289
250923
250521
250022
249305
249113
249206
101350
101350
101350
101350
101350
101350
101350
101350
101350
101350
101351
101357
101391
101612
102589
105992
124863
142397
172960
203075
239488
260119
259971
251002
249483
249645
246762
245941
246741
247517
248093
248998
250286
251344
251747
251036
250868
251021
251169
251096
250882
250533
250159
250170
250311
250384
250546
250703
250475
250067
249424
249312
249581
249857
249864
249786
249508
249157
249242
249393
249650
250095
250589
250710
251022
251288
251287
251231
251010
250716
250292
249856
249246
249037
249093
101350
101350
101350
101350
101350
101350
101350
101350
101350
101350
101350
101350
101352
101359
101400
101570
102985
105656
116756
136375
172963
216900
222781
232214
244284
246406
240928
242381
244845
246928
248296
248874
248969
249701
250560
250613
250682
250974
251431
251388
251059
250488
250349
250402
250550
250860
251129
251078
250519
249768
249060
249082
249392
249683
249664
249529
249239
249203
249253
249485
249811
250342
250953
251094
251258
251287
251209
251095
250861
250582
250218
249763
249285
249083
249028
101350
101350
101350
101350
101350
101350
101350
101350
101350
101350
101350
101350
101350
101350
101352
101359
101401
101547
102224
104974
113660
139057
186322
228321
255868
244192
241137
245375
245570
246667
247475
247904
248564
249093
249681
250205
250343
250697
251348
251328
251020
250594
250646
250877
251436
251974
251948
251579
250597
249727
249106
249254
249517
249595
249463
249274
249172
249187
249242
249670
250074
250704
251645
251522
251253
251332
251318
251174
250872
250555
250204
249727
249333
249140
249007
101350
101350
101350
101350
101350
101350
101350
101350
101350
101350
101350
101350
101350
101350
101350
101350
101352
101357
101383
101507
102115
105324
122572
152219
218826
216959
246531
249070
247279
246424
246590
247903
248954
249283
249696
250504
250342
250317
250951
251070
250752
250878
251133
251775
252609
252826
252538
251729
250587
249814
249359
249617
249767
249658
249319
249104
249177
249196
249394
249943
250389
250901
251580
251682
251433
251437
251405
251233
250919
250585
250245
249747
249351
249162
248969
101350
101350
101350
101350
101350
101350
101350
101350
101350
101350
101350
101350
101350
101350
101350
101350
101350
101350
101351
101356
101383
101584
102677
114600
122155
163284
234011
228363
240918
252050
251612
251808
251707
250339
250341
251008
250681
250475
250868
251355
251016
251179
251556
252453
253048
252992
252483
251638
250786
250331
250084
249939
249874
249619
249070
248785
248867
249106
249495
250032
250569
251023
251282
251631
251582
251564
251507
251311
251006
250669
250260
249732
249358
249210
248926
101350
101350
101350
101350
101350
101350
101350
101350
101350
101350
101350
101350
101350
101350
101350
101350
101350
101350
101350
101350
101351
101361
101420
102319
103402
128473
134614
175849
224297
258923
259600
252558
251237
250455
250486
251834
252362
252433
252778
252422
251137
250921
251230
251813
252297
252337
252026
251500
250974
250638
250447
250208
249890
249444
248797
248784
248807
249000
249391
249903
250396
250796
251154
251519
251711
251667
251559
251348
251093
250717
250236
249737
249397
249150
248818
101350
101350
101350
101350
101350
101350
101350
101350
101350
101350
101350
101350
101350
101350
101350
101350
101350
101350
101350
101350
101350
101350
101354
101380
101512
103379
106487
125490
149878
196214
207803
232351
243297
245655
247537
250668
252887
254019
253497
252592
251263
250547
250557
250659
250837
251135
251058
250839
250766
250644
250493
250117
249690
249300
248726
248591
248670
248851
249160
249649
250135
250527
250938
251451
251832
251796
251673
251424
251084
250643
250178
249706
249339
248889
248752
101350
101350
101350
101350
101350
101350
101350
101350
101350
101350
101350
101350
101350
101350
101350
101350
101350
101350
101350
101350
101350
101350
101350
101351
101359
101424
101730
103224
108748
119071
159912
222972
244907
239893
247939
254551
253052
253349
253134
251856
249722
250017
250292
250477
250613
250819
250683
250550
250396
250279
250099
249795
249406
249301
249100
248890
248975
249010
248942
249269
249746
250267
250894
251558
251829
251745
251598
251329
250996
250563
249995
249539
249145
248757
248777
101350
101350
101350
101350
101350
101350
101350
101350
101350
101350
101350
101350
101350
101350
101350
101350
101350
101350
101350
101350
101350
101350
101350
101350
101350
101353
101367
101438
101796
102841
118323
135635
189878
212054
242860
248466
243915
246883
248796
249508
249795
249596
250313
251064
251089
250962
250817
250593
250016
249608
249677
249724
249669
249619
249594
249450
249392
249315
249045
249251
249906
250485
251049
251534
251814
251785
251632
251226
250842
250290
249655
249380
248977
248764
248995
101350
101350
101350
101350
101350
101350
101350
101350
101350
101350
101350
101350
101350
101350
101350
101350
101350
101350
101350
101350
101350
101350
101350
101350
101350
101350
101351
101354
101369
101459
102591
106137
120702
165079
224485
224045
231026
243469
245358
249094
251105
251149
252080
252274
251810
251256
250416
249432
248919
248959
249353
249786
249947
249931
249898
249920
249797
249862
249600
249708
250135
250748
251176
251534
251572
251434
251150
250872
250559
250127
249516
249137
248884
248973
249354
101350
101350
101350
101350
101350
101350
101350
101350
101350
101350
101350
101350
101350
101350
101350
101350
101350
101350
101350
101350
101350
101350
101350
101350
101350
101350
101350
101350
101351
101357
101404
101663
103012
122932
136602
180156
230522
261565
249902
252570
254473
252341
254033
253593
251416
249679
248154
247785
247917
248046
248751
249680
249696
249884
250394
250565
250481
250212
250260
250230
250455
250771
251010
251165
251083
250909
250765
250792
250533
250196
249555
249105
249167
249367
249660
101350
101350
101350
101350
101350
101350
101350
101350
101350
101350
101350
101350
101350
101350
101350
101350
101350
101350
101350
101350
101350
101350
101350
101350
101350
101350
101350
101350
101350
101350
101352
101365
101468
103160
105981
127923
166411
208252
206535
243901
249704
240980
245590
248419
248522
247671
246619
247220
247982
247892
248411
249174
249274
249476
250391
250734
250609
250494
250422
250486
250782
250742
250689
250641
250612
250600
250748
250956
250706
250368
249947
249759
249680
249709
249804
101350
101350
101350
101350
101350
101350
101350
101350
101350
101350
101350
101350
101350
101350
101350
101350
101350
101350
101350
101350
101350
101350
101350
101350
101350
101350
101350
101350
101350
101350
101350
101351
101357
101413
101661
103707
113119
130496
172261
237441
237604
242317
248162
249784
248836
249992
250521
250044
249074
247865
247884
248050
248589
249204
250239
251169
251037
250906
250784
250505
250571
250269
250345
250326
250508
250691
250938
251244
251426
251202
250796
250531
250193
249915
249896
101350
101350
101350
101350
101350
101350
101350
101350
101350
101350
101350
101350
101350
101350
101350
101350
101350
101350
101350
101350
101350
101350
101350
101350
101350
101350
101350
101350
101350
101350
101350
101350
101350
101352
101365
101475
102152
104588
139542
147945
194355
234777
254662
252756
248294
253996
255351
254462
250665
248332
247557
247671
248268
249496
249747
251041
251307
250506
250705
250539
250247
249773
250021
250204
250621
251326
251975
252412
252354
252021
251423
250949
250514
250109
249713
101350
101350
101350
101350
101350
101350
101350
101350
101350
101350
101350
101350
101350
101350
101350
101350
101350
101350
101350
101350
101350
101350
101350
101350
101350
101350
101350
101350
101350
101350
101350
101350
101350
101350
101351
101356
101388
101620
106010
111296
139408
192739
223224
228739
234965
248028
252108
249399
248136
247733
246754
247018
247866
248897
249210
249407
250990
250820
250539
250432
250055
249639
249799
250393
251432
252318
252847
252981
252784
252351
251713
251070
250561
250137
249494
101350
101350
101350
101350
101350
101350
101350
101350
101350
101350
101350
101350
101350
101350
101350
101350
101350
101350
101350
101350
101350
101350
101350
101350
101350
101350
101350
101350
101350
101350
101350
101350
101350
101350
101350
101350
101352
101367
101537
102166
106375
123294
160156
215860
239307
249005
247627
244594
247072
249606
248082
247631
247981
247834
248099
248591
249992
250679
250292
250307
249772
250021
250165
250858
251844
252879
253130
253056
252785
252276
251660
250964
250455
250085
249154
101350
101350
101350
101350
101350
101350
101350
101350
101350
101350
101350
101350
101350
101350
101350
101350
101350
101350
101350
101350
101350
101350
101350
101350
101350
101350
101350
101350
101350
101350
101350
101350
101350
101350
101350
101350
101350
101351
101356
101390
101656
103446
111849
137885
184258
229582
250247
253024
254153
251721
250067
248611
247933
247306
247508
248488
249759
250850
250958
250665
250203
250305
250580
251471
252239
252832
252913
252600
252075
251642
251316
250701
250294
249760
248665
101350
101350
101350
101350
101350
101350
101350
101350
101350
101350
101350
101350
101350
101350
101350
101350
101350
101350
101350
101350
101350
101350
101350
101350
101350
101350
101350
101350
101350
101350
101350
101350
101350
101350
101350
101350
101350
101350
101350
101352
101365
101460
102112
105576
128025
158504
195952
238049
252172
248207
243733
243378
246021
247983
248134
249304
251039
251511
251345
251096
250715
250533
251208
251817
252274
252367
251914
251405
251042
251185
250889
250445
250034
249406
248289
101350
101350
101350
101350
101350
101350
101350
101350
101350
101350
101350
101350
101350
101350
101350
101350
101350
101350
101350
101350
101350
101350
101350
101350
101350
101350
101350
101350
101350
101350
101350
101350
101350
101350
101350
101350
101350
101350
101350
101350
101351
101355
101388
101633
103943
110986
139936
199077
223779
238621
245999
251018
248986
249501
250141
250712
251470
251975
251237
250275
250156
250634
251425
251951
251992
251206
250402
250053
250368
250635
250579
250291
249863
249274
248297
101350
101350
101350
101350
101350
101350
101350
101350
101350
101350
101350
101350
101350
101350
101350
101350
101350
101350
101350
101350
101350
101350
101350
101350
101350
101350
101350
101350
101350
101350
101350
101350
101350
101350
101350
101350
101350
101350
101350
101350
101350
101350
101352
101365
101487
102033
109017
123703
164804
221618
253279
259967
257312
252080
251756
250653
250223
250051
249466
248914
249618
251053
251707
252044
251234
250522
250669
250442
250367
250492
250463
250199
249711
249142
248534
101350
101350
101350
101350
101350
101350
101350
101350
101350
101350
101350
101350
101350
101350
101350
101350
101350
101350
101350
101350
101350
101350
101350
101350
101350
101350
101350
101350
101350
101350
101350
101350
101350
101350
101350
101350
101350
101350
101350
101350
101350
101350
101350
101351
101356
101395
101934
103649
120509
155463
193926
222273
230697
239198
247290
247146
247432
248093
248365
248282
250260
251547
252187
251811
250229
250290
250524
250665
250821
250708
250426
250133
249691
249300
248967
101350
101350
101350
101350
101350
101350
101350
101350
101350
101350
101350
101350
101350
101350
101350
101350
101350
101350
101350
101350
101350
101350
101350
101350
101350
101350
101350
101350
101350
101350
101350
101350
101350
101350
101350
101350
101350
101350
101350
101350
101350
101350
101350
101350
101350
101353
101378
101521
103447
109741
135772
187382
222642
240806
254367
251125
250725
250279
249554
250086
251728
252222
252187
251287
250734
250577
250654
250944
251043
250795
250427
250132
249913
249721
249429
101350
101350
101350
101350
101350
101350
101350
101350
101350
101350
101350
101350
101350
101350
101350
101350
101350
101350
101350
101350
101350
101350
101350
101350
101350
101350
101350
101350
101350
101350
101350
101350
101350
101350
101350
101350
101350
101350
101350
101350
101350
101350
101350
101350
101350
101350
101351
101361
101480
101970
107680
122543
165171
213006
249020
259286
252180
249790
250131
251044
251480
251724
251556
251239
251295
251088
251053
251223
251110
250890
250549
250309
250141
249924
249705
101350
101350
101350
101350
101350
101350
101350
101350
101350
101350
101350
101350
101350
101350
101350
101350
101350
101350
101350
101350
101350
101350
101350
101350
101350
101350
101350
101350
101350
101350
101350
101350
101350
101350
101350
101350
101350
101350
101350
101350
101350
101350
101350
101350
101350
101350
101350
101351
101356
101390
101882
103466
118183
158225
199411
214096
234765
241983
243210
246371
248548
250496
250704
251388
251092
250561
250876
250837
250688
250542
250276
250056
250046
249956
249729
101350
101350
101350
101350
101350
101350
101350
101350
101350
101350
101350
101350
101350
101350
101350
101350
101350
101350
101350
101350
101350
101350
101350
101350
101350
101350
101350
101350
101350
101350
101350
101350
101350
101350
101350
101350
101350
101350
101350
101350
101350
101350
101350
101350
101350
101350
101350
101350
101350
101352
101376
101503
103017
111123
132135
181271
240056
245085
253493
252695
249864
252025
251684
251889
251175
250056
250061
250453
250364
250156
249926
249724
249705
249799
249686
101350
101350
101350
101350
101350
101350
101350
101350
101350
101350
101350
101350
101350
101350
101350
101350
101350
101350
101350
101350
101350
101350
101350
101350
101350
101350
101350
101350
101350
101350
101350
101350
101350
101350
101350
101350
101350
101350
101350
101350
101350
101350
101350
101350
101350
101350
101350
101350
101350
101350
101351
101359
101458
102012
105814
124160
160970
203235
247277
257596
249178
251715
254417
253618
250972
249923
251010
251426
251049
250277
249689
249574
249477
249611
249516
101350
101350
101350
101350
101350
101350
101350
101350
101350
101350
101350
101350
101350
101350
101350
101350
101350
101350
101350
101350
101350
101350
101350
101350
101350
101350
101350
101350
101350
101350
101350
101350
101350
101350
101350
101350
101350
101350
101350
101350
101350
101350
101350
101350
101350
101350
101350
101350
101350
101350
101350
101351
101355
101387
101680
103675
113466
151871
216243
225024
231560
250673
254096
252060
251434
252474
252717
251906
250878
250582
250197
249732
249623
249695
249550
101350
101350
101350
101350
101350
101350
101350
101350
101350
101350
101350
101350
101350
101350
101350
101350
101350
101350
101350
101350
101350
101350
101350
101350
101350
101350
101350
101350
101350
101350
101350
101350
101350
101350
101350
101350
101350
101350
101350
101350
101350
101350
101350
101350
101350
101350
101350
101350
101350
101350
101350
101350
101350
101352
101368
101505
102376
114793
131793
181522
221045
247815
255890
245185
248657
252627
252395
251351
251122
250904
250560
250131
250197
250250
249775
101350
101350
101350
101350
101350
101350
101350
101350
101350
101350
101350
101350
101350
101350
101350
101350
101350
101350
101350
101350
101350
101350
101350
101350
101350
101350
101350
101350
101350
101350
101350
101350
101350
101350
101350
101350
101350
101350
101350
101350
101350
101350
101350
101350
101350
101350
101350
101350
101350
101350
101350
101350
101350
101350
101351
101358
101425
102507
105387
126337
177047
217900
226388
239544
246250
250208
249093
248531
250024
250691
250682
250677
250731
250519
249814
101350
101350
101350
101350
101350
101350
101350
101350
101350
101350
101350
101350
101350
101350
101350
101350
101350
101350
101350
101350
101350
101350
101350
101350
101350
101350
101350
101350
101350
101350
101350
101350
101350
101350
101350
101350
101350
101350
101350
101350
101350
101350
101350
101350
101350
101350
101350
101350
101350
101350
101350
101350
101350
101350
101350
101350
101355
101402
101667
104213
120266
152403
200185
252437
250135
247718
243600
246875
249421
250674
250528
250688
250780
250476
248982
101350
101350
101350
101350
101350
101350
101350
101350
101350
101350
101350
101350
101350
101350
101350
101350
101350
101350
101350
101350
101350
101350
101350
101350
101350
101350
101350
101350
101350
101350
101350
101350
101350
101350
101350
101350
101350
101350
101350
101350
101350
101350
101350
101350
101350
101350
101350
101350
101350
101350
101350
101350
101350
101350
101350
101350
101350
101352
101369
101551
103252
110943
141631
199476
239815
240923
246166
252959
251897
251076
250776
250711
250554
249625
247789
101350
101350
101350
101350
101350
101350
101350
101350
101350
101350
101350
101350
101350
101350
101350
101350
101350
101350
101350
101350
101350
101350
101350
101350
101350
101350
101350
101350
101350
101350
101350
101350
101350
101350
101350
101350
101350
101350
101350
101350
101350
101350
101350
101350
101350
101350
101350
101350
101350
101350
101350
101350
101350
101350
101350
101350
101350
101350
101351
101362
101465
102209
108809
132610
194791
222338
251868
254743
254034
251419
251002
250763
250097
248409
247147
101350
101350
101350
101350
101350
101350
101350
101350
101350
101350
101350
101350
101350
101350
101350
101350
101350
101350
101350
101350
101350
101350
101350
101350
101350
101350
101350
101350
101350
101350
101350
101350
101350
101350
101350
101350
101350
101350
101350
101350
101350
101350
101350
101350
101350
101350
101350
101350
101350
101350
101350
101350
101350
101350
101350
101350
101350
101350
101350
101351
101356
101410
101983
106544
126963
175460
240685
250102
249592
251749
251534
251016
249627
247923
248047
101350
101350
101350
101350
101350
101350
101350
101350
101350
101350
101350
101350
101350
101350
101350
101350
101350
101350
101350
101350
101350
101350
101350
101350
101350
101350
101350
101350
101350
101350
101350
101350
101350
101350
101350
101350
101350
101350
101350
101350
101350
101350
101350
101350
101350
101350
101350
101350
101350
101350
101350
101350
101350
101350
101350
101350
101350
101350
101350
101350
101350
101354
101390
101810
104136
129548
172767
202917
234497
250489
251924
248967
246172
247598
249654
101350
101350
101350
101350
101350
101350
101350
101350
101350
101350
101350
101350
101350
101350
101350
101350
101350
101350
101350
101350
101350
101350
101350
101350
101350
101350
101350
101350
101350
101350
101350
101350
101350
101350
101350
101350
101350
101350
101350
101350
101350
101350
101350
101350
101350
101350
101350
101350
101350
101350
101350
101350
101350
101350
101350
101350
101350
101350
101350
101350
101350
101350
101352
101378
101583
105240
115365
155105
218850
247000
250790
245573
245080
247342
249443
101350
101350
101350
101350
101350
101350
101350
101350
101350
101350
101350
101350
101350
101350
101350
101350
101350
101350
101350
101350
101350
101350
101350
101350
101350
101350
101350
101350
101350
101350
101350
101350
101350
101350
101350
101350
101350
101350
101350
101350
101350
101350
101350
101350
101350
101350
101350
101350
101350
101350
101350
101350
101350
101350
101350
101350
101350
101350
101350
101350
101350
101350
101350
101352
101367
101632
102735
117423
145878
194208
244167
241726
242398
247600
247911
101350
101350
101350
101350
101350
101350
101350
101350
101350
101350
101350
101350
101350
101350
101350
101350
101350
101350
101350
101350
101350
101350
101350
101350
101350
101350
101350
101350
101350
101350
101350
101350
101350
101350
101350
101350
101350
101350
101350
101350
101350
101350
101350
101350
101350
101350
101350
101350
101350
101350
101350
101350
101350
101350
101350
101350
101350
101350
101350
101350
101350
101350
101350
101350
101351
101365
101466
103119
109510
140086
208173
227229
236797
243318
246377
101350
101350
101350
101350
101350
101350
101350
101350
101350
101350
101350
101350
101350
101350
101350
101350
101350
101350
101350
101350
101350
101350
101350
101350
101350
101350
101350
101350
101350
101350
101350
101350
101350
101350
101350
101350
101350
101350
101350
101350
101350
101350
101350
101350
101350
101350
101350
101350
101350
101350
101350
101350
101350
101350
101350
101350
101350
101350
101350
101350
101350
101350
101350
101350
101350
101351
101358
101479
102122
109877
131187
189145
229609
242480
246662
101350
101350
101350
101350
101350
101350
101350
101350
101350
101350
101350
101350
101350
101350
101350
101350
101350
101350
101350
101350
101350
101350
101350
101350
101350
101350
101350
101350
101350
101350
101350
101350
101350
101350
101350
101350
101350
101350
101350
101350
101350
101350
101350
101350
101350
101350
101350
101350
101350
101350
101350
101350
101350
101350
101350
101350
101350
101350
101350
101350
101350
101350
101350
101350
101350
101350
101351
101357
101413
102238
105772
146047
192183
228166
242689
101350
101350
101350
101350
101350
101350
101350
101350
101350
101350
101350
101350
101350
101350
101350
101350
101350
101350
101350
101350
101350
101350
101350
101350
101350
101350
101350
101350
101350
101350
101350
101350
101350
101350
101350
101350
101350
101350
101350
101350
101350
101350
101350
101350
101350
101350
101350
101350
101350
101350
101350
101350
101350
101350
101350
101350
101350
101350
101350
101350
101350
101350
101350
101350
101350
101350
101350
101350
101355
101405
101894
109264
133013
173937
224962
101350
101350
101350
101350
101350
101350
101350
101350
101350
101350
101350
101350
101350
101350
101350
101350
101350
101350
101350
101350
101350
101350
101350
101350
101350
101350
101350
101350
101350
101350
101350
101350
101350
101350
101350
101350
101350
101350
101350
101350
101350
101350
101350
101350
101350
101350
101350
101350
101350
101350
101350
101350
101350
101350
101350
101350
101350
101350
101350
101350
101350
101350
101350
101350
101350
101350
101350
101350
101350
101354
101397
102019
106226
122931
183334
101350
101350
101350
101350
101350
101350
101350
101350
101350
101350
101350
101350
101350
101350
101350
101350
101350
101350
101350
101350
101350
101350
101350
101350
101350
101350
101350
101350
101350
101350
101350
101350
101350
101350
101350
101350
101350
101350
101350
101350
101350
101350
101350
101350
101350
101350
101350
101350
101350
101350
101350
101350
101350
101350
101350
101350
101350
101350
101350
101350
101350
101350
101350
101350
101350
101350
101350
101350
101350
101350
101353
101389
101733
104383
137218
101350
101350
101350
101350
101350
101350
101350
101350
101350
101350
101350
101350
101350
101350
101350
101350
101350
101350
101350
101350
101350
101350
101350
101350
101350
101350
101350
101350
101350
101350
101350
101350
101350
101350
101350
101350
101350
101350
101350
101350
101350
101350
101350
101350
101350
101350
101350
101350
101350
101350
101350
101350
101350
101350
101350
101350
101350
101350
101350
101350
101350
101350
101350
101350
101350
101350
101350
101350
101350
101350
101350
101352
101376
101689
111121
101350
101350
101350
101350
101350
101350
101350
101350
101350
101350
101350
101350
101350
101350
101350
101350
101350
101350
101350
101350
101350
101350
101350
101350
101350
101350
101350
101350
101350
101350
101350
101350
101350
101350
101350
101350
101350
101350
101350
101350
101350
101350
101350
101350
101350
101350
101350
101350
101350
101350
101350
101350
101350
101350
101350
101350
101350
101350
101350
101350
101350
101350
101350
101350
101350
101350
101350
101350
101350
101350
101350
101350
101352
101395
103079
101350
101350
101350
101350
101350
101350
101350
101350
101350
101350
101350
101350
101350
101350
101350
101350
101350
101350
101350
101350
101350
101350
101350
101350
101350
101350
101350
101350
101350
101350
101350
101350
101350
101350
101350
101350
101350
101350
101350
101350
101350
101350
101350
101350
101350
101350
101350
101350
101350
101350
101350
101350
101350
101350
101350
101350
101350
101350
101350
101350
101350
101350
101350
101350
101350
101350
101350
101350
101350
101350
101350
101350
101350
101356
101572
101350
101350
101350
101350
101350
101350
101350
101350
101350
101350
101350
101350
101350
101350
101350
101350
101350
101350
101350
101350
101350
101350
101350
101350
101350
101350
101350
101350
101350
101350
101350
101350
101350
101350
101350
101350
101350
101350
101350
101350
101350
101350
101350
101350
101350
101350
101350
101350
101350
101350
101350
101350
101350
101350
101350
101350
101350
101350
101350
101350
101350
101350
101350
101350
101350
101350
101350
101350
101350
101350
101350
101350
101350
101351
101374
101350
101350
101350
101350
101350
101350
101350
101350
101350
101350
101350
101350
101350
101350
101350
101350
101350
101350
101350
101350
101350
101350
101350
101350
101350
101350
101350
101350
101350
101350
101350
101350
101350
101350
101350
101350
101350
101350
101350
101350
101350
101350
101350
101350
101350
101350
101350
101350
101350
101350
101350
101350
101350
101350
101350
101350
101350
101350
101350
101350
101350
101350
101350
101350
101350
101350
101350
101350
101350
101350
101350
101350
101350
101350
101353
101350
101350
101350
101350
101350
101350
101350
101350
101350
101350
101350
101350
101350
101350
101350
101350
101350
101350
101350
101350
101350
101350
101350
101350
101350
101350
101350
101350
101350
101350
101350
101350
101350
101350
101350
101350
101350
101350
101350
101350
101350
101350
101350
101350
101350
101350
101350
101350
101350
101350
101350
101350
101350
101350
101350
101350
101350
101350
101350
101350
101350
101350
101350
101350
101350
101350
101350
101350
101350
101350
101350
101350
101350
101350
101350
101350
101350
101350
101350
101350
101350
101350
101350
101350
101350
101350
101350
101350
101350
101350
101350
101350
101350
101350
101350
101350
101350
101350
101350
101350
101350
101350
101350
101350
101350
101350
101350
101350
101350
101350
101350
101350
101350
101350
101350
101350
101350
101350
101350
101350
101350
101350
101350
101350
101350
101350
101350
101350
101350
101350
101350
101350
101350
101350
101350
101350
101350
101350
101350
101350
101350
101350
101350
101350
101350
101350
101350
101350
101350
101350
101350
101350
101350
101350
101350
101350
101350
101350
101350
101350
101350
101350
101350
101350
101350
101350
101350
101350
101350
101350
101350
101350
101350
101350
101350
101350
101350
101350
101350
101350
101350
101350
101350
101350
101350
101350
101350
101350
101350
101350
101350
101350
101350
101350
101350
101350
101350
101350
101350
101350
101350
101350
101350
101350
101350
101350
101350
101350
101350
101350
101350
101350
101350
101350
101350
101350
101350
101350
101350
101350
101350
101350
101350
101350
101350
101350
101350
101350
101350
101350
101350
101350
101350
101350
101350
101350
101350
101350
101350
101350
101350
101350
101350
101350
101350
101350
101350
101350
101350
101350
101350
101350
101350
101350
101350
101350
101350
101350
101350
101350
101350
101350
101350
101350
101350
101350
101350
101350
101350
101350
101350
101350
101350
101350
101350
101350
101350
101350
101350
101350
101350
101350
101350
101350
101350
101350
101350
101350
101350
101350
101350
101350
101350
101350
101350
101350
101350
101350
101350
101350
101350
101350
101350
101350
101350
101350
101350
101350
101350
101350
101350
101350
101350
101350
101350
101350
101350
101350
101350
101350
101350
101350
101350
101350
101350
101350
101350
101350
101350
101350
101350
101350
101350
101350
101350
101350
101350
101350
101350
101350
101350
101350
101350
101350
101350
101350
101350
101350
101350
101350
101350
101350
101350
101350
101350
101350
101350
101350
101350
101350
101350
101350
101350
101350
101350
101350
101350
101350
101350
101350
101350
101350
101350
101350
101350
101350
101350
101350
101350
101350
101350
101350
101350
101350
101350
101350
101350
101350
101350
101350
101350
101350
101350
101350
101350
101350
101350
101350
101350
101350
101350
101350
101350
101350
101350
101350
101350
101350
101350
101350
101350
101350
101350
101350
101350
101350
101350
101350
101350
101350
101350
101350
101350
101350
101350
101350
101350
101350
101350
101350
101350
101350
101350
101350
101350
101350
101350
101350
101350
101350
101350
101350
101350
101350
101350
101350
101350
101350
101350
101350
101350
101350
101350
101350
101350
101350
101350
101350
101350
101350
101350
101350
101350
101350
101350
101350
101350
101350
101350
101350
101350
101350
101350
101350
101350
101350
101350
101350
101350
101350
101350
101350
101350
101350
101350
101350
101350
101350
101350
101350
101350
101350
101350
101350
101350
101350
101350
101350
101350
101350
101350
101350
101350
101350
101350
101350
101350
101350
101350
101350
101350
101350
101350
101350
101350
101350
101350
101350
101350
101350
101350
101350
101350
101350
101350
101350
101350
101350
101350
101350
101350
101350
101350
101350
101350
101350
101350
101350
101350
101350
101350
101350
101350
101350
101350
101350
101350
101350
101350
101350
101350
101350
101350
101350
101350
101350
101350
101350
101350
101350
101350
101350
101350
101350
101350
101350
101350
101350
101350
101350
101350
101350
101350
101350
101350
101350
101350
101350
101350
101350
101350
101350
101350
101350
101350
101350
101350
101350
101350
101350
101350
101350
101350
101350
101350
101350
101350
101350
101350
101350
101350
101350
101350
101350
101350
101350
101350
101350
101350
101350
101350
101350
101350
101350
101350
101350
101350
101350
101350
101350
101350
101350
101350
101350
101350
101350
101350
101350
101350
101350
101350
101350
101350
101350
101350
101350
101350
101350
101350
101350
101350
101350
101350
101350
101350
101350
101350
101350
101350
101350
101350
101350
101350
101350
101350
101350
101350
101350
101350
101350
101350
101350
101350
101350
101350
101350
101350
101350
101350
101350
101350
101350
101350
101350
101350
101350
101350
101350
101350
101350
101350
101350
101350
101350
101350
101350
101350
101350
101350
101350
101350
101350
101350
101350
101350
101350
101350
101350
101350
101350
101350
101350
101350
101350
101350
101350
101350
101350
101350
101350
101350
101350
101350
101350
101350
101350
101350
101350
101350
101350
101350
101350
101350
101350
101350
101350
101350
101350
101350
101350
101350
101350
101350
101350
101350
101350
101350
101350
101350
101350
101350
101350
101350
101350
101350
101350
101350
101350
101350
101350
101350
101350
101350
101350
101350
101350
101350
101350
101350
101350
101350
101350
101350
101350
101350
101350
101350
101350
101350
101350
101350
101350
101350
101350
101350
101350
101350
101350
101350
101350
101350
101350
101350
101350
101350
101350
101350
101350
101350
101350
101350
101350
101350
101350
101350
101350
101350
101350
101350
101350
101350
101350
101350
101350
101350
101350
101350
101350
101350
101350
101350
101350
101350
101350
101350
101350
101350
101350
101350
101350
101350
101350
101350
101350
101350
101350
101350
101350
101350
101350
101350
101350
101350
101350
101350
101350
101350
101350
101350
101350
101350
101350
101350
101350
101350
101350
101350
101350
101350
101350
101350
101350
101350
101350
101350
101350
101350
101350
101350
101350
101350
101350
101350
101350
101350
101350
101350
101350
101350
101350
101350
101350
101350
101350
101350
101350
101350
101350
101350
101350
101350
101350
101350
101350
101350
101350
101350
101350
101350
101350
101350
101350
101350
101350
101350
101350
101350
101350
101350
101350
101350
101350
101350
101350
101350
101350
101350
101350
101350
101350
101350
101350
101350
101350
101350
101350
101350
101350
101350
101350
101350
101350
101350
101350
101350
101350
101350
101350
101350
101350
101350
101350
101350
101350
101350
101350
101350
101350
101350
101350
101350
101350
101350
101350
101350
101350
101350
101350
101350
101350
101350
101350
101350
101350
101350
101350
101350
101350
101350
101350
101350
101350
101350
101350
101350
101350
101350
101350
101350
101350
101350
101350
101350
101350
101350
101350
101350
101350
101350
101350
101350
101350
101350
101350
101350
101350
101350
101350
101350
101350
101350
101350
101350
101350
101350
101350
101350
101350
101350
101350
101350
101350
101350
101350
101350
101350
101350
101350
101350
101350
101350
101350
101350
101350
101350
101350
101350
101350
101350
101350
101350
101350
101350
101350
101350
101350
101350
101350
101350
101350
101350
101350
101350
101350
101350
101350
101350
101350
101350
101350
101350
101350
101350
101350
101350
101350
101350
101350
101350
101350
101350
101350
101350
101350
101350
101350
101350
101350
101350
101350
101350
101350
101350
101350
101350
101350
101350
101350
101350
101350
101350
101350
101350
101350
101350
101350
101350
101350
101350
101350
101350
101350
101350
101350
101350
101350
101350
101350
101350
101350
101350
101350
101350
101350
101350
101350
101350
101350
101350
101350
101350
101350
101350
101350
101350
101350
101350
101350
101350
101350
101350
101350
101350
101350
101350
101350
101350
101350
101350
101350
101350
101350
101350
101350
101350
101350
101350
101350
101350
101350
101350
101350
101350
101350
101350
101350
101350
101350
101350
101350
101350
101350
101350
101350
101350
101350
101350
101350
101350
101350
101350
101350
101350
101350
101350
101350
101350
101350
101350
101350
101350
101350
101350
101350
101350
101350
101350
101350
101350
101350
101350
101350
101350
101350
101350
101350
101350
101350
101350
101350
101350
101350
101350
101350
101350
101350
101350
101350
101350
101350
101350
101350
101350
101350
101350
101350
101350
101350
101350
101350
101350
101350
101350
101350
101350
101350
101350
101350
101350
101350
101350
101350
101350
101350
101350
101350
101350
101350
101350
101350
101350
101350
101350
101350
101350
101350
101350
101350
101350
101350
101350
101350
101350
101350
101350
101350
101350
101350
101350
101350
101350
101350
101350
101350
101350
101350
101350
101350
101350
101350
101350
101350
101350
101350
101350
101350
101350
101350
101350
101350
101350
101350
101350
101350
101350
101350
101350
101350
101350
101350
101350
101350
101350
101350
101350
101350
101350
101350
101350
101350
101350
101350
101350
101350
101350
101350
101350
101350
101350
101350
101350
101350
101350
101350
101350
101350
101350
101350
101350
101350
101350
101350
101350
101350
101350
101350
101350
101350
101350
101350
101350
101350
101350
101350
101350
101350
101350
101350
101350
101350
101350
101350
101350
101350
101350
101350
101350
101350
101350
101350
101350
101350
101350
101350
101350
101350
101350
101350
101350
101350
101350
101350
101350
101350
101350
101350
101350
101350
101350
101350
101350
101350
101350
101350
101350
101350
101350
101350
101350
101350
101350
101350
101350
101350
101350
101350
101350
101350
101350
101350
101350
101350
101350
101350
101350
101350
101350
101350
101350
101350
101350
101350
101350
101350
101350
101350
101350
101350
101350
101350
101350
101350
101350
101350
101350
101350
101350
101350
101350
101350
101350
101350
101350
101350
101350
101350
101350
101350
101350
101350
101350
101350
101350
101350
101350
101350
101350
101350
101350
101350
101350
101350
101350
101350
101350
)
;

boundaryField
{
    inlet
    {
        type            fixedValue;
        value           uniform 101350;
    }
    outlet
    {
        type            zeroGradient;
    }
    bottom
    {
        type            symmetryPlane;
    }
    top
    {
        type            symmetryPlane;
    }
    obstacle
    {
        type            zeroGradient;
    }
    defaultFaces
    {
        type            empty;
    }
}


// ************************************************************************* //
