/*--------------------------------*- C++ -*----------------------------------*\
| =========                 |                                                 |
| \\      /  F ield         | OpenFOAM: The Open Source CFD Toolbox           |
|  \\    /   O peration     | Version:  v1812                                 |
|   \\  /    A nd           | Web:      www.OpenFOAM.com                      |
|    \\/     M anipulation  |                                                 |
\*---------------------------------------------------------------------------*/
FoamFile
{
    version     2.0;
    format      ascii;
    class       volScalarField;
    location    "0.0055";
    object      T;
}
// * * * * * * * * * * * * * * * * * * * * * * * * * * * * * * * * * * * * * //

dimensions      [0 0 0 1 0 0 0];


internalField   nonuniform List<scalar> 
8475
(
288.9
288.9
288.9
288.9
288.9
288.9
288.9
288.9
288.9
288.9
288.9
288.9
288.9
288.9
288.9
288.9
288.9
288.9
288.9
288.9
288.9
288.9
288.9
288.9
288.9
288.9
288.9
288.9
288.9
288.9
288.9
288.9
288.9
288.9
288.9
288.9
288.905
289.241
288.9
288.9
288.9
288.9
288.9
288.9
288.9
288.9
288.9
288.9
288.9
288.9
288.9
288.9
288.9
288.9
288.9
288.9
288.9
288.9
288.9
288.9
288.9
288.9
288.9
288.9
288.9
288.9
288.9
288.9
288.9
288.9
288.9
288.9
288.9
288.9
288.903
289.017
288.9
288.9
288.9
288.9
288.9
288.9
288.9
288.9
288.9
288.9
288.9
288.9
288.9
288.9
288.9
288.9
288.9
288.9
288.9
288.9
288.9
288.9
288.9
288.9
288.9
288.9
288.9
288.9
288.9
288.9
288.9
288.9
288.9
288.9
288.9
288.9
288.9
288.919
288.9
288.9
288.9
288.9
288.9
288.9
288.9
288.9
288.9
288.9
288.9
288.9
288.9
288.9
288.9
288.9
288.9
288.9
288.9
288.9
288.9
288.9
288.9
288.9
288.9
288.9
288.9
288.9
288.9
288.9
288.9
288.9
288.9
288.9
288.9
288.9
288.9
288.902
288.9
288.9
288.9
288.9
288.9
288.9
288.9
288.9
288.9
288.9
288.9
288.9
288.9
288.9
288.9
288.9
288.9
288.9
288.9
288.9
288.9
288.9
288.9
288.9
288.9
288.9
288.9
288.9
288.9
288.9
288.9
288.9
288.9
288.9
288.9
288.9
288.9
288.9
288.9
288.9
288.9
288.9
288.9
288.9
288.9
288.9
288.9
288.9
288.9
288.9
288.9
288.9
288.9
288.9
288.9
288.9
288.9
288.9
288.9
288.9
288.9
288.9
288.9
288.9
288.9
288.9
288.9
288.9
288.9
288.9
288.9
288.9
288.9
288.9
288.9
288.9
288.9
288.9
288.9
288.9
288.9
288.9
288.9
288.9
288.9
288.9
288.9
288.9
288.9
288.9
288.9
288.9
288.9
288.9
288.9
288.9
288.9
288.9
288.9
288.9
288.9
288.9
288.9
288.9
288.9
288.9
288.9
288.9
288.9
288.9
288.9
288.9
288.9
288.9
288.9
288.9
288.9
288.9
288.9
288.9
288.9
288.9
288.9
288.9
288.9
288.9
288.9
288.9
288.9
288.9
288.9
288.9
288.9
288.9
288.9
288.9
288.9
288.9
288.9
288.9
288.9
288.9
288.9
288.9
288.9
288.9
288.9
288.9
288.9
288.9
288.9
288.9
288.9
288.9
288.9
288.9
288.9
288.9
288.9
288.9
288.9
288.9
288.9
288.9
288.9
288.9
288.9
288.9
288.9
288.9
288.9
288.9
288.9
288.9
288.9
288.9
288.9
288.9
288.9
288.9
288.9
288.9
288.9
288.9
288.9
288.9
288.9
288.9
288.9
288.9
288.9
288.9
288.9
288.9
288.9
288.9
288.9
288.9
288.9
288.9
288.9
288.9
288.9
288.9
288.9
288.9
288.9
288.9
288.9
288.9
288.9
288.9
288.9
288.9
288.9
288.9
288.9
288.9
288.9
288.9
288.9
288.9
288.9
288.9
288.9
288.9
288.9
288.9
288.9
288.9
288.9
288.9
288.9
288.9
288.9
288.9
288.9
288.9
288.9
288.9
288.9
288.9
288.9
288.9
288.9
288.9
288.9
288.9
288.9
288.9
288.9
288.9
288.9
288.9
288.9
288.9
288.9
288.9
288.9
288.9
288.9
288.9
288.9
288.9
288.9
288.9
288.9
288.9
288.9
288.9
288.9
288.9
288.9
288.9
288.9
288.9
288.9
288.9
288.9
288.9
288.9
288.9
288.9
288.9
288.9
288.9
288.9
288.9
288.9
288.9
288.9
288.9
288.9
288.9
288.9
288.9
288.9
288.9
288.9
288.9
288.9
288.9
288.9
288.9
288.9
288.9
288.9
288.9
288.9
288.9
288.9
288.9
288.9
288.9
288.9
288.9
288.9
288.9
288.9
288.9
288.9
288.9
288.9
288.9
288.9
288.9
288.9
288.9
288.9
288.9
288.9
288.9
288.9
288.9
288.9
288.9
288.9
288.9
288.9
288.9
288.9
288.9
288.9
288.9
288.9
288.9
288.9
288.9
288.9
288.9
288.9
288.9
288.9
288.9
288.9
288.9
288.9
288.9
288.9
288.9
288.9
288.9
288.9
288.9
288.9
288.9
288.9
288.9
288.9
288.9
288.9
288.9
288.9
288.9
288.9
288.9
288.9
288.9
288.9
288.9
288.9
288.9
288.9
288.9
288.9
288.9
288.9
288.9
288.9
288.9
288.9
288.9
288.9
288.9
288.9
288.9
288.9
288.9
288.9
288.9
288.9
288.9
288.9
288.9
288.9
288.9
288.9
288.9
288.9
288.9
288.9
288.9
288.9
288.9
288.9
288.9
288.9
288.9
288.9
288.9
288.9
288.9
288.9
288.9
288.9
288.9
288.9
288.9
288.9
288.9
288.9
288.9
288.9
288.9
288.9
288.9
288.9
288.9
288.9
288.9
288.9
288.9
288.9
288.9
288.9
288.9
288.9
288.9
288.9
288.9
288.9
288.9
288.9
288.9
288.9
288.9
288.9
288.9
288.9
288.9
288.9
288.9
288.9
288.9
288.9
288.9
288.9
288.9
288.9
288.9
288.9
288.9
288.9
288.9
288.9
288.9
288.9
288.9
288.9
288.9
288.9
288.9
288.9
288.9
288.9
288.9
288.9
288.9
288.9
288.9
288.9
288.9
288.9
288.9
288.9
288.9
288.9
288.9
288.9
288.9
288.9
288.9
288.9
288.9
288.9
288.9
288.9
288.9
288.9
288.9
288.9
288.9
288.9
288.9
288.9
288.9
288.9
288.9
288.9
288.9
288.9
288.9
288.9
288.9
288.9
288.9
288.9
288.9
288.9
288.9
288.9
288.9
288.9
288.9
288.9
288.9
288.9
288.9
288.9
288.9
288.9
288.9
288.9
288.9
288.9
288.9
288.9
288.9
288.9
288.9
288.9
288.9
288.9
288.9
288.9
288.9
288.9
288.9
288.9
288.9
288.9
288.9
288.9
288.9
288.9
288.9
288.9
288.9
288.9
288.9
288.9
288.9
288.9
288.9
288.9
288.9
288.9
288.9
288.9
288.9
288.9
288.9
288.9
288.9
288.9
288.9
288.9
288.9
288.9
288.9
288.9
288.9
288.9
288.9
288.9
288.9
288.9
288.9
288.9
288.9
288.9
288.9
288.9
288.9
288.9
288.9
288.9
288.9
288.9
288.9
288.9
288.9
288.9
288.9
288.9
288.9
288.9
288.9
288.9
288.9
288.9
288.9
288.9
288.9
288.9
288.9
288.9
288.9
288.9
288.9
288.9
288.9
288.9
288.9
288.9
288.9
288.9
288.9
288.9
288.9
288.9
288.9
288.9
288.9
288.9
288.9
288.9
288.9
288.9
288.9
288.9
288.9
288.9
288.9
288.9
288.9
288.9
288.9
288.9
288.9
288.9
288.9
288.9
288.9
288.9
288.9
288.9
288.9
288.9
288.9
288.9
288.9
288.9
288.9
288.9
288.9
288.9
288.9
288.9
288.9
288.9
288.9
288.9
288.9
288.9
288.9
288.9
288.9
288.9
288.9
288.9
288.9
288.9
288.9
288.9
288.9
288.9
288.9
288.9
288.9
288.9
288.9
288.9
288.9
288.9
288.9
288.9
288.9
288.9
288.9
288.9
288.9
288.9
288.9
288.9
288.9
288.9
288.9
288.9
288.9
288.9
288.9
288.9
288.9
288.9
288.9
288.9
288.9
288.9
288.9
288.9
288.9
288.9
288.9
288.9
288.9
288.9
288.9
288.9
288.9
288.9
288.9
288.9
288.9
288.9
288.9
288.9
288.9
288.9
288.9
288.9
288.9
288.9
288.9
288.9
288.9
288.9
288.9
288.9
288.9
288.9
288.9
288.9
288.9
288.9
288.9
288.9
288.9
288.9
288.9
288.9
288.9
288.9
288.9
288.9
288.9
288.9
288.9
288.9
288.9
288.9
288.9
288.9
288.9
288.9
288.9
288.9
288.9
288.9
288.9
288.9
288.9
288.9
288.9
288.9
288.9
288.9
288.9
288.9
288.9
288.9
288.9
288.9
288.9
288.9
288.9
288.9
288.9
288.9
288.9
288.9
288.9
288.9
288.9
288.9
288.9
288.9
288.9
288.9
288.9
288.9
288.9
288.9
288.9
288.9
288.9
288.9
288.9
288.9
288.9
288.9
288.9
288.9
288.9
288.9
288.9
288.9
288.9
288.9
288.9
288.9
288.9
288.9
288.9
288.9
288.9
288.9
288.9
288.9
288.9
288.9
288.9
288.9
288.9
288.9
288.9
288.9
288.9
288.9
288.9
288.9
288.9
288.9
288.9
288.9
288.9
288.9
288.9
288.9
288.9
288.9
288.9
288.9
288.9
288.9
288.9
288.9
288.9
288.9
288.9
288.9
288.9
288.9
288.9
288.9
288.9
288.9
288.9
288.9
288.9
288.9
288.9
288.9
288.9
288.9
288.9
288.9
288.9
288.9
288.9
288.9
288.9
288.9
288.9
288.9
288.9
288.9
288.9
288.9
288.9
288.9
288.9
288.9
288.9
288.9
288.9
288.9
288.9
288.9
288.9
288.9
288.9
288.9
288.9
288.9
288.9
288.9
288.9
288.9
288.9
288.9
288.9
288.9
288.9
288.9
288.9
288.9
288.9
288.9
288.9
288.9
288.9
288.9
288.9
288.9
288.9
288.9
288.9
288.9
288.9
288.9
288.9
288.9
288.9
288.9
288.9
288.9
288.9
288.9
288.9
288.9
288.9
288.9
288.9
288.9
288.9
288.9
288.9
288.9
288.9
288.9
288.9
288.9
288.9
288.9
288.9
288.9
288.9
288.9
288.9
288.9
288.9
288.9
288.9
288.9
288.9
288.9
288.9
288.9
288.9
288.9
288.9
288.9
288.9
288.9
288.9
288.9
288.9
288.9
288.9
288.9
288.9
288.9
288.9
288.9
288.9
288.9
288.9
288.9
288.9
288.9
288.9
288.9
288.9
288.9
288.9
288.9
288.9
288.9
288.9
288.9
288.9
288.9
288.9
288.9
288.9
288.9
288.9
288.9
288.9
288.9
288.9
288.9
288.9
288.9
288.9
288.9
288.9
288.9
288.9
288.9
288.9
288.9
288.9
288.9
288.9
288.9
288.9
288.9
288.9
288.9
288.9
288.9
288.9
288.9
288.9
288.9
288.9
288.9
288.9
288.9
288.9
288.9
288.9
288.9
288.9
288.9
288.9
288.9
288.9
288.9
288.9
288.9
288.9
288.9
288.9
288.9
288.9
288.9
288.9
288.9
288.9
288.9
288.9
288.9
288.9
288.9
288.9
288.9
288.9
288.9
288.9
288.9
288.9
288.9
288.9
288.9
288.9
288.9
288.9
288.9
288.9
288.9
288.9
288.9
288.9
288.9
288.9
288.9
288.9
288.9
288.9
288.9
288.9
288.9
288.9
288.9
288.9
288.9
288.9
288.9
288.9
288.9
288.9
288.9
288.9
288.9
288.9
288.9
288.9
288.9
288.9
288.9
288.9
288.9
288.9
288.9
288.9
288.9
288.9
288.9
288.9
288.9
288.9
288.9
288.9
288.9
288.9
288.9
288.9
288.9
288.9
288.9
288.9
288.9
288.9
288.9
288.9
288.9
288.9
288.9
288.9
288.9
288.9
288.9
288.9
288.9
288.9
288.9
288.9
288.9
288.9
288.9
288.9
288.9
288.9
288.9
288.9
288.9
288.9
288.9
288.9
288.9
288.9
288.9
288.9
288.9
288.9
288.9
288.9
288.9
288.9
288.9
288.9
288.9
288.9
288.9
288.9
288.9
288.9
288.9
288.9
288.9
288.9
288.9
288.9
288.9
288.9
288.9
288.9
288.9
288.9
288.9
288.9
288.9
288.9
288.9
288.9
288.9
288.9
288.9
288.9
288.9
288.9
288.9
288.9
288.9
288.9
288.9
288.9
288.9
288.9
288.9
288.9
288.9
288.9
288.9
288.9
288.9
288.9
288.9
288.9
288.9
288.9
288.9
288.9
288.9
288.9
288.9
288.9
288.9
288.9
288.9
288.9
288.9
288.9
288.9
288.9
288.9
288.9
288.9
288.9
288.9
288.9
288.9
288.9
288.9
288.9
288.9
288.9
288.9
288.9
288.9
288.9
288.9
288.9
288.9
288.9
288.9
288.9
288.9
288.9
288.9
288.9
288.9
288.9
288.9
288.9
288.9
288.9
288.9
288.9
288.9
288.9
288.9
288.9
288.9
288.9
288.9
288.9
288.9
288.9
288.9
288.9
288.9
288.9
288.9
288.9
288.9
288.9
288.9
288.9
288.9
288.9
288.9
288.9
288.9
288.9
288.9
288.9
288.9
288.9
288.9
288.9
288.9
288.9
288.9
288.9
288.9
288.9
288.9
288.9
288.9
288.9
288.9
288.9
288.9
288.9
288.9
288.9
288.9
288.9
288.9
288.9
288.9
288.9
288.9
288.9
288.9
288.9
288.9
288.9
288.9
288.9
288.9
288.9
288.9
288.9
288.9
288.9
288.9
288.9
288.9
288.9
288.9
288.9
288.9
288.9
288.9
288.9
288.9
288.9
288.9
288.9
288.9
288.9
288.9
288.9
288.9
288.9
288.9
288.9
288.9
288.9
288.9
288.9
288.9
288.9
288.9
288.9
288.9
288.9
288.9
288.9
288.9
288.9
288.9
288.9
288.9
288.9
288.9
288.9
288.9
288.9
288.9
288.9
288.9
288.9
288.9
288.9
288.9
288.9
288.9
288.9
288.9
288.9
288.9
288.9
288.9
288.9
288.9
288.9
288.9
288.9
288.9
288.9
288.9
288.9
288.9
288.9
288.9
288.9
288.9
288.9
288.9
288.9
288.9
288.9
288.9
288.9
288.9
288.9
288.9
288.9
288.9
288.9
288.9
288.9
288.9
288.9
288.9
288.9
288.9
288.9
288.9
288.9
288.9
288.9
288.9
288.9
288.9
288.9
288.9
288.9
288.9
288.9
288.9
288.9
288.9
288.9
288.9
288.9
288.9
288.9
288.9
288.9
288.9
288.9
288.9
288.9
288.9
288.9
288.9
288.9
288.9
288.9
288.9
288.9
288.9
288.9
288.9
288.9
288.9
288.9
288.9
288.9
288.9
288.9
288.9
288.9
288.9
288.9
288.9
288.9
288.9
288.9
288.9
288.9
288.9
288.9
288.9
288.9
288.9
288.9
288.9
288.9
288.9
288.9
288.9
288.9
288.9
288.9
288.9
288.9
288.9
288.9
288.9
288.9
288.9
288.9
288.9
288.9
288.9
288.9
288.9
288.9
288.9
288.9
288.9
288.9
288.9
288.9
288.9
288.9
288.9
288.9
288.9
288.9
288.9
288.9
288.9
288.9
288.9
288.9
288.9
288.9
288.9
288.9
288.9
288.9
288.9
288.9
288.9
288.9
288.9
288.9
288.9
288.9
288.9
288.9
288.9
288.9
288.9
288.9
288.9
288.9
288.9
288.9
288.9
288.9
288.9
288.9
288.9
288.9
288.9
288.9
288.9
288.9
288.9
288.9
288.9
288.9
288.9
288.9
288.9
288.9
288.9
288.9
288.9
288.9
288.9
288.9
288.9
288.9
288.9
288.9
288.9
288.9
288.9
288.9
288.9
288.9
288.9
288.9
288.9
288.9
288.9
288.9
288.9
288.9
288.9
288.9
288.9
288.9
288.9
288.9
288.9
288.9
288.9
288.9
288.9
288.9
288.9
288.9
288.9
288.9
288.9
288.9
288.9
288.9
288.9
288.9
288.9
288.9
288.9
288.9
288.9
288.9
288.9
288.9
288.9
288.9
288.9
288.9
288.9
288.9
288.9
288.9
288.9
288.9
288.9
288.9
288.9
288.9
288.9
288.9
288.9
288.9
288.9
288.9
288.9
288.9
288.9
288.9
288.9
288.9
288.9
288.9
288.9
288.9
288.9
288.9
288.9
288.9
288.9
288.9
288.9
288.9
288.9
288.9
288.9
288.9
288.9
288.9
288.9
288.9
288.9
288.9
288.9
288.9
288.9
288.9
288.9
288.9
288.9
288.9
288.9
288.9
288.9
288.9
288.9
288.9
288.9
288.9
288.9
288.9
288.9
288.9
288.9
288.9
288.9
288.9
288.9
288.9
288.9
288.9
288.9
288.9
288.9
288.9
288.9
288.9
288.9
288.9
288.9
288.9
288.9
288.9
288.9
288.9
288.9
288.9
288.9
288.9
288.9
288.9
288.9
288.9
288.9
288.9
288.9
288.9
288.9
288.9
288.9
288.9
288.9
288.9
288.9
288.9
288.9
288.9
288.9
288.9
288.9
288.9
288.9
288.9
288.9
288.9
288.9
288.9
288.9
288.9
288.9
288.9
288.9
288.9
288.9
288.9
288.9
288.9
288.9
288.9
288.9
288.9
288.9
288.9
288.9
288.9
288.9
288.9
288.9
288.9
288.9
288.9
288.9
288.9
288.9
288.9
288.9
288.9
288.9
288.9
288.9
288.9
288.9
288.9
288.9
288.9
288.9
288.9
288.9
288.9
288.9
288.9
288.9
288.9
288.9
288.9
288.9
288.9
288.9
288.9
288.9
288.9
288.9
288.9
288.9
288.9
288.9
288.9
288.9
288.9
288.9
288.9
288.9
288.9
288.9
288.9
288.9
288.9
288.9
288.9
288.9
288.9
288.9
288.9
288.9
288.9
288.9
288.9
288.9
288.9
288.9
288.9
288.9
288.9
288.9
288.9
288.9
288.9
288.9
288.9
288.9
288.9
288.9
288.9
288.9
288.9
288.9
288.9
288.9
288.9
288.9
288.9
288.9
288.9
288.9
288.9
288.9
288.9
288.9
288.9
288.9
288.9
288.9
288.9
288.9
288.9
288.9
288.9
288.9
288.9
288.9
288.9
288.9
288.9
288.9
288.9
288.9
288.9
288.9
288.9
288.9
288.9
288.9
288.9
288.9
288.9
288.9
288.9
288.9
288.9
288.9
288.9
288.9
288.9
288.9
288.9
288.9
288.9
288.9
288.9
288.9
288.9
288.9
288.9
288.9
288.9
288.9
288.9
288.9
288.9
288.9
288.9
288.9
288.9
288.9
288.9
288.9
288.9
288.9
288.9
288.9
288.9
288.9
288.9
288.9
288.9
288.9
288.9
288.9
288.9
288.9
288.9
288.9
288.9
288.9
288.9
288.9
288.9
288.9
288.9
288.9
288.9
288.9
288.9
288.9
288.9
288.9
288.9
288.9
288.9
288.9
288.9
288.9
288.9
288.9
288.9
288.9
288.9
288.9
288.9
288.9
288.9
288.9
288.9
288.9
288.9
288.9
288.9
288.9
288.9
288.9
288.9
288.9
288.9
288.9
288.9
288.9
288.9
288.9
288.9
288.9
288.9
288.9
288.9
288.9
288.9
288.9
288.9
288.9
288.9
288.9
288.9
288.9
288.9
288.9
288.9
288.9
288.9
288.9
288.9
288.9
288.9
288.9
288.9
288.9
288.9
288.9
288.9
288.9
288.9
288.9
288.9
288.9
288.9
288.9
288.9
288.9
288.9
288.9
288.9
288.9
288.9
288.9
288.9
288.9
288.9
288.9
288.9
288.9
288.9
288.9
288.9
288.9
288.9
288.9
288.9
288.9
288.9
288.9
288.9
288.9
288.9
288.9
288.9
288.9
288.9
288.9
288.9
288.9
288.9
288.9
288.9
288.9
288.9
288.9
288.9
288.9
288.9
288.9
288.9
288.9
288.9
288.9
288.9
288.9
288.9
288.9
288.9
288.9
288.9
288.9
288.9
288.9
288.9
288.9
288.9
288.9
288.9
288.9
288.9
288.9
288.9
288.9
288.9
288.9
288.9
288.9
288.9
288.9
288.9
288.9
288.9
288.9
288.9
288.9
288.9
288.9
288.9
288.9
288.9
288.9
288.9
288.9
288.9
288.9
288.9
288.9
288.9
288.9
288.9
288.9
288.9
288.9
288.9
288.9
288.9
288.9
288.9
288.9
288.9
288.9
288.9
288.9
288.9
288.9
288.9
288.9
288.9
288.9
288.9
288.9
288.9
288.9
288.9
288.9
288.9
288.9
288.9
288.9
288.9
288.9
288.9
288.9
288.9
288.9
288.9
288.9
288.9
288.9
288.9
288.9
288.9
288.9
288.9
288.9
288.9
288.9
288.9
288.9
288.9
288.9
288.9
288.9
288.9
288.9
288.9
288.9
288.9
288.9
288.9
288.9
288.9
288.9
288.9
288.9
288.9
288.9
288.9
288.9
288.9
288.9
288.9
288.9
288.9
288.9
288.9
288.9
288.9
288.9
288.9
288.9
288.9
288.9
288.9
288.9
288.9
288.9
288.9
288.9
288.9
288.9
288.9
288.9
288.9
288.9
288.9
288.9
288.9
288.9
288.9
288.9
288.9
288.9
288.9
288.9
288.9
288.9
288.9
288.9
288.9
288.9
288.9
288.9
288.9
288.9
288.9
288.9
288.9
288.9
288.9
288.9
288.9
288.9
288.9
288.9
288.9
288.9
288.9
288.9
288.9
288.9
288.9
288.9
288.9
288.9
288.9
288.9
288.9
288.9
288.9
288.9
288.9
288.9
288.9
288.9
288.9
288.9
288.9
288.9
288.9
288.9
288.9
288.9
288.9
288.9
288.9
288.9
288.9
288.9
288.9
288.9
288.9
288.9
288.9
288.9
288.9
288.9
288.9
288.9
288.9
288.9
288.9
288.9
288.9
288.9
288.9
288.9
288.9
288.9
288.9
288.9
288.9
288.9
288.9
288.9
288.9
288.9
288.9
288.9
288.9
288.9
288.9
288.9
288.9
288.9
288.9
288.9
288.9
288.9
288.9
288.9
288.9
288.9
288.9
288.9
288.9
288.9
288.9
288.9
288.9
288.9
288.9
288.9
288.9
288.9
288.9
288.9
288.9
288.9
288.9
288.9
288.9
288.9
288.9
288.9
288.9
288.9
288.9
288.9
288.9
288.9
288.9
288.9
288.9
288.9
288.9
288.9
288.9
288.9
288.9
288.9
288.9
288.9
288.9
288.9
288.9
288.9
288.9
288.9
288.9
288.9
288.9
288.9
288.9
288.9
288.9
288.9
288.9
288.9
288.9
288.9
288.9
288.9
288.9
288.9
288.9
288.9
288.9
288.9
288.9
288.9
288.9
288.9
288.9
288.9
288.9
288.9
288.9
288.9
288.9
288.9
288.9
288.9
288.9
288.9
288.9
288.9
288.9
288.9
288.9
288.9
288.9
288.9
288.9
288.9
288.9
288.9
288.9
288.9
288.9
288.9
288.9
288.9
288.9
288.9
288.9
288.9
288.9
288.9
288.9
288.9
288.9
288.9
288.9
288.9
288.9
288.9
288.9
288.9
288.9
288.9
288.9
288.9
288.9
288.9
288.9
288.9
288.9
288.9
288.9
288.9
288.9
288.9
288.9
288.9
288.9
288.9
288.9
288.9
288.9
288.9
288.9
288.9
288.9
288.9
288.9
288.9
288.9
288.9
288.9
288.9
288.9
288.9
288.9
288.9
288.9
288.9
288.9
288.9
288.9
288.9
288.9
288.9
288.9
288.9
288.9
288.9
288.9
288.9
288.9
288.9
288.9
288.9
288.9
288.9
288.9
288.9
288.9
288.9
288.9
288.9
288.9
288.9
288.9
288.9
288.9
288.9
288.9
288.9
288.9
288.9
288.9
288.9
288.9
288.9
288.9
288.9
288.9
288.9
288.9
288.9
288.9
288.9
288.9
288.9
288.9
288.9
288.9
288.9
288.9
288.9
288.9
288.9
288.9
288.9
288.9
288.9
288.9
288.9
288.9
288.9
288.9
288.9
288.9
288.9
288.9
288.9
288.9
288.9
288.9
288.9
288.9
288.9
288.9
288.9
288.9
288.9
288.9
288.9
288.9
288.9
288.9
288.9
288.9
288.9
288.9
288.9
288.9
288.9
288.9
288.9
288.9
288.9
288.9
288.9
288.9
288.9
288.9
288.9
288.9
288.9
288.9
288.9
288.9
288.9
288.9
288.9
288.9
288.9
288.9
288.9
288.9
288.9
288.9
288.9
288.9
288.9
288.9
288.9
288.9
288.9
288.9
288.9
288.9
288.9
288.9
288.9
288.9
288.9
288.9
288.9
288.9
288.9
288.9
288.9
288.9
288.9
288.9
288.9
288.9
288.9
288.9
288.9
288.9
288.9
288.9
288.9
288.9
288.9
288.9
288.9
288.9
288.9
288.9
288.9
288.9
288.9
288.9
288.9
288.9
288.9
288.9
288.9
288.9
288.9
288.9
288.9
288.9
288.9
288.9
288.9
288.9
288.9
288.9
288.9
288.9
288.9
288.9
288.9
288.9
288.9
288.9
288.9
288.9
288.9
288.9
288.9
288.9
288.9
288.9
288.9
288.9
288.9
288.9
288.9
288.9
288.9
288.9
288.9
288.9
288.9
288.9
288.9
288.9
307.507
333.406
354.072
375.715
388.39
389.518
384.899
376.565
380.875
387.418
390.009
387.069
381.958
376.921
376.646
377.891
380.706
385.038
391.932
398.1
399.125
397.842
394.688
389.721
384.174
379.193
375.724
374.106
373.181
372.498
371.885
371.288
371.278
371.381
371.716
372.261
372.812
373.249
373.583
373.931
374.314
374.733
375.108
375.484
375.79
375.835
375.833
375.826
375.747
375.622
375.552
375.597
375.683
375.767
375.874
376.078
376.446
376.957
377.631
378.431
379.136
379.737
380.209
380.574
380.907
381.2
381.28
381.316
381.398
381.487
381.47
381.358
381.171
380.984
380.526
293.162
301.376
321.357
340.143
359.4
373.126
377.445
384.426
394.061
396.373
392.287
384.29
377.612
375.783
376.605
378.515
381.896
386.804
392.798
397.191
397.605
396.362
393.31
388.725
383.77
379.563
376.814
375.162
374.133
373.332
372.719
372.369
372.386
372.503
372.78
373.206
373.604
373.916
374.194
374.481
374.81
375.186
375.53
375.898
376.095
376.1
376.076
376.034
375.972
375.884
375.885
375.955
376.056
376.152
376.25
376.424
376.735
377.199
377.839
378.571
379.258
379.859
380.325
380.713
381.09
381.359
381.458
381.513
381.632
381.676
381.624
381.462
381.251
381.053
380.604
289.033
289.635
291.599
298.28
311.726
334.873
362.425
384.293
396.667
395.458
382.704
381.638
379.947
380.377
381.185
381.795
384.226
387.785
390.639
392.46
392.689
391.672
389.366
386.122
382.847
380.351
378.599
377.43
376.595
375.91
375.512
375.408
375.299
375.303
375.419
375.632
375.839
376.02
376.234
376.381
376.554
376.766
376.999
377.215
377.227
377.175
377.087
377.007
376.938
376.901
376.945
377.078
377.184
377.249
377.301
377.395
377.61
377.981
378.506
379.088
379.689
380.227
380.667
381.046
381.419
381.684
381.791
381.89
382.002
381.971
381.854
381.64
381.421
381.232
380.806
288.905
288.923
288.992
289.367
290.858
296.717
314.62
353.877
370.98
388.582
384.284
389.959
393.302
387.795
385.532
382.899
383.909
386.066
386.798
388.021
388.319
387.177
385.257
383.608
382.341
381.275
380.246
379.738
379.429
379.107
379.148
379.211
379.099
378.902
378.905
378.963
379.053
379.143
379.214
379.199
379.201
379.228
379.265
379.23
379.124
378.953
378.768
378.665
378.603
378.612
378.694
378.899
378.981
378.971
378.968
378.985
379.072
379.287
379.607
379.979
380.405
380.813
381.169
381.494
381.838
382.079
382.134
382.256
382.254
382.194
382.071
381.829
381.652
381.481
381.101
288.9
288.901
288.903
288.917
288.976
289.28
291.029
301.393
321.345
359.541
378.562
399.915
392.77
392.778
378.704
381.021
381.693
382.976
383.9
385.769
385.403
383.933
382.576
382.377
382.482
382.164
381.44
381.236
381.375
381.574
381.779
382.099
382.134
381.964
381.843
381.855
381.888
381.871
381.823
381.749
381.645
381.558
381.429
381.239
381.033
380.772
380.495
380.364
380.37
380.432
380.587
380.861
380.876
380.813
380.777
380.734
380.663
380.681
380.76
380.905
381.158
381.419
381.637
381.887
382.177
382.344
382.364
382.397
382.362
382.305
382.214
381.991
381.898
381.715
381.44
288.9
288.9
288.9
288.901
288.903
288.913
288.996
289.387
294.3
299.134
336.309
372.583
382.566
378.789
380.246
382.669
381.176
380.553
381.197
382.14
381.554
381.114
381.387
382.495
382.675
382.562
382.203
382.056
382.199
382.686
383.111
383.566
383.806
383.735
383.664
383.576
383.458
383.319
383.207
383.105
383.003
382.907
382.758
382.531
382.277
382.01
381.729
381.616
381.667
381.828
382.057
382.3
382.279
382.176
382.131
382.016
381.812
381.65
381.51
381.551
381.642
381.78
381.917
382.074
382.301
382.343
382.45
382.432
382.355
382.306
382.264
382.107
382.037
381.894
381.772
288.9
288.9
288.9
288.9
288.9
288.901
288.903
288.923
289.185
289.809
302.609
313.2
344.451
362.666
379.373
383.523
382.373
380.475
380.294
380.029
380.868
381.19
381.595
382.541
382.692
382.589
382.456
382.306
382.487
382.783
383.395
383.937
384.231
384.338
384.308
384.227
383.986
383.751
383.571
383.425
383.312
383.254
383.159
382.956
382.747
382.576
382.384
382.34
382.453
382.678
382.806
382.926
382.891
382.82
382.75
382.596
382.331
382.058
381.785
381.792
381.8
381.869
381.97
382.098
382.225
382.303
382.416
382.411
382.364
382.317
382.274
382.201
382.035
382.057
382.065
288.9
288.9
288.9
288.9
288.9
288.9
288.9
288.901
288.908
288.974
289.682
291.985
299.285
325.982
352.892
372.664
373.566
376.649
378.494
382.491
385.175
385.277
384.757
384.371
383.436
382.521
382.266
382.253
382.421
382.94
383.495
383.795
384.132
384.27
384.266
384.148
384.031
383.86
383.664
383.462
383.298
383.226
383.143
382.98
382.787
382.691
382.641
382.667
382.86
382.998
382.958
382.99
382.994
382.965
382.886
382.737
382.468
382.144
381.88
381.747
381.754
381.823
381.931
382.04
382.099
382.183
382.305
382.344
382.339
382.308
382.277
382.226
382.062
382.114
382.205
288.9
288.9
288.9
288.9
288.9
288.9
288.9
288.9
288.9
288.904
288.924
289.051
289.58
295.081
304.987
331.119
353.385
366.868
373.565
380.726
385.443
388.29
387.099
384.591
382.691
381.979
381.817
381.769
381.863
382.128
382.439
382.914
383.59
383.911
383.926
383.741
383.674
383.632
383.517
383.357
383.193
383.052
382.902
382.77
382.656
382.669
382.698
382.787
382.942
382.891
382.732
382.73
382.826
382.843
382.791
382.656
382.389
382.021
381.842
381.671
381.68
381.765
381.887
381.967
381.97
382.12
382.212
382.292
382.286
382.274
382.258
382.207
382.071
382.108
382.23
288.9
288.9
288.9
288.9
288.9
288.9
288.9
288.9
288.9
288.9
288.901
288.906
288.933
289.157
290.076
293.904
312.257
326.351
347.056
362.162
379.18
384.923
384.112
380.443
380.162
380.589
379.319
379.537
380.374
381.068
381.465
381.966
382.6
383.119
383.376
383.127
383.149
383.285
383.308
383.224
383.043
382.759
382.542
382.533
382.582
382.639
382.752
382.857
382.789
382.639
382.395
382.377
382.531
382.595
382.557
382.435
382.194
381.841
381.719
381.66
381.678
381.776
381.917
381.921
382.008
382.104
382.204
382.283
382.281
382.289
382.27
382.232
382.113
382.141
382.228
288.9
288.9
288.9
288.9
288.9
288.9
288.9
288.9
288.9
288.9
288.9
288.9
288.901
288.908
288.943
289.097
290.619
293.483
304.094
320.477
346.373
367.686
373.827
378.302
381.846
381.145
377.405
378.323
379.811
380.867
381.535
381.612
381.696
382.129
382.589
382.695
382.789
382.988
383.16
383.098
382.878
382.525
382.422
382.455
382.568
382.767
382.939
382.936
382.696
382.36
382.052
382.067
382.221
382.278
382.23
382.102
381.908
381.707
381.644
381.692
381.779
381.944
382.167
382.159
382.167
382.223
382.288
382.349
382.338
382.336
382.319
382.266
382.167
382.186
382.223
288.9
288.9
288.9
288.9
288.9
288.9
288.9
288.9
288.9
288.9
288.9
288.9
288.9
288.9
288.901
288.907
288.945
289.08
289.782
292.615
301.368
322.262
352.352
370.524
383.846
379.11
379.447
381.189
380.958
381.102
381.334
381.322
381.482
381.695
382.159
382.547
382.637
382.776
383.027
382.991
382.798
382.516
382.537
382.671
382.972
383.266
383.283
383.111
382.653
382.215
381.867
381.921
382.004
382.004
381.909
381.778
381.672
381.597
381.602
381.771
381.946
382.203
382.557
382.51
382.404
382.45
382.512
382.504
382.453
382.419
382.383
382.289
382.196
382.201
382.2
288.9
288.9
288.9
288.9
288.9
288.9
288.9
288.9
288.9
288.9
288.9
288.9
288.9
288.9
288.9
288.9
288.901
288.906
288.928
289.041
289.629
292.886
307.814
332.159
358.425
362.923
382.638
382.572
381.128
381.57
381.732
382.123
382.308
382.252
382.335
382.656
382.607
382.626
382.931
382.985
382.798
382.79
382.878
383.185
383.609
383.773
383.644
383.261
382.711
382.241
381.881
381.948
381.932
381.859
381.687
381.568
381.592
381.6
381.692
381.971
382.227
382.506
382.803
382.834
382.723
382.74
382.744
382.689
382.586
382.505
382.434
382.295
382.193
382.185
382.142
288.9
288.9
288.9
288.9
288.9
288.9
288.9
288.9
288.9
288.9
288.9
288.9
288.9
288.9
288.9
288.9
288.9
288.9
288.901
288.905
288.928
289.104
290.25
301.282
307.073
333.647
366.841
369.664
378.472
383.834
383.031
382.871
383.01
382.669
382.695
382.99
382.921
382.846
383.143
383.342
383.088
383.079
383.166
383.524
383.921
383.944
383.755
383.412
382.898
382.474
382.148
382.013
381.96
381.846
381.617
381.519
381.56
381.666
381.866
382.188
382.513
382.802
382.987
383.075
383.047
383.003
382.956
382.838
382.701
382.571
382.437
382.271
382.169
382.145
382.051
288.9
288.9
288.9
288.9
288.9
288.9
288.9
288.9
288.9
288.9
288.9
288.9
288.9
288.9
288.9
288.9
288.9
288.9
288.9
288.9
288.901
288.909
288.959
289.866
290.84
310.069
317.301
345.465
374.083
383.075
381.925
380.086
380.512
381.045
381.474
382.568
383.312
383.734
384.131
383.968
383.338
383.016
383.08
383.316
383.649
383.8
383.686
383.417
383.092
382.692
382.419
382.199
382.042
381.874
381.628
381.618
381.64
381.753
381.993
382.309
382.629
382.89
383.091
383.252
383.277
383.225
383.11
382.94
382.768
382.586
382.413
382.226
382.124
382.05
381.95
288.9
288.9
288.9
288.9
288.9
288.9
288.9
288.9
288.9
288.9
288.9
288.9
288.9
288.9
288.9
288.9
288.9
288.9
288.9
288.9
288.9
288.9
288.903
288.927
289.037
291.208
293.923
308.999
331.392
355.866
365.465
380.185
380.15
379.503
380.189
382.483
384.139
384.841
384.695
384.323
383.299
382.647
382.561
382.646
382.898
383.255
383.263
383.183
383.013
382.789
382.604
382.396
382.218
382.13
381.953
381.889
381.915
381.979
382.105
382.329
382.604
382.864
383.148
383.398
383.434
383.357
383.203
382.986
382.774
382.55
382.338
382.155
382.023
381.884
381.891
288.9
288.9
288.9
288.9
288.9
288.9
288.9
288.9
288.9
288.9
288.9
288.9
288.9
288.9
288.9
288.9
288.9
288.9
288.9
288.9
288.9
288.9
288.9
288.901
288.907
288.971
289.25
290.831
296.386
305.342
334.984
364.67
376.013
374.639
379.213
383.036
382.498
382.789
382.993
382.757
382.226
382.251
382.217
382.26
382.432
382.788
382.901
382.903
382.811
382.678
382.57
382.474
382.448
382.506
382.477
382.361
382.34
382.302
382.213
382.334
382.597
382.909
383.271
383.506
383.506
383.39
383.219
382.979
382.726
382.471
382.197
382.025
381.882
381.794
381.857
288.9
288.9
288.9
288.9
288.9
288.9
288.9
288.9
288.9
288.9
288.9
288.9
288.9
288.9
288.9
288.9
288.9
288.9
288.9
288.9
288.9
288.9
288.9
288.9
288.9
288.902
288.914
288.978
289.316
290.286
303.677
319.81
352.035
365.12
382.245
381.832
379.023
380.718
381.535
382.065
382.442
382.39
382.609
382.661
382.542
382.615
382.651
382.602
382.387
382.379
382.481
382.627
382.75
382.879
382.87
382.813
382.711
382.562
382.316
382.401
382.686
382.993
383.327
383.484
383.46
383.359
383.152
382.843
382.586
382.304
382.017
381.892
381.762
381.763
381.925
288.9
288.9
288.9
288.9
288.9
288.9
288.9
288.9
288.9
288.9
288.9
288.9
288.9
288.9
288.9
288.9
288.9
288.9
288.9
288.9
288.9
288.9
288.9
288.9
288.9
288.9
288.901
288.903
288.916
288.99
290.178
293.596
305.975
341.174
362.578
369.445
379.014
385.806
384.393
384.373
384.253
383.67
383.404
382.979
382.331
382.044
381.794
381.489
381.577
381.762
382.171
382.637
382.88
382.944
383.032
383.012
382.889
382.715
382.414
382.416
382.6
382.904
383.202
383.289
383.251
383.098
382.852
382.614
382.382
382.155
381.84
381.735
381.738
381.81
382.053
288.9
288.9
288.9
288.9
288.9
288.9
288.9
288.9
288.9
288.9
288.9
288.9
288.9
288.9
288.9
288.9
288.9
288.9
288.9
288.9
288.9
288.9
288.9
288.9
288.9
288.9
288.9
288.9
288.901
288.905
288.948
289.186
290.464
309.572
319.994
348.57
374.119
385.001
380.62
382.18
383.362
381.799
382.141
382.001
381.274
380.913
380.545
380.533
380.698
380.943
381.541
382.313
382.551
382.704
382.977
382.989
382.903
382.692
382.533
382.462
382.542
382.725
382.88
382.895
382.82
382.663
382.489
382.395
382.207
382.036
381.715
381.686
381.758
381.889
382.106
288.9
288.9
288.9
288.9
288.9
288.9
288.9
288.9
288.9
288.9
288.9
288.9
288.9
288.9
288.9
288.9
288.9
288.9
288.9
288.9
288.9
288.9
288.9
288.9
288.9
288.9
288.9
288.9
288.9
288.9
288.902
288.912
288.998
290.85
293.517
311.381
342.536
361.357
362.379
381.764
381.919
378.246
380.464
381.519
381.427
381.078
380.641
380.788
380.775
380.59
380.898
381.577
381.917
382.187
382.72
382.88
382.797
382.679
382.534
382.468
382.5
382.463
382.441
382.409
382.368
382.273
382.234
382.248
382.129
381.988
381.821
381.833
381.852
381.92
382.054
288.9
288.9
288.9
288.9
288.9
288.9
288.9
288.9
288.9
288.9
288.9
288.9
288.9
288.9
288.9
288.9
288.9
288.9
288.9
288.9
288.9
288.9
288.9
288.9
288.9
288.9
288.9
288.9
288.9
288.9
288.9
288.901
288.906
288.958
289.179
291.31
301.231
311.543
335.592
361.484
372.066
378.444
381.146
381.447
381.769
383.086
383.279
382.791
381.754
380.812
380.821
381.009
381.415
381.85
382.417
382.82
382.746
382.618
382.497
382.383
382.328
382.108
382.106
382.084
382.133
382.13
382.167
382.257
382.293
382.189
382.028
381.982
381.901
381.867
381.936
288.9
288.9
288.9
288.9
288.9
288.9
288.9
288.9
288.9
288.9
288.9
288.9
288.9
288.9
288.9
288.9
288.9
288.9
288.9
288.9
288.9
288.9
288.9
288.9
288.9
288.9
288.9
288.9
288.9
288.9
288.9
288.9
288.9
288.902
288.913
289.011
289.676
291.895
320.714
327.532
355.144
375.442
383.58
381.67
379.188
382.292
383.465
382.924
381.483
380.734
380.638
380.741
381.124
381.749
381.971
382.535
382.691
382.404
382.483
382.404
382.226
381.909
382.003
382.023
382.16
382.371
382.512
382.547
382.522
382.389
382.168
382.002
381.871
381.762
381.709
288.9
288.9
288.9
288.9
288.9
288.9
288.9
288.9
288.9
288.9
288.9
288.9
288.9
288.9
288.9
288.9
288.9
288.9
288.9
288.9
288.9
288.9
288.9
288.9
288.9
288.9
288.9
288.9
288.9
288.9
288.9
288.9
288.9
288.9
288.901
288.905
288.932
289.129
294.435
298.728
320.941
353.886
370.852
374.671
376.838
381.834
382.035
379.745
380.13
380.915
380.897
380.984
381.248
381.491
381.487
381.589
382.367
382.385
382.405
382.392
382.229
382
382.041
382.212
382.515
382.814
382.83
382.805
382.682
382.486
382.219
381.966
381.781
381.647
381.449
288.9
288.9
288.9
288.9
288.9
288.9
288.9
288.9
288.9
288.9
288.9
288.9
288.9
288.9
288.9
288.9
288.9
288.9
288.9
288.9
288.9
288.9
288.9
288.9
288.9
288.9
288.9
288.9
288.9
288.9
288.9
288.9
288.9
288.9
288.9
288.9
288.901
288.914
289.093
289.698
293.9
310.469
337.368
361.913
375.221
380.965
381.638
381.531
382.683
383.051
382.202
381.575
381.284
380.834
380.756
380.916
381.696
382.412
382.402
382.483
382.279
382.332
382.281
382.482
382.853
383.092
383.021
382.893
382.702
382.445
382.18
381.879
381.67
381.519
381.146
288.9
288.9
288.9
288.9
288.9
288.9
288.9
288.9
288.9
288.9
288.9
288.9
288.9
288.9
288.9
288.9
288.9
288.9
288.9
288.9
288.9
288.9
288.9
288.9
288.9
288.9
288.9
288.9
288.9
288.9
288.9
288.9
288.9
288.9
288.9
288.9
288.9
288.901
288.905
288.934
289.185
290.988
299.345
320.062
353.064
372.452
378.124
381.313
383.892
383.594
381.987
380.917
380.826
380.449
380.411
380.787
381.64
382.545
382.707
382.673
382.462
382.462
382.549
382.805
383.07
383.057
382.962
382.708
382.418
382.239
382.073
381.782
381.58
381.341
380.84
288.9
288.9
288.9
288.9
288.9
288.9
288.9
288.9
288.9
288.9
288.9
288.9
288.9
288.9
288.9
288.9
288.9
288.9
288.9
288.9
288.9
288.9
288.9
288.9
288.9
288.9
288.9
288.9
288.9
288.9
288.9
288.9
288.9
288.9
288.9
288.9
288.9
288.9
288.9
288.902
288.912
288.997
289.626
293.127
313.634
335.118
356.976
378.226
382.936
381.763
378.671
378.2
380.929
381.406
381.228
381.603
382.309
382.856
382.892
382.716
382.484
382.4
382.685
382.884
382.973
382.868
382.533
382.211
382.064
382.106
381.973
381.75
381.532
381.217
380.683
288.9
288.9
288.9
288.9
288.9
288.9
288.9
288.9
288.9
288.9
288.9
288.9
288.9
288.9
288.9
288.9
288.9
288.9
288.9
288.9
288.9
288.9
288.9
288.9
288.9
288.9
288.9
288.9
288.9
288.9
288.9
288.9
288.9
288.9
288.9
288.9
288.9
288.9
288.9
288.9
288.901
288.904
288.932
289.153
291.596
298.191
322.099
356.792
368.559
380.299
382.057
379.909
381.554
382.112
382.11
382.015
382.252
382.549
382.27
381.909
381.838
382.085
382.413
382.714
382.632
382.258
381.943
381.831
381.91
382.02
381.97
381.774
381.512
381.182
380.701
288.9
288.9
288.9
288.9
288.9
288.9
288.9
288.9
288.9
288.9
288.9
288.9
288.9
288.9
288.9
288.9
288.9
288.9
288.9
288.9
288.9
288.9
288.9
288.9
288.9
288.9
288.9
288.9
288.9
288.9
288.9
288.9
288.9
288.9
288.9
288.9
288.9
288.9
288.9
288.9
288.9
288.9
288.902
288.912
289.023
289.542
296
309.255
340.747
370.03
379.556
386.551
382.034
381.715
381.706
381.393
381.279
381.246
380.999
380.737
381.136
381.876
382.294
382.322
381.898
381.656
381.748
381.776
381.941
382.025
381.995
381.836
381.558
381.237
380.884
288.9
288.9
288.9
288.9
288.9
288.9
288.9
288.9
288.9
288.9
288.9
288.9
288.9
288.9
288.9
288.9
288.9
288.9
288.9
288.9
288.9
288.9
288.9
288.9
288.9
288.9
288.9
288.9
288.9
288.9
288.9
288.9
288.9
288.9
288.9
288.9
288.9
288.9
288.9
288.9
288.9
288.9
288.9
288.901
288.905
288.937
289.455
291.102
305.855
332.74
357.356
374.787
376.022
377.989
382.503
382.365
381.943
381.317
380.588
380.332
381.144
381.828
382.15
381.986
381.407
381.486
381.742
381.952
382.18
382.17
382.071
381.925
381.678
381.434
381.215
288.9
288.9
288.9
288.9
288.9
288.9
288.9
288.9
288.9
288.9
288.9
288.9
288.9
288.9
288.9
288.9
288.9
288.9
288.9
288.9
288.9
288.9
288.9
288.9
288.9
288.9
288.9
288.9
288.9
288.9
288.9
288.9
288.9
288.9
288.9
288.9
288.9
288.9
288.9
288.9
288.9
288.9
288.9
288.9
288.9
288.902
288.924
289.046
290.938
297.157
319.157
350.281
368.833
375.026
383.348
384.703
384.11
382.867
381.502
381.268
381.566
381.94
382.136
381.882
381.639
381.688
381.81
382.058
382.361
382.323
382.218
382.098
381.948
381.771
381.572
288.9
288.9
288.9
288.9
288.9
288.9
288.9
288.9
288.9
288.9
288.9
288.9
288.9
288.9
288.9
288.9
288.9
288.9
288.9
288.9
288.9
288.9
288.9
288.9
288.9
288.9
288.9
288.9
288.9
288.9
288.9
288.9
288.9
288.9
288.9
288.9
288.9
288.9
288.9
288.9
288.9
288.9
288.9
288.9
288.9
288.9
288.901
288.909
289.017
289.479
294.75
308.132
339.744
369.564
384.749
382.905
380.83
380.838
380.749
380.928
381.368
381.827
381.987
381.978
382.001
381.987
382.038
382.225
382.412
382.437
382.383
382.286
382.194
382.031
381.898
288.9
288.9
288.9
288.9
288.9
288.9
288.9
288.9
288.9
288.9
288.9
288.9
288.9
288.9
288.9
288.9
288.9
288.9
288.9
288.9
288.9
288.9
288.9
288.9
288.9
288.9
288.9
288.9
288.9
288.9
288.9
288.9
288.9
288.9
288.9
288.9
288.9
288.9
288.9
288.9
288.9
288.9
288.9
288.9
288.9
288.9
288.9
288.9
288.905
288.933
289.39
290.972
303.498
337.221
359.724
370.025
380.118
379.689
379.763
380.689
381.041
381.791
381.775
381.983
382.006
381.81
382.045
382.32
382.472
382.51
382.432
382.29
382.203
382.167
382.068
288.9
288.9
288.9
288.9
288.9
288.9
288.9
288.9
288.9
288.9
288.9
288.9
288.9
288.9
288.9
288.9
288.9
288.9
288.9
288.9
288.9
288.9
288.9
288.9
288.9
288.9
288.9
288.9
288.9
288.9
288.9
288.9
288.9
288.9
288.9
288.9
288.9
288.9
288.9
288.9
288.9
288.9
288.9
288.9
288.9
288.9
288.9
288.9
288.9
288.902
288.923
289.032
290.474
298.929
317.013
347.796
372.311
377.459
383.905
383.308
381.441
382.166
382.168
382.305
381.94
381.775
382.015
382.55
382.691
382.604
382.417
382.206
382.075
382.095
382.046
288.9
288.9
288.9
288.9
288.9
288.9
288.9
288.9
288.9
288.9
288.9
288.9
288.9
288.9
288.9
288.9
288.9
288.9
288.9
288.9
288.9
288.9
288.9
288.9
288.9
288.9
288.9
288.9
288.9
288.9
288.9
288.9
288.9
288.9
288.9
288.9
288.9
288.9
288.9
288.9
288.9
288.9
288.9
288.9
288.9
288.9
288.9
288.9
288.9
288.9
288.901
288.908
288.995
289.54
293.072
309.865
336.789
362.363
383.855
382.811
378.915
380.942
383.084
382.828
382.068
382.195
382.932
383.252
383.063
382.624
382.271
381.999
381.879
381.954
381.934
288.9
288.9
288.9
288.9
288.9
288.9
288.9
288.9
288.9
288.9
288.9
288.9
288.9
288.9
288.9
288.9
288.9
288.9
288.9
288.9
288.9
288.9
288.9
288.9
288.9
288.9
288.9
288.9
288.9
288.9
288.9
288.9
288.9
288.9
288.9
288.9
288.9
288.9
288.9
288.9
288.9
288.9
288.9
288.9
288.9
288.9
288.9
288.9
288.9
288.9
288.9
288.9
288.905
288.931
289.194
291.233
299.687
332.028
360.144
370.323
375.395
384.177
384.85
383.024
382.551
383.127
383.585
383.346
382.981
382.719
382.244
381.87
381.801
381.877
381.863
288.9
288.9
288.9
288.9
288.9
288.9
288.9
288.9
288.9
288.9
288.9
288.9
288.9
288.9
288.9
288.9
288.9
288.9
288.9
288.9
288.9
288.9
288.9
288.9
288.9
288.9
288.9
288.9
288.9
288.9
288.9
288.9
288.9
288.9
288.9
288.9
288.9
288.9
288.9
288.9
288.9
288.9
288.9
288.9
288.9
288.9
288.9
288.9
288.9
288.9
288.9
288.9
288.9
288.902
288.915
289.035
289.866
301.557
316.277
348.762
369.811
382.538
383.464
379.302
380.862
382.833
382.944
382.449
382.453
382.417
382.24
382.034
382.057
382.106
381.92
288.9
288.9
288.9
288.9
288.9
288.9
288.9
288.9
288.9
288.9
288.9
288.9
288.9
288.9
288.9
288.9
288.9
288.9
288.9
288.9
288.9
288.9
288.9
288.9
288.9
288.9
288.9
288.9
288.9
288.9
288.9
288.9
288.9
288.9
288.9
288.9
288.9
288.9
288.9
288.9
288.9
288.9
288.9
288.9
288.9
288.9
288.9
288.9
288.9
288.9
288.9
288.9
288.9
288.9
288.901
288.907
288.963
290.066
292.846
310.689
346.556
366.272
372.891
380.327
380.213
381.513
380.614
380.781
381.632
382.257
382.318
382.302
382.315
382.226
381.914
288.9
288.9
288.9
288.9
288.9
288.9
288.9
288.9
288.9
288.9
288.9
288.9
288.9
288.9
288.9
288.9
288.9
288.9
288.9
288.9
288.9
288.9
288.9
288.9
288.9
288.9
288.9
288.9
288.9
288.9
288.9
288.9
288.9
288.9
288.9
288.9
288.9
288.9
288.9
288.9
288.9
288.9
288.9
288.9
288.9
288.9
288.9
288.9
288.9
288.9
288.9
288.9
288.9
288.9
288.9
288.9
288.904
288.947
289.182
291.671
307.306
331.016
356.542
379.734
381.365
380.229
379.114
380.66
381.871
382.557
382.528
382.457
382.369
382.14
381.418
288.9
288.9
288.9
288.9
288.9
288.9
288.9
288.9
288.9
288.9
288.9
288.9
288.9
288.9
288.9
288.9
288.9
288.9
288.9
288.9
288.9
288.9
288.9
288.9
288.9
288.9
288.9
288.9
288.9
288.9
288.9
288.9
288.9
288.9
288.9
288.9
288.9
288.9
288.9
288.9
288.9
288.9
288.9
288.9
288.9
288.9
288.9
288.9
288.9
288.9
288.9
288.9
288.9
288.9
288.9
288.9
288.9
288.902
288.916
289.079
290.784
298.031
322.648
357.071
377.631
377.81
380.473
383.199
382.864
382.681
382.672
382.538
382.299
381.759
380.789
288.9
288.9
288.9
288.9
288.9
288.9
288.9
288.9
288.9
288.9
288.9
288.9
288.9
288.9
288.9
288.9
288.9
288.9
288.9
288.9
288.9
288.9
288.9
288.9
288.9
288.9
288.9
288.9
288.9
288.9
288.9
288.9
288.9
288.9
288.9
288.9
288.9
288.9
288.9
288.9
288.9
288.9
288.9
288.9
288.9
288.9
288.9
288.9
288.9
288.9
288.9
288.9
288.9
288.9
288.9
288.9
288.9
288.9
288.901
288.91
289.001
289.698
295.861
316.587
356.248
369.623
381.579
384.212
383.831
382.908
382.91
382.799
382.331
381.423
380.577
288.9
288.9
288.9
288.9
288.9
288.9
288.9
288.9
288.9
288.9
288.9
288.9
288.9
288.9
288.9
288.9
288.9
288.9
288.9
288.9
288.9
288.9
288.9
288.9
288.9
288.9
288.9
288.9
288.9
288.9
288.9
288.9
288.9
288.9
288.9
288.9
288.9
288.9
288.9
288.9
288.9
288.9
288.9
288.9
288.9
288.9
288.9
288.9
288.9
288.9
288.9
288.9
288.9
288.9
288.9
288.9
288.9
288.9
288.9
288.901
288.905
288.95
289.491
293.828
310.958
347.14
378.002
382.236
382.345
382.642
382.887
382.46
381.764
381.079
381.131
288.9
288.9
288.9
288.9
288.9
288.9
288.9
288.9
288.9
288.9
288.9
288.9
288.9
288.9
288.9
288.9
288.9
288.9
288.9
288.9
288.9
288.9
288.9
288.9
288.9
288.9
288.9
288.9
288.9
288.9
288.9
288.9
288.9
288.9
288.9
288.9
288.9
288.9
288.9
288.9
288.9
288.9
288.9
288.9
288.9
288.9
288.9
288.9
288.9
288.9
288.9
288.9
288.9
288.9
288.9
288.9
288.9
288.9
288.9
288.9
288.9
288.903
288.934
289.32
291.577
313.536
343.1
362.695
377.533
382.658
382.558
381.486
380.988
382.182
382.612
288.9
288.9
288.9
288.9
288.9
288.9
288.9
288.9
288.9
288.9
288.9
288.9
288.9
288.9
288.9
288.9
288.9
288.9
288.9
288.9
288.9
288.9
288.9
288.9
288.9
288.9
288.9
288.9
288.9
288.9
288.9
288.9
288.9
288.9
288.9
288.9
288.9
288.9
288.9
288.9
288.9
288.9
288.9
288.9
288.9
288.9
288.9
288.9
288.9
288.9
288.9
288.9
288.9
288.9
288.9
288.9
288.9
288.9
288.9
288.9
288.9
288.9
288.902
288.924
289.1
292.761
302.024
332.428
366.596
376.536
381.32
379.826
380.291
382.99
383.181
288.9
288.9
288.9
288.9
288.9
288.9
288.9
288.9
288.9
288.9
288.9
288.9
288.9
288.9
288.9
288.9
288.9
288.9
288.9
288.9
288.9
288.9
288.9
288.9
288.9
288.9
288.9
288.9
288.9
288.9
288.9
288.9
288.9
288.9
288.9
288.9
288.9
288.9
288.9
288.9
288.9
288.9
288.9
288.9
288.9
288.9
288.9
288.9
288.9
288.9
288.9
288.9
288.9
288.9
288.9
288.9
288.9
288.9
288.9
288.9
288.9
288.9
288.9
288.901
288.914
289.163
290.186
302.926
325.627
355.697
378.787
378.42
378.805
381.369
381.316
288.9
288.9
288.9
288.9
288.9
288.9
288.9
288.9
288.9
288.9
288.9
288.9
288.9
288.9
288.9
288.9
288.9
288.9
288.9
288.9
288.9
288.9
288.9
288.9
288.9
288.9
288.9
288.9
288.9
288.9
288.9
288.9
288.9
288.9
288.9
288.9
288.9
288.9
288.9
288.9
288.9
288.9
288.9
288.9
288.9
288.9
288.9
288.9
288.9
288.9
288.9
288.9
288.9
288.9
288.9
288.9
288.9
288.9
288.9
288.9
288.9
288.9
288.9
288.9
288.901
288.912
288.997
290.625
296.528
321.883
355.525
369.987
377.808
380.727
380.651
288.9
288.9
288.9
288.9
288.9
288.9
288.9
288.9
288.9
288.9
288.9
288.9
288.9
288.9
288.9
288.9
288.9
288.9
288.9
288.9
288.9
288.9
288.9
288.9
288.9
288.9
288.9
288.9
288.9
288.9
288.9
288.9
288.9
288.9
288.9
288.9
288.9
288.9
288.9
288.9
288.9
288.9
288.9
288.9
288.9
288.9
288.9
288.9
288.9
288.9
288.9
288.9
288.9
288.9
288.9
288.9
288.9
288.9
288.9
288.9
288.9
288.9
288.9
288.9
288.9
288.901
288.907
289.015
289.609
296.803
312.349
355.224
376.037
380.776
380.941
288.9
288.9
288.9
288.9
288.9
288.9
288.9
288.9
288.9
288.9
288.9
288.9
288.9
288.9
288.9
288.9
288.9
288.9
288.9
288.9
288.9
288.9
288.9
288.9
288.9
288.9
288.9
288.9
288.9
288.9
288.9
288.9
288.9
288.9
288.9
288.9
288.9
288.9
288.9
288.9
288.9
288.9
288.9
288.9
288.9
288.9
288.9
288.9
288.9
288.9
288.9
288.9
288.9
288.9
288.9
288.9
288.9
288.9
288.9
288.9
288.9
288.9
288.9
288.9
288.9
288.9
288.9
288.906
288.953
289.72
292.903
325.297
355.251
371.812
378.997
288.9
288.9
288.9
288.9
288.9
288.9
288.9
288.9
288.9
288.9
288.9
288.9
288.9
288.9
288.9
288.9
288.9
288.9
288.9
288.9
288.9
288.9
288.9
288.9
288.9
288.9
288.9
288.9
288.9
288.9
288.9
288.9
288.9
288.9
288.9
288.9
288.9
288.9
288.9
288.9
288.9
288.9
288.9
288.9
288.9
288.9
288.9
288.9
288.9
288.9
288.9
288.9
288.9
288.9
288.9
288.9
288.9
288.9
288.9
288.9
288.9
288.9
288.9
288.9
288.9
288.9
288.9
288.9
288.904
288.948
289.363
296.793
317.545
343.414
371.553
288.9
288.9
288.9
288.9
288.9
288.9
288.9
288.9
288.9
288.9
288.9
288.9
288.9
288.9
288.9
288.9
288.9
288.9
288.9
288.9
288.9
288.9
288.9
288.9
288.9
288.9
288.9
288.9
288.9
288.9
288.9
288.9
288.9
288.9
288.9
288.9
288.9
288.9
288.9
288.9
288.9
288.9
288.9
288.9
288.9
288.9
288.9
288.9
288.9
288.9
288.9
288.9
288.9
288.9
288.9
288.9
288.9
288.9
288.9
288.9
288.9
288.9
288.9
288.9
288.9
288.9
288.9
288.9
288.9
288.903
288.939
289.556
293.725
307.648
352.78
288.9
288.9
288.9
288.9
288.9
288.9
288.9
288.9
288.9
288.9
288.9
288.9
288.9
288.9
288.9
288.9
288.9
288.9
288.9
288.9
288.9
288.9
288.9
288.9
288.9
288.9
288.9
288.9
288.9
288.9
288.9
288.9
288.9
288.9
288.9
288.9
288.9
288.9
288.9
288.9
288.9
288.9
288.9
288.9
288.9
288.9
288.9
288.9
288.9
288.9
288.9
288.9
288.9
288.9
288.9
288.9
288.9
288.9
288.9
288.9
288.9
288.9
288.9
288.9
288.9
288.9
288.9
288.9
288.9
288.9
288.903
288.934
289.255
291.667
321.54
288.9
288.9
288.9
288.9
288.9
288.9
288.9
288.9
288.9
288.9
288.9
288.9
288.9
288.9
288.9
288.9
288.9
288.9
288.9
288.9
288.9
288.9
288.9
288.9
288.9
288.9
288.9
288.9
288.9
288.9
288.9
288.9
288.9
288.9
288.9
288.9
288.9
288.9
288.9
288.9
288.9
288.9
288.9
288.9
288.9
288.9
288.9
288.9
288.9
288.9
288.9
288.9
288.9
288.9
288.9
288.9
288.9
288.9
288.9
288.9
288.9
288.9
288.9
288.9
288.9
288.9
288.9
288.9
288.9
288.9
288.9
288.902
288.921
289.185
298.129
288.9
288.9
288.9
288.9
288.9
288.9
288.9
288.9
288.9
288.9
288.9
288.9
288.9
288.9
288.9
288.9
288.9
288.9
288.9
288.9
288.9
288.9
288.9
288.9
288.9
288.9
288.9
288.9
288.9
288.9
288.9
288.9
288.9
288.9
288.9
288.9
288.9
288.9
288.9
288.9
288.9
288.9
288.9
288.9
288.9
288.9
288.9
288.9
288.9
288.9
288.9
288.9
288.9
288.9
288.9
288.9
288.9
288.9
288.9
288.9
288.9
288.9
288.9
288.9
288.9
288.9
288.9
288.9
288.9
288.9
288.9
288.9
288.902
288.936
290.466
288.9
288.9
288.9
288.9
288.9
288.9
288.9
288.9
288.9
288.9
288.9
288.9
288.9
288.9
288.9
288.9
288.9
288.9
288.9
288.9
288.9
288.9
288.9
288.9
288.9
288.9
288.9
288.9
288.9
288.9
288.9
288.9
288.9
288.9
288.9
288.9
288.9
288.9
288.9
288.9
288.9
288.9
288.9
288.9
288.9
288.9
288.9
288.9
288.9
288.9
288.9
288.9
288.9
288.9
288.9
288.9
288.9
288.9
288.9
288.9
288.9
288.9
288.9
288.9
288.9
288.9
288.9
288.9
288.9
288.9
288.9
288.9
288.9
288.905
289.092
288.9
288.9
288.9
288.9
288.9
288.9
288.9
288.9
288.9
288.9
288.9
288.9
288.9
288.9
288.9
288.9
288.9
288.9
288.9
288.9
288.9
288.9
288.9
288.9
288.9
288.9
288.9
288.9
288.9
288.9
288.9
288.9
288.9
288.9
288.9
288.9
288.9
288.9
288.9
288.9
288.9
288.9
288.9
288.9
288.9
288.9
288.9
288.9
288.9
288.9
288.9
288.9
288.9
288.9
288.9
288.9
288.9
288.9
288.9
288.9
288.9
288.9
288.9
288.9
288.9
288.9
288.9
288.9
288.9
288.9
288.9
288.9
288.9
288.901
288.92
288.9
288.9
288.9
288.9
288.9
288.9
288.9
288.9
288.9
288.9
288.9
288.9
288.9
288.9
288.9
288.9
288.9
288.9
288.9
288.9
288.9
288.9
288.9
288.9
288.9
288.9
288.9
288.9
288.9
288.9
288.9
288.9
288.9
288.9
288.9
288.9
288.9
288.9
288.9
288.9
288.9
288.9
288.9
288.9
288.9
288.9
288.9
288.9
288.9
288.9
288.9
288.9
288.9
288.9
288.9
288.9
288.9
288.9
288.9
288.9
288.9
288.9
288.9
288.9
288.9
288.9
288.9
288.9
288.9
288.9
288.9
288.9
288.9
288.9
288.902
288.9
288.9
288.9
288.9
288.9
288.9
288.9
288.9
288.9
288.9
288.9
288.9
288.9
288.9
288.9
288.9
288.9
288.9
288.9
288.9
288.9
288.9
288.9
288.9
288.9
288.9
288.9
288.9
288.9
288.9
288.9
288.9
288.9
288.9
288.9
288.9
288.9
288.9
288.9
288.9
288.9
288.9
288.9
288.9
288.9
288.9
288.9
288.9
288.9
288.9
288.9
288.9
288.9
288.9
288.9
288.9
288.9
288.9
288.9
288.9
288.9
288.9
288.9
288.9
288.9
288.9
288.9
288.9
288.9
288.9
288.9
288.9
288.9
288.9
288.9
288.9
288.9
288.9
288.9
288.9
288.9
288.9
288.9
288.9
288.9
288.9
288.9
288.9
288.9
288.9
288.9
288.9
288.9
288.9
288.9
288.9
288.9
288.9
288.9
288.9
288.9
288.9
288.9
288.9
288.9
288.9
288.9
288.9
288.9
288.9
288.9
288.9
288.9
288.9
288.9
288.9
288.9
288.9
288.9
288.9
288.9
288.9
288.9
288.9
288.9
288.9
288.9
288.9
288.9
288.9
288.9
288.9
288.9
288.9
288.9
288.9
288.9
288.9
288.9
288.9
288.9
288.9
288.9
288.9
288.9
288.9
288.9
288.9
288.9
288.9
288.9
288.9
288.9
288.9
288.9
288.9
288.9
288.9
288.9
288.9
288.9
288.9
288.9
288.9
288.9
288.9
288.9
288.9
288.9
288.9
288.9
288.9
288.9
288.9
288.9
288.9
288.9
288.9
288.9
288.9
288.9
288.9
288.9
288.9
288.9
288.9
288.9
288.9
288.9
288.9
288.9
288.9
288.9
288.9
288.9
288.9
288.9
288.9
288.9
288.9
288.9
288.9
288.9
288.9
288.9
288.9
288.9
288.9
288.9
288.9
288.9
288.9
288.9
288.9
288.9
288.9
288.9
288.9
288.9
288.9
288.9
288.9
288.9
288.9
288.9
288.9
288.9
288.9
288.9
288.9
288.9
288.9
288.9
288.9
288.9
288.9
288.9
288.9
288.9
288.9
288.9
288.9
288.9
288.9
288.9
288.9
288.9
288.9
288.9
288.9
288.9
288.9
288.9
288.9
288.9
288.9
288.9
288.9
288.9
288.9
288.9
288.9
288.9
288.9
288.9
288.9
288.9
288.9
288.9
288.9
288.9
288.9
288.9
288.9
288.9
288.9
288.9
288.9
288.9
288.9
288.9
288.9
288.9
288.9
288.9
288.9
288.9
288.9
288.9
288.9
288.9
288.9
288.9
288.9
288.9
288.9
288.9
288.9
288.9
288.9
288.9
288.9
288.9
288.9
288.9
288.9
288.9
288.9
288.9
288.9
288.9
288.9
288.9
288.9
288.9
288.9
288.9
288.9
288.9
288.9
288.9
288.9
288.9
288.9
288.9
288.9
288.9
288.9
288.9
288.9
288.9
288.9
288.9
288.9
288.9
288.9
288.9
288.9
288.9
288.9
288.9
288.9
288.9
288.9
288.9
288.9
288.9
288.9
288.9
288.9
288.9
288.9
288.9
288.9
288.9
288.9
288.9
288.9
288.9
288.9
288.9
288.9
288.9
288.9
288.9
288.9
288.9
288.9
288.9
288.9
288.9
288.9
288.9
288.9
288.9
288.9
288.9
288.9
288.9
288.9
288.9
288.9
288.9
288.9
288.9
288.9
288.9
288.9
288.9
288.9
288.9
288.9
288.9
288.9
288.9
288.9
288.9
288.9
288.9
288.9
288.9
288.9
288.9
288.9
288.9
288.9
288.9
288.9
288.9
288.9
288.9
288.9
288.9
288.9
288.9
288.9
288.9
288.9
288.9
288.9
288.9
288.9
288.9
288.9
288.9
288.9
288.9
288.9
288.9
288.9
288.9
288.9
288.9
288.9
288.9
288.9
288.9
288.9
288.9
288.9
288.9
288.9
288.9
288.9
288.9
288.9
288.9
288.9
288.9
288.9
288.9
288.9
288.9
288.9
288.9
288.9
288.9
288.9
288.9
288.9
288.9
288.9
288.9
288.9
288.9
288.9
288.9
288.9
288.9
288.9
288.9
288.9
288.9
288.9
288.9
288.9
288.9
288.9
288.9
288.9
288.9
288.9
288.9
288.9
288.9
288.9
288.9
288.9
288.9
288.9
288.9
288.9
288.9
288.9
288.9
288.9
288.9
288.9
288.9
288.9
288.9
288.9
288.9
288.9
288.9
288.9
288.9
288.9
288.9
288.9
288.9
288.9
288.9
288.9
288.9
288.9
288.9
288.9
288.9
288.9
288.9
288.9
288.9
288.9
288.9
288.9
288.9
288.9
288.9
288.9
288.9
288.9
288.9
288.9
288.9
288.9
288.9
288.9
288.9
288.9
288.9
288.9
288.9
288.9
288.9
288.9
288.9
288.9
288.9
288.9
288.9
288.9
288.9
288.9
288.9
288.9
288.9
288.9
288.9
288.9
288.9
288.9
288.9
288.9
288.9
288.9
288.9
288.9
288.9
288.9
288.9
288.9
288.9
288.9
288.9
288.9
288.9
288.9
288.9
288.9
288.9
288.9
288.9
288.9
288.9
288.9
288.9
288.9
288.9
288.9
288.9
288.9
288.9
288.9
288.9
288.9
288.9
288.9
288.9
288.9
288.9
288.9
288.9
288.9
288.9
288.9
288.9
288.9
288.9
288.9
288.9
288.9
288.9
288.9
288.9
288.9
288.9
288.9
288.9
288.9
288.9
288.9
288.9
288.9
288.9
288.9
288.9
288.9
288.9
288.9
288.9
288.9
288.9
288.9
288.9
288.9
288.9
288.9
288.9
288.9
288.9
288.9
288.9
288.9
288.9
288.9
288.9
288.9
288.9
288.9
288.9
288.9
288.9
288.9
288.9
288.9
288.9
288.9
288.9
288.9
288.9
288.9
288.9
288.9
288.9
288.9
288.9
288.9
288.9
288.9
288.9
288.9
288.9
288.9
288.9
288.9
288.9
288.9
288.9
288.9
288.9
288.9
288.9
288.9
288.9
288.9
288.9
288.9
288.9
288.9
288.9
288.9
288.9
288.9
288.9
288.9
288.9
288.9
288.9
288.9
288.9
288.9
288.9
288.9
288.9
288.9
288.9
288.9
288.9
288.9
288.9
288.9
288.9
288.9
288.9
288.9
288.9
288.9
288.9
288.9
288.9
288.9
288.9
288.9
288.9
288.9
288.9
288.9
288.9
288.9
288.9
288.9
288.9
288.9
288.9
288.9
288.9
288.9
288.9
288.9
288.9
288.9
288.9
288.9
288.9
288.9
288.9
288.9
288.9
288.9
288.9
288.9
288.9
288.9
288.9
288.9
288.9
288.9
288.9
288.9
288.9
288.9
288.9
288.9
288.9
288.9
288.9
288.9
288.9
288.9
288.9
288.9
288.9
288.9
288.9
288.9
288.9
288.9
288.9
288.9
288.9
288.9
288.9
288.9
288.9
288.9
288.9
288.9
288.9
288.9
288.9
288.9
288.9
288.9
288.9
288.9
288.9
288.9
288.9
288.9
288.9
288.9
288.9
288.9
288.9
288.9
288.9
288.9
288.9
288.9
288.9
288.9
288.9
288.9
288.9
288.9
288.9
288.9
288.9
288.9
288.9
288.9
288.9
288.9
288.9
288.9
288.9
288.9
288.9
288.9
288.9
288.9
288.9
288.9
288.9
288.9
288.9
288.9
288.9
288.9
288.9
288.9
288.9
288.9
288.9
288.9
288.9
288.9
288.9
288.9
288.9
288.9
288.9
288.9
288.9
288.9
288.9
288.9
288.9
288.9
288.9
288.9
288.9
288.9
288.9
288.9
288.9
288.9
288.9
288.9
288.9
288.9
288.9
288.9
288.9
288.9
288.9
288.9
288.9
288.9
288.9
288.9
288.9
288.9
288.9
288.9
288.9
288.9
288.9
288.9
288.9
288.9
288.9
288.9
288.9
288.9
288.9
288.9
288.9
288.9
288.9
288.9
288.9
288.9
288.9
288.9
288.9
288.9
288.9
288.9
288.9
288.9
288.9
288.9
288.9
288.9
288.9
288.9
288.9
288.9
288.9
288.9
288.9
288.9
288.9
288.9
288.9
288.9
288.9
288.9
288.9
288.9
288.9
288.9
288.9
288.9
288.9
288.9
288.9
288.9
288.9
288.9
288.9
288.9
288.9
288.9
288.9
288.9
288.9
288.9
288.9
288.9
288.9
288.9
288.9
288.9
288.9
288.9
288.9
288.9
288.9
288.9
288.9
288.9
288.9
288.9
288.9
288.9
288.9
288.9
288.9
288.9
288.9
288.9
288.9
288.9
288.9
288.9
288.9
288.9
288.9
288.9
288.9
288.9
288.9
288.9
288.9
288.9
288.9
288.9
288.9
288.9
288.9
288.9
288.9
288.9
288.9
288.9
288.9
288.9
288.9
288.9
288.9
288.9
288.9
288.9
288.9
288.9
288.9
288.9
288.9
288.9
288.9
288.9
288.9
288.9
288.9
288.9
288.9
288.9
288.9
288.9
288.9
288.9
288.9
288.9
288.9
288.9
288.9
288.9
288.9
288.9
288.9
288.9
288.9
288.9
288.9
288.9
288.9
288.9
288.9
288.9
288.9
288.9
288.9
288.9
288.9
288.9
288.9
288.9
288.9
288.9
288.9
288.9
288.9
288.9
288.9
288.9
288.9
288.9
288.9
288.9
288.9
288.9
288.9
288.9
288.9
288.9
288.9
288.9
288.9
288.9
288.9
288.9
288.9
288.9
288.9
288.9
288.9
288.9
288.9
288.9
288.9
288.9
288.9
288.9
288.9
288.9
288.9
288.9
288.9
288.9
288.9
288.9
288.9
288.9
288.9
288.9
288.9
288.9
288.9
288.9
288.9
288.9
288.9
288.9
288.9
288.9
288.9
288.9
288.9
288.9
288.9
288.9
288.9
288.9
288.9
288.9
288.9
288.9
288.9
288.9
288.9
288.9
288.9
288.9
288.9
288.9
288.9
288.9
288.9
288.9
288.9
288.9
288.9
288.9
288.9
288.9
288.9
288.9
288.9
288.9
288.9
288.9
288.9
288.9
288.9
288.9
288.9
288.9
288.9
288.9
288.9
288.9
288.9
288.9
288.9
288.9
288.9
288.9
288.9
288.9
288.9
288.9
288.9
288.9
288.9
288.9
288.9
288.9
288.9
288.9
288.9
288.9
288.9
288.9
288.9
288.9
288.9
288.9
288.9
288.9
288.9
288.9
288.9
288.9
288.9
288.9
288.9
288.9
288.9
288.9
288.9
288.9
288.9
288.9
288.9
288.9
288.9
288.9
288.9
288.9
288.9
288.9
288.9
288.9
288.9
288.9
288.9
288.9
288.9
288.9
288.9
288.9
288.9
288.9
288.9
288.9
288.9
288.9
288.9
288.9
288.9
288.9
288.9
288.9
288.9
288.9
288.9
288.9
288.9
288.9
288.9
288.9
288.9
288.9
288.9
288.9
288.9
288.9
288.9
288.9
288.9
288.9
288.9
288.9
288.9
288.9
288.9
288.9
288.9
288.9
288.9
288.9
288.9
288.9
288.9
288.9
288.9
288.9
288.9
288.9
288.9
288.9
288.9
288.9
288.9
288.9
288.9
288.9
288.9
288.9
288.9
288.9
288.9
288.9
288.9
288.9
288.9
288.9
288.9
288.9
288.9
288.9
288.9
288.9
288.9
288.9
288.9
288.9
288.9
288.9
288.9
288.9
288.9
288.9
288.9
288.9
288.9
288.9
288.9
288.9
288.9
288.9
288.9
288.9
288.9
288.9
288.9
288.9
288.9
288.9
288.9
288.9
288.9
288.9
288.9
288.9
288.9
288.9
288.9
288.9
288.9
288.9
288.9
288.9
288.9
288.9
288.9
288.9
288.9
288.9
288.9
288.9
288.9
288.9
288.9
288.9
288.9
288.9
288.9
288.9
288.9
288.9
288.9
288.9
288.9
288.9
288.9
288.9
288.9
288.9
288.9
288.9
288.9
288.9
288.9
288.9
288.9
288.9
288.9
288.9
288.9
288.9
288.9
288.9
288.9
288.9
288.9
288.9
288.9
288.9
288.9
288.9
288.9
288.9
288.9
288.9
288.9
288.9
288.9
288.9
288.9
288.9
288.9
288.9
288.9
288.9
288.9
288.9
288.9
288.9
288.9
288.9
288.9
288.9
288.9
288.9
288.9
288.9
288.9
288.9
288.9
288.9
288.9
288.9
288.9
288.9
288.9
288.9
288.9
288.9
288.9
288.9
288.9
288.9
288.9
288.9
288.9
288.9
288.9
288.9
288.9
288.9
288.9
)
;

boundaryField
{
    inlet
    {
        type            fixedValue;
        value           uniform 288.9;
    }
    outlet
    {
        type            zeroGradient;
    }
    bottom
    {
        type            symmetryPlane;
    }
    top
    {
        type            symmetryPlane;
    }
    obstacle
    {
        type            zeroGradient;
    }
    defaultFaces
    {
        type            empty;
    }
}


// ************************************************************************* //
