/*--------------------------------*- C++ -*----------------------------------*\
| =========                 |                                                 |
| \\      /  F ield         | OpenFOAM: The Open Source CFD Toolbox           |
|  \\    /   O peration     | Version:  v1812                                 |
|   \\  /    A nd           | Web:      www.OpenFOAM.com                      |
|    \\/     M anipulation  |                                                 |
\*---------------------------------------------------------------------------*/
FoamFile
{
    version     2.0;
    format      ascii;
    class       volScalarField;
    location    "0.003";
    object      T;
}
// * * * * * * * * * * * * * * * * * * * * * * * * * * * * * * * * * * * * * //

dimensions      [0 0 0 1 0 0 0];


internalField   nonuniform List<scalar> 
8475
(
288.9
288.9
288.9
288.9
288.9
288.9
288.9
288.9
288.9
288.9
288.9
288.9
288.9
288.9
288.9
288.9
288.9
288.9
288.9
288.9
288.9
288.9
288.9
288.9
288.9
288.9
288.9
288.9
288.9
288.9
288.9
288.9
288.9
288.9
288.9
288.9
288.907
289.315
288.9
288.9
288.9
288.9
288.9
288.9
288.9
288.9
288.9
288.9
288.9
288.9
288.9
288.9
288.9
288.9
288.9
288.9
288.9
288.9
288.9
288.9
288.9
288.9
288.9
288.9
288.9
288.9
288.9
288.9
288.9
288.9
288.9
288.9
288.9
288.9
288.902
289.002
288.9
288.9
288.9
288.9
288.9
288.9
288.9
288.9
288.9
288.9
288.9
288.9
288.9
288.9
288.9
288.9
288.9
288.9
288.9
288.9
288.9
288.9
288.9
288.9
288.9
288.9
288.9
288.9
288.9
288.9
288.9
288.9
288.9
288.9
288.9
288.9
288.9
288.914
288.9
288.9
288.9
288.9
288.9
288.9
288.9
288.9
288.9
288.9
288.9
288.9
288.9
288.9
288.9
288.9
288.9
288.9
288.9
288.9
288.9
288.9
288.9
288.9
288.9
288.9
288.9
288.9
288.9
288.9
288.9
288.9
288.9
288.9
288.9
288.9
288.9
288.901
288.9
288.9
288.9
288.9
288.9
288.9
288.9
288.9
288.9
288.9
288.9
288.9
288.9
288.9
288.9
288.9
288.9
288.9
288.9
288.9
288.9
288.9
288.9
288.9
288.9
288.9
288.9
288.9
288.9
288.9
288.9
288.9
288.9
288.9
288.9
288.9
288.9
288.9
288.9
288.9
288.9
288.9
288.9
288.9
288.9
288.9
288.9
288.9
288.9
288.9
288.9
288.9
288.9
288.9
288.9
288.9
288.9
288.9
288.9
288.9
288.9
288.9
288.9
288.9
288.9
288.9
288.9
288.9
288.9
288.9
288.9
288.9
288.9
288.9
288.9
288.9
288.9
288.9
288.9
288.9
288.9
288.9
288.9
288.9
288.9
288.9
288.9
288.9
288.9
288.9
288.9
288.9
288.9
288.9
288.9
288.9
288.9
288.9
288.9
288.9
288.9
288.9
288.9
288.9
288.9
288.9
288.9
288.9
288.9
288.9
288.9
288.9
288.9
288.9
288.9
288.9
288.9
288.9
288.9
288.9
288.9
288.9
288.9
288.9
288.9
288.9
288.9
288.9
288.9
288.9
288.9
288.9
288.9
288.9
288.9
288.9
288.9
288.9
288.9
288.9
288.9
288.9
288.9
288.9
288.9
288.9
288.9
288.9
288.9
288.9
288.9
288.9
288.9
288.9
288.9
288.9
288.9
288.9
288.9
288.9
288.9
288.9
288.9
288.9
288.9
288.9
288.9
288.9
288.9
288.9
288.9
288.9
288.9
288.9
288.9
288.9
288.9
288.9
288.9
288.9
288.9
288.9
288.9
288.9
288.9
288.9
288.9
288.9
288.9
288.9
288.9
288.9
288.9
288.9
288.9
288.9
288.9
288.9
288.9
288.9
288.9
288.9
288.9
288.9
288.9
288.9
288.9
288.9
288.9
288.9
288.9
288.9
288.9
288.9
288.9
288.9
288.9
288.9
288.9
288.9
288.9
288.9
288.9
288.9
288.9
288.9
288.9
288.9
288.9
288.9
288.9
288.9
288.9
288.9
288.9
288.9
288.9
288.9
288.9
288.9
288.9
288.9
288.9
288.9
288.9
288.9
288.9
288.9
288.9
288.9
288.9
288.9
288.9
288.9
288.9
288.9
288.9
288.9
288.9
288.9
288.9
288.9
288.9
288.9
288.9
288.9
288.9
288.9
288.9
288.9
288.9
288.9
288.9
288.9
288.9
288.9
288.9
288.9
288.9
288.9
288.9
288.9
288.9
288.9
288.9
288.9
288.9
288.9
288.9
288.9
288.9
288.9
288.9
288.9
288.9
288.9
288.9
288.9
288.9
288.9
288.9
288.9
288.9
288.9
288.9
288.9
288.9
288.9
288.9
288.9
288.9
288.9
288.9
288.9
288.9
288.9
288.9
288.9
288.9
288.9
288.9
288.9
288.9
288.9
288.9
288.9
288.9
288.9
288.9
288.9
288.9
288.9
288.9
288.9
288.9
288.9
288.9
288.9
288.9
288.9
288.9
288.9
288.9
288.9
288.9
288.9
288.9
288.9
288.9
288.9
288.9
288.9
288.9
288.9
288.9
288.9
288.9
288.9
288.9
288.9
288.9
288.9
288.9
288.9
288.9
288.9
288.9
288.9
288.9
288.9
288.9
288.9
288.9
288.9
288.9
288.9
288.9
288.9
288.9
288.9
288.9
288.9
288.9
288.9
288.9
288.9
288.9
288.9
288.9
288.9
288.9
288.9
288.9
288.9
288.9
288.9
288.9
288.9
288.9
288.9
288.9
288.9
288.9
288.9
288.9
288.9
288.9
288.9
288.9
288.9
288.9
288.9
288.9
288.9
288.9
288.9
288.9
288.9
288.9
288.9
288.9
288.9
288.9
288.9
288.9
288.9
288.9
288.9
288.9
288.9
288.9
288.9
288.9
288.9
288.9
288.9
288.9
288.9
288.9
288.9
288.9
288.9
288.9
288.9
288.9
288.9
288.9
288.9
288.9
288.9
288.9
288.9
288.9
288.9
288.9
288.9
288.9
288.9
288.9
288.9
288.9
288.9
288.9
288.9
288.9
288.9
288.9
288.9
288.9
288.9
288.9
288.9
288.9
288.9
288.9
288.9
288.9
288.9
288.9
288.9
288.9
288.9
288.9
288.9
288.9
288.9
288.9
288.9
288.9
288.9
288.9
288.9
288.9
288.9
288.9
288.9
288.9
288.9
288.9
288.9
288.9
288.9
288.9
288.9
288.9
288.9
288.9
288.9
288.9
288.9
288.9
288.9
288.9
288.9
288.9
288.9
288.9
288.9
288.9
288.9
288.9
288.9
288.9
288.9
288.9
288.9
288.9
288.9
288.9
288.9
288.9
288.9
288.9
288.9
288.9
288.9
288.9
288.9
288.9
288.9
288.9
288.9
288.9
288.9
288.9
288.9
288.9
288.9
288.9
288.9
288.9
288.9
288.9
288.9
288.9
288.9
288.9
288.9
288.9
288.9
288.9
288.9
288.9
288.9
288.9
288.9
288.9
288.9
288.9
288.9
288.9
288.9
288.9
288.9
288.9
288.9
288.9
288.9
288.9
288.9
288.9
288.9
288.9
288.9
288.9
288.9
288.9
288.9
288.9
288.9
288.9
288.9
288.9
288.9
288.9
288.9
288.9
288.9
288.9
288.9
288.9
288.9
288.9
288.9
288.9
288.9
288.9
288.9
288.9
288.9
288.9
288.9
288.9
288.9
288.9
288.9
288.9
288.9
288.9
288.9
288.9
288.9
288.9
288.9
288.9
288.9
288.9
288.9
288.9
288.9
288.9
288.9
288.9
288.9
288.9
288.9
288.9
288.9
288.9
288.9
288.9
288.9
288.9
288.9
288.9
288.9
288.9
288.9
288.9
288.9
288.9
288.9
288.9
288.9
288.9
288.9
288.9
288.9
288.9
288.9
288.9
288.9
288.9
288.9
288.9
288.9
288.9
288.9
288.9
288.9
288.9
288.9
288.9
288.9
288.9
288.9
288.9
288.9
288.9
288.9
288.9
288.9
288.9
288.9
288.9
288.9
288.9
288.9
288.9
288.9
288.9
288.9
288.9
288.9
288.9
288.9
288.9
288.9
288.9
288.9
288.9
288.9
288.9
288.9
288.9
288.9
288.9
288.9
288.9
288.9
288.9
288.9
288.9
288.9
288.9
288.9
288.9
288.9
288.9
288.9
288.9
288.9
288.9
288.9
288.9
288.9
288.9
288.9
288.9
288.9
288.9
288.9
288.9
288.9
288.9
288.9
288.9
288.9
288.9
288.9
288.9
288.9
288.9
288.9
288.9
288.9
288.9
288.9
288.9
288.9
288.9
288.9
288.9
288.9
288.9
288.9
288.9
288.9
288.9
288.9
288.9
288.9
288.9
288.9
288.9
288.9
288.9
288.9
288.9
288.9
288.9
288.9
288.9
288.9
288.9
288.9
288.9
288.9
288.9
288.9
288.9
288.9
288.9
288.9
288.9
288.9
288.9
288.9
288.9
288.9
288.9
288.9
288.9
288.9
288.9
288.9
288.9
288.9
288.9
288.9
288.9
288.9
288.9
288.9
288.9
288.9
288.9
288.9
288.9
288.9
288.9
288.9
288.9
288.9
288.9
288.9
288.9
288.9
288.9
288.9
288.9
288.9
288.9
288.9
288.9
288.9
288.9
288.9
288.9
288.9
288.9
288.9
288.9
288.9
288.9
288.9
288.9
288.9
288.9
288.9
288.9
288.9
288.9
288.9
288.9
288.9
288.9
288.9
288.9
288.9
288.9
288.9
288.9
288.9
288.9
288.9
288.9
288.9
288.9
288.9
288.9
288.9
288.9
288.9
288.9
288.9
288.9
288.9
288.9
288.9
288.9
288.9
288.9
288.9
288.9
288.9
288.9
288.9
288.9
288.9
288.9
288.9
288.9
288.9
288.9
288.9
288.9
288.9
288.9
288.9
288.9
288.9
288.9
288.9
288.9
288.9
288.9
288.9
288.9
288.9
288.9
288.9
288.9
288.9
288.9
288.9
288.9
288.9
288.9
288.9
288.9
288.9
288.9
288.9
288.9
288.9
288.9
288.9
288.9
288.9
288.9
288.9
288.9
288.9
288.9
288.9
288.9
288.9
288.9
288.9
288.9
288.9
288.9
288.9
288.9
288.9
288.9
288.9
288.9
288.9
288.9
288.9
288.9
288.9
288.9
288.9
288.9
288.9
288.9
288.9
288.9
288.9
288.9
288.9
288.9
288.9
288.9
288.9
288.9
288.9
288.9
288.9
288.9
288.9
288.9
288.9
288.9
288.9
288.9
288.9
288.9
288.9
288.9
288.9
288.9
288.9
288.9
288.9
288.9
288.9
288.9
288.9
288.9
288.9
288.9
288.9
288.9
288.9
288.9
288.9
288.9
288.9
288.9
288.9
288.9
288.9
288.9
288.9
288.9
288.9
288.9
288.9
288.9
288.9
288.9
288.9
288.9
288.9
288.9
288.9
288.9
288.9
288.9
288.9
288.9
288.9
288.9
288.9
288.9
288.9
288.9
288.9
288.9
288.9
288.9
288.9
288.9
288.9
288.9
288.9
288.9
288.9
288.9
288.9
288.9
288.9
288.9
288.9
288.9
288.9
288.9
288.9
288.9
288.9
288.9
288.9
288.9
288.9
288.9
288.9
288.9
288.9
288.9
288.9
288.9
288.9
288.9
288.9
288.9
288.9
288.9
288.9
288.9
288.9
288.9
288.9
288.9
288.9
288.9
288.9
288.9
288.9
288.9
288.9
288.9
288.9
288.9
288.9
288.9
288.9
288.9
288.9
288.9
288.9
288.9
288.9
288.9
288.9
288.9
288.9
288.9
288.9
288.9
288.9
288.9
288.9
288.9
288.9
288.9
288.9
288.9
288.9
288.9
288.9
288.9
288.9
288.9
288.9
288.9
288.9
288.9
288.9
288.9
288.9
288.9
288.9
288.9
288.9
288.9
288.9
288.9
288.9
288.9
288.9
288.9
288.9
288.9
288.9
288.9
288.9
288.9
288.9
288.9
288.9
288.9
288.9
288.9
288.9
288.9
288.9
288.9
288.9
288.9
288.9
288.9
288.9
288.9
288.9
288.9
288.9
288.9
288.9
288.9
288.9
288.9
288.9
288.9
288.9
288.9
288.9
288.9
288.9
288.9
288.9
288.9
288.9
288.9
288.9
288.9
288.9
288.9
288.9
288.9
288.9
288.9
288.9
288.9
288.9
288.9
288.9
288.9
288.9
288.9
288.9
288.9
288.9
288.9
288.9
288.9
288.9
288.9
288.9
288.9
288.9
288.9
288.9
288.9
288.9
288.9
288.9
288.9
288.9
288.9
288.9
288.9
288.9
288.9
288.9
288.9
288.9
288.9
288.9
288.9
288.9
288.9
288.9
288.9
288.9
288.9
288.9
288.9
288.9
288.9
288.9
288.9
288.9
288.9
288.9
288.9
288.9
288.9
288.9
288.9
288.9
288.9
288.9
288.9
288.9
288.9
288.9
288.9
288.9
288.9
288.9
288.9
288.9
288.9
288.9
288.9
288.9
288.9
288.9
288.9
288.9
288.9
288.9
288.9
288.9
288.9
288.9
288.9
288.9
288.9
288.9
288.9
288.9
288.9
288.9
288.9
288.9
288.9
288.9
288.9
288.9
288.9
288.9
288.9
288.9
288.9
288.9
288.9
288.9
288.9
288.9
288.9
288.9
288.9
288.9
288.9
288.9
288.9
288.9
288.9
288.9
288.9
288.9
288.9
288.9
288.9
288.9
288.9
288.9
288.9
288.9
288.9
288.9
288.9
288.9
288.9
288.9
288.9
288.9
288.9
288.9
288.9
288.9
288.9
288.9
288.9
288.9
288.9
288.9
288.9
288.9
288.9
288.9
288.9
288.9
288.9
288.9
288.9
288.9
288.9
288.9
288.9
288.9
288.9
288.9
288.9
288.9
288.9
288.9
288.9
288.9
288.9
288.9
288.9
288.9
288.9
288.9
288.9
288.9
288.9
288.9
288.9
288.9
288.9
288.9
288.9
288.9
288.9
288.9
288.9
288.9
288.9
288.9
288.9
288.9
288.9
288.9
288.9
288.9
288.9
288.9
288.9
288.9
288.9
288.9
288.9
288.9
288.9
288.9
288.9
288.9
288.9
288.9
288.9
288.9
288.9
288.9
288.9
288.9
288.9
288.9
288.9
288.9
288.9
288.9
288.9
288.9
288.9
288.9
288.9
288.9
288.9
288.9
288.9
288.9
288.9
288.9
288.9
288.9
288.9
288.9
288.9
288.9
288.9
288.9
288.9
288.9
288.9
288.9
288.9
288.9
288.9
288.9
288.9
288.9
288.9
288.9
288.9
288.9
288.9
288.9
288.9
288.9
288.9
288.9
288.9
288.9
288.9
288.9
288.9
288.9
288.9
288.9
288.9
288.9
288.9
288.9
288.9
288.9
288.9
288.9
288.9
288.9
288.9
288.9
288.9
288.9
288.9
288.9
288.9
288.9
288.9
288.9
288.9
288.9
288.9
288.9
288.9
288.9
288.9
288.9
288.9
288.9
288.9
288.9
288.9
288.9
288.9
288.9
288.9
288.9
288.9
288.9
288.9
288.9
288.9
288.9
288.9
288.9
288.9
288.9
288.9
288.9
288.9
288.9
288.9
288.9
288.9
288.9
288.9
288.9
288.9
288.9
288.9
288.9
288.9
288.9
288.9
288.9
288.9
288.9
288.9
288.9
288.9
288.9
288.9
288.9
288.9
288.9
288.9
288.9
288.9
288.9
288.9
288.9
288.9
288.9
288.9
288.9
288.9
288.9
288.9
288.9
288.9
288.9
288.9
288.9
288.9
288.9
288.9
288.9
288.9
288.9
288.9
288.9
288.9
288.9
288.9
288.9
288.9
288.9
288.9
288.9
288.9
288.9
288.9
288.9
288.9
288.9
288.9
288.9
288.9
288.9
288.9
288.9
288.9
288.9
288.9
288.9
288.9
288.9
288.9
288.9
288.9
288.9
288.9
288.9
288.9
288.9
288.9
288.9
288.9
288.9
288.9
288.9
288.9
288.9
288.9
288.9
288.9
288.9
288.9
288.9
288.9
288.9
288.9
288.9
288.9
288.9
288.9
288.9
288.9
288.9
288.9
288.9
288.9
288.9
288.9
288.9
288.9
288.9
288.9
288.9
288.9
288.9
288.9
288.9
288.9
288.9
288.9
288.9
288.9
288.9
288.9
288.9
288.9
288.9
288.9
288.9
288.9
288.9
288.9
288.9
288.9
288.9
288.9
288.9
288.9
288.9
288.9
288.9
288.9
288.9
288.9
288.9
288.9
288.9
288.9
288.9
288.9
288.9
288.9
288.9
288.9
288.9
288.9
288.9
288.9
288.9
288.9
288.9
288.9
288.9
288.9
288.9
288.9
288.9
288.9
288.9
288.9
288.9
288.9
288.9
288.9
288.9
288.9
288.9
288.9
288.9
288.9
288.9
288.9
288.9
288.9
288.9
288.9
288.9
288.9
288.9
288.9
288.9
288.9
288.9
288.9
288.9
288.9
288.9
288.9
288.9
288.9
288.9
288.9
288.9
288.9
288.9
288.9
288.9
288.9
288.9
288.9
288.9
288.9
288.9
288.9
288.9
288.9
288.9
288.9
288.9
288.9
288.9
288.9
288.9
288.9
288.9
288.9
288.9
288.9
288.9
288.9
288.9
288.9
288.9
288.9
288.9
288.9
288.9
288.9
288.9
288.9
288.9
288.9
288.9
288.9
288.9
288.9
288.9
288.9
288.9
288.9
288.9
288.9
288.9
288.9
288.9
288.9
288.9
288.9
288.9
288.9
288.9
288.9
288.9
288.9
288.9
288.9
288.9
288.9
288.9
288.9
288.9
288.9
288.9
288.9
288.9
288.9
288.9
288.9
288.9
288.9
288.9
288.9
288.9
288.9
288.9
288.9
288.9
288.9
288.9
288.9
288.9
288.9
288.9
288.9
288.9
288.9
288.9
288.9
288.9
288.9
288.9
288.9
288.9
288.9
288.9
288.9
288.9
288.9
288.9
288.9
288.9
288.9
288.9
288.9
288.9
288.9
288.9
288.9
288.9
288.9
288.9
288.9
288.9
288.9
288.9
288.9
288.9
288.9
288.9
288.9
288.9
288.9
288.9
288.9
288.9
288.9
288.9
288.9
288.9
288.9
288.9
288.9
288.9
288.9
288.9
288.9
288.9
288.9
288.9
288.9
288.9
288.9
288.9
288.9
288.9
288.9
288.9
288.9
288.9
288.9
288.9
288.9
288.9
288.9
288.9
288.9
288.9
288.9
288.9
288.9
288.9
288.9
288.9
288.9
288.9
288.9
288.9
288.9
288.9
288.9
288.9
288.9
288.9
288.9
288.9
288.9
288.9
288.9
288.9
288.9
288.9
288.9
288.9
288.9
288.9
288.9
288.9
288.9
288.9
288.9
288.9
288.9
288.9
288.9
288.9
288.9
288.9
288.9
288.9
288.9
288.9
288.9
288.9
288.9
288.9
288.9
288.9
288.9
288.9
288.9
288.9
288.9
288.9
288.9
288.9
288.9
288.9
288.9
288.9
288.9
288.9
288.9
288.9
288.9
288.9
288.9
288.9
288.9
288.9
288.9
288.9
288.9
288.9
288.9
288.9
288.9
288.9
288.9
288.9
288.9
288.9
288.9
288.9
288.9
288.9
288.9
288.9
288.9
288.9
288.9
288.9
288.9
288.9
288.9
288.9
288.9
288.9
288.9
288.9
288.9
288.9
288.9
288.9
288.9
288.9
288.9
288.9
288.9
288.9
288.9
288.9
288.9
288.9
288.9
288.9
288.9
288.9
288.9
288.9
288.9
288.9
288.9
288.9
288.9
288.9
288.9
288.9
288.9
288.9
288.9
288.9
288.9
288.9
288.9
288.9
288.9
288.9
288.9
288.9
288.9
288.9
288.9
288.9
288.9
288.9
288.9
288.9
288.9
288.9
288.9
288.9
288.9
288.9
288.9
288.9
288.9
288.9
288.9
288.9
288.9
288.9
288.9
288.9
288.9
288.9
288.9
288.9
288.9
288.9
288.9
288.9
288.9
288.9
288.9
288.9
288.9
288.9
288.9
288.9
288.9
288.9
288.9
288.9
288.9
288.9
288.9
288.9
288.9
288.9
288.9
288.9
288.9
288.9
288.9
288.9
288.9
288.9
288.9
288.9
288.9
288.9
288.9
288.9
288.9
288.9
288.9
288.9
288.9
288.9
288.9
288.9
288.9
288.9
288.9
288.9
288.9
288.9
288.9
288.9
288.9
288.9
288.9
288.9
288.9
288.9
288.9
288.9
288.9
288.9
288.9
288.9
288.9
288.9
288.9
288.9
288.9
288.9
288.9
288.9
288.9
288.9
288.9
288.9
288.9
288.9
288.9
288.9
288.9
288.9
288.9
288.9
288.9
288.9
288.9
288.9
288.9
288.9
288.9
288.9
288.9
288.9
288.9
288.9
288.9
288.9
288.9
288.9
288.9
288.9
288.9
288.9
288.9
288.9
288.9
288.9
288.9
288.9
288.9
288.9
288.9
288.9
288.9
288.9
288.9
288.9
288.9
288.9
288.9
288.9
288.9
288.9
288.9
288.9
288.9
288.9
288.9
288.9
288.9
288.9
288.9
288.9
288.9
288.9
288.9
288.9
288.9
288.9
288.9
288.9
288.9
288.9
288.9
288.9
288.9
288.9
288.9
288.9
288.9
288.9
288.9
288.9
288.9
288.9
288.9
288.9
288.9
288.9
288.9
288.9
288.9
288.9
288.9
288.9
288.9
288.9
288.9
288.9
288.9
288.9
288.9
288.9
288.9
288.9
288.9
288.9
288.9
288.9
288.9
288.9
288.9
288.9
288.9
288.9
288.9
288.9
288.9
288.9
288.9
288.9
288.9
288.9
288.9
288.9
288.9
288.9
288.9
288.9
288.9
288.9
288.9
288.9
288.9
288.9
288.9
288.9
288.9
288.9
288.9
288.9
288.9
288.9
288.9
288.9
288.9
288.9
288.9
288.9
288.9
288.9
288.9
288.9
288.9
288.9
288.9
288.9
288.9
288.9
288.9
288.9
288.9
288.9
288.9
288.9
288.9
288.9
288.9
288.9
288.9
288.9
288.9
288.9
288.9
288.9
288.9
288.9
288.9
288.9
288.9
288.9
288.9
288.9
288.9
288.9
288.9
288.9
288.9
288.9
288.9
288.9
288.9
288.9
288.9
288.9
288.9
288.9
288.9
288.9
288.9
288.9
288.9
288.9
288.9
288.9
288.9
288.9
288.9
288.9
288.9
288.9
288.9
288.9
288.9
288.9
288.9
288.9
288.9
288.9
288.9
288.9
288.9
288.9
288.9
288.9
288.9
288.9
288.9
288.9
288.9
288.9
288.9
288.9
288.9
288.9
288.9
288.9
288.9
288.9
288.9
288.9
288.9
288.9
288.9
288.9
288.9
288.9
288.9
288.9
288.9
288.9
288.9
288.9
288.9
288.9
288.9
288.9
288.9
288.9
288.9
288.9
288.9
288.9
288.9
288.9
288.9
288.9
288.9
288.9
288.9
288.9
288.9
288.9
288.9
288.9
288.9
288.9
288.9
288.9
288.9
288.9
288.9
288.9
288.9
288.9
288.9
288.9
288.9
288.9
288.9
288.9
288.9
288.9
288.9
288.9
288.9
288.9
288.9
288.9
288.9
288.9
288.9
288.9
288.9
288.9
288.9
288.9
288.9
288.9
288.9
288.9
288.9
288.9
288.9
288.9
288.9
288.9
288.9
288.9
288.9
288.9
288.9
288.9
288.9
288.9
288.9
288.9
288.9
288.9
288.9
288.9
288.9
288.9
288.9
288.9
288.9
288.9
288.9
288.9
288.9
288.9
288.9
288.9
288.9
288.9
288.9
288.9
288.9
288.9
288.9
288.9
288.9
288.9
288.9
288.9
288.9
288.9
288.9
288.9
288.9
288.9
288.9
288.9
288.9
288.9
288.9
288.9
288.9
288.9
288.9
288.9
288.9
288.9
288.9
288.9
288.9
288.9
288.9
288.9
288.9
288.9
288.9
288.9
288.9
288.9
288.9
288.9
288.9
288.9
288.9
288.9
288.9
288.9
288.9
288.9
288.9
288.9
288.9
288.9
288.9
288.9
288.9
288.9
288.9
288.9
288.9
288.9
288.9
288.9
288.9
288.9
288.9
288.9
288.9
288.9
288.9
288.9
288.9
288.9
288.9
288.9
288.9
288.9
288.9
288.9
288.9
288.9
288.9
288.9
288.9
288.9
288.9
288.9
288.9
288.9
288.9
288.9
288.9
288.9
288.9
288.9
288.9
288.9
288.9
288.9
288.9
288.9
288.9
288.9
288.9
288.9
288.9
288.9
288.9
288.9
288.9
288.9
288.9
288.9
288.9
288.9
288.9
288.9
288.9
288.9
288.9
288.9
288.9
288.9
288.9
288.9
288.9
288.9
288.9
288.9
288.9
288.9
288.9
288.9
288.9
288.9
288.9
288.9
288.9
288.9
288.9
288.9
288.9
288.9
288.9
288.9
288.9
288.9
288.9
288.9
288.9
288.9
288.9
288.9
288.9
288.9
288.9
288.9
288.9
288.9
288.9
288.9
288.9
288.9
288.9
288.9
288.9
288.9
288.9
288.9
288.9
288.9
288.9
288.9
288.9
288.9
288.9
288.9
288.9
288.9
288.9
288.9
288.9
288.9
288.9
288.9
288.9
288.9
288.9
288.9
288.9
288.9
288.9
288.9
288.9
288.9
288.9
288.9
288.9
288.9
288.9
288.9
288.9
288.9
288.9
288.9
288.9
288.9
288.9
288.9
288.9
288.9
288.9
288.9
288.9
288.9
288.9
288.9
288.9
288.9
288.9
288.9
288.9
288.9
288.9
288.9
288.9
288.9
288.9
288.9
288.9
288.9
288.9
288.9
288.9
288.9
288.9
288.9
288.9
288.9
288.9
288.9
310.961
340.916
365.55
396.634
404.829
410.764
412.041
405.816
394.924
384.067
377.103
376.224
379.731
385.263
386.773
386.417
385.603
384.884
384.173
384.007
384.428
385.589
386.999
387.208
386.777
385.814
384.564
383.456
383.012
383.064
383.238
383.674
384.327
384.877
385.251
385.437
385.586
385.769
385.829
385.886
385.971
385.966
385.847
385.602
385.608
385.62
385.584
385.483
385.325
385.145
384.971
384.813
384.627
384.587
384.618
384.707
384.863
385.082
385.337
385.601
385.795
385.948
386.086
386.224
386.238
386.219
386.18
386.119
386.051
386.03
386.053
386.1
386.154
386.222
386.367
291.379
296.131
315.01
329.129
359.803
375.175
374.116
372.845
377.328
377.064
375.15
374.497
375.427
377.902
380.095
381.333
381.937
381.659
381.351
381.134
381.246
381.525
381.542
381.338
380.777
380.046
379.639
379.506
379.533
379.497
379.7
380.248
381.016
381.631
381.799
381.734
381.553
381.23
380.781
380.289
379.873
379.539
379.348
379.369
379.494
379.681
379.815
379.819
379.788
379.745
379.704
379.648
379.689
379.839
380.068
380.35
380.64
380.882
381.115
381.341
381.354
381.315
381.236
381.119
380.898
380.592
380.26
379.962
379.737
379.64
379.649
379.72
379.829
379.904
379.927
288.965
289.274
290.17
293.673
307.263
327.521
351.716
382.556
386.959
386.253
384.023
382.089
379.377
379.461
380.125
381.64
383.448
382.941
381.987
381.695
381.843
382.295
382.865
383.438
383.421
383.075
382.543
381.915
381.002
380.98
380.942
380.943
380.961
380.95
380.863
380.725
380.593
380.566
380.599
380.749
381
381.306
381.486
381.653
381.71
381.644
381.469
381.13
380.756
380.404
380.101
379.895
379.773
379.717
379.697
379.729
379.813
379.934
380.101
380.297
380.488
380.692
380.929
381.162
381.195
381.157
381.096
381.028
380.932
380.802
380.66
380.541
380.466
380.4
380.332
288.903
288.911
288.939
289.132
289.398
291.604
301.712
332.944
363.517
387.37
391.888
388.003
388.152
387.186
384.659
384.173
384.18
383.835
383.485
383.724
383.783
383.687
383.377
383.49
383.603
383.358
382.831
382.258
381.798
381.884
382.162
382.475
382.609
382.661
382.6
382.255
381.601
380.836
380.004
379.406
379.384
379.467
379.74
380.257
380.974
381.795
382.686
383.527
384.163
384.37
384.33
384.226
383.998
383.633
383.166
382.642
382.141
381.784
381.72
381.669
381.673
381.709
381.827
382.043
382.135
382.102
382.11
382.131
382.118
382.072
382.015
382.009
382.004
382.004
382.016
288.9
288.9
288.901
288.905
288.917
288.99
289.437
292.81
309.067
344.31
381.543
387.629
391.053
390.714
383.663
383.821
383.549
383.907
384.713
385.269
384.919
384.409
383.916
383.619
383.693
383.896
384.164
384.761
385.361
385.886
386.17
386.091
385.864
385.485
385.05
384.554
384.163
384.037
384.043
384.108
384.284
384.649
385.035
385.434
385.755
385.891
385.885
385.801
385.579
385.155
384.586
383.975
383.455
383.108
383.066
383.075
383.129
383.259
383.428
383.584
383.611
383.59
383.532
383.51
383.411
383.23
383.064
382.965
382.877
382.854
382.863
382.894
382.985
383.026
383.052
288.9
288.9
288.9
288.9
288.901
288.903
288.918
289.036
289.996
295.523
317.101
358.102
384.52
384.478
381.4
391.07
391.226
388.976
386.955
384.682
383.9
383.025
383.304
382.977
383.043
383.599
384.404
385.242
385.932
386.033
385.941
385.473
384.789
383.965
383.561
383.599
383.568
383.661
383.97
384.497
385.146
385.766
386.268
386.616
386.733
386.689
386.525
386.282
385.957
385.525
385.018
384.494
384.031
383.569
383.36
383.293
383.262
383.303
383.486
383.753
384.073
384.298
384.313
384.3
384.251
384.129
383.966
383.871
383.796
383.789
383.806
383.832
383.882
383.927
383.897
288.9
288.9
288.9
288.9
288.9
288.9
288.901
288.904
288.935
289.166
290.828
304.842
325.368
356.466
389.156
388.278
389.711
388.053
383.022
383.886
384.649
385.484
385.069
383.938
383.605
384.225
385.008
385.443
385.532
385.139
384.2
383.116
382.516
382.548
382.623
382.811
383.015
383.17
383.456
383.888
384.439
384.932
385.326
385.46
385.552
385.504
385.342
385.145
384.907
384.718
384.545
384.364
384.042
383.736
383.467
383.257
383.15
383.032
383.052
383.196
383.436
383.758
383.914
383.911
383.931
383.902
383.815
383.774
383.748
383.699
383.722
383.76
383.789
383.771
383.786
288.9
288.9
288.9
288.9
288.9
288.9
288.9
288.9
288.901
288.909
288.969
289.509
291.695
304.288
338.535
353.859
371.665
378.149
381.718
386.669
389.97
388.553
384.471
383.815
383.801
384.132
384.061
384.088
384.059
383.8
383.343
383.227
383.295
383.607
383.703
383.618
383.39
383.018
382.995
383.155
383.501
383.905
384.351
384.818
385.054
384.98
384.891
384.735
384.473
384.162
383.839
383.588
383.403
383.277
383.15
382.997
382.81
382.656
382.581
382.613
382.72
382.873
383.01
383.019
383.057
383.088
383.151
383.135
383.149
383.147
383.18
383.317
383.492
383.508
383.534
288.9
288.9
288.9
288.9
288.9
288.9
288.9
288.9
288.9
288.9
288.902
288.914
288.989
289.549
293.137
305.684
330.452
368.375
379.711
388.743
388.52
383.838
379.657
379.862
381.144
381.769
381.683
381.508
381.396
381.239
381.295
381.562
382.186
382.92
383.156
383.068
383.016
383.121
383.51
384.089
384.786
385.432
385.813
385.778
385.633
385.337
384.875
384.426
384.052
383.716
383.542
383.47
383.439
383.396
383.32
383.218
383.054
382.885
382.741
382.653
382.634
382.587
382.523
382.545
382.613
382.68
382.777
382.766
382.802
382.902
383.027
383.187
383.386
383.438
383.4
288.9
288.9
288.9
288.9
288.9
288.9
288.9
288.9
288.9
288.9
288.9
288.9
288.902
288.919
289.033
289.727
294.133
306.765
345.655
375.709
375.782
377.53
380.499
385.59
384.796
383.301
382.134
381.566
380.949
381.05
381.537
382.218
383.061
383.401
383.276
383.145
383.252
383.54
384.091
384.865
385.591
385.953
385.905
385.672
385.284
384.795
384.262
383.774
383.522
383.53
383.577
383.651
383.761
383.824
383.798
383.727
383.601
383.418
383.215
383.03
382.885
382.696
382.635
382.701
382.765
382.82
382.858
382.906
382.939
383.044
383.16
383.243
383.346
383.346
383.254
288.9
288.9
288.9
288.9
288.9
288.9
288.9
288.9
288.9
288.9
288.9
288.9
288.9
288.901
288.904
288.926
289.11
290.18
302.972
317.52
346.052
378.77
391.341
387.683
381.606
379.895
380.78
381.509
381.62
381.856
382.31
382.771
383.342
383.941
383.909
383.783
383.772
383.609
383.622
383.65
383.577
383.357
382.944
382.467
382.131
382.059
382.089
382.216
382.452
382.748
382.998
383.18
383.408
383.573
383.565
383.522
383.423
383.251
383.043
382.836
382.759
382.633
382.687
382.85
382.861
382.831
382.807
382.852
382.949
383.088
383.186
383.213
383.264
383.26
383.096
288.9
288.9
288.9
288.9
288.9
288.9
288.9
288.9
288.9
288.9
288.9
288.9
288.9
288.9
288.9
288.901
288.907
288.955
289.442
291.246
301.356
325.779
355.897
375.038
377.854
378.076
383.968
383.603
384.42
384.524
384.004
382.762
381.922
382.224
382.645
382.408
381.964
381.45
381.128
381.157
381.122
381.084
380.98
380.912
380.983
381.123
381.319
381.579
381.867
382.176
382.428
382.684
382.933
382.97
382.895
382.785
382.66
382.464
382.361
382.351
382.407
382.472
382.664
382.9
382.938
382.871
382.825
382.85
382.934
383.023
383.07
383.092
383.088
383.06
382.836
288.9
288.9
288.9
288.9
288.9
288.9
288.9
288.9
288.9
288.9
288.9
288.9
288.9
288.9
288.9
288.9
288.9
288.902
288.914
288.981
289.464
293.188
302.036
337.983
375.126
387.178
383.671
384.274
386.855
387.379
384.689
380.858
379.468
380.28
380.949
380.865
380.678
380.84
381.122
381.68
381.751
381.788
381.715
381.46
381.191
381.268
381.389
381.596
381.918
382.326
382.671
383.002
383.191
383.132
382.875
382.535
382.255
382.043
381.981
382.03
382.124
382.31
382.556
382.705
382.699
382.703
382.676
382.705
382.74
382.754
382.745
382.745
382.705
382.616
382.343
288.9
288.9
288.9
288.9
288.9
288.9
288.9
288.9
288.9
288.9
288.9
288.9
288.9
288.9
288.9
288.9
288.9
288.9
288.9
288.902
288.918
289.053
289.765
299.311
315.399
347.483
365.925
377.115
388.759
387.033
382.052
378.864
379.872
380.892
381.377
381.321
381.224
381.468
382.068
382.539
382.497
382.282
382.115
381.986
381.857
381.808
381.847
382.017
382.393
382.821
383.146
383.298
383.371
383.35
383.197
382.881
382.661
382.454
382.276
382.307
382.369
382.528
382.589
382.561
382.482
382.405
382.309
382.249
382.214
382.141
382.081
381.998
381.903
381.79
381.641
288.9
288.9
288.9
288.9
288.9
288.9
288.9
288.9
288.9
288.9
288.9
288.9
288.9
288.9
288.9
288.9
288.9
288.9
288.9
288.9
288.901
288.905
288.939
289.316
291.136
299.91
329.204
360.35
372.216
377.269
384.729
384.703
382.84
381.427
381.882
382.162
382.355
382.627
382.694
382.296
381.301
380.694
380.754
380.894
381.151
381.528
381.899
382.244
382.474
382.411
382.291
382.277
382.278
382.388
382.516
382.458
382.333
382.239
382.128
382.171
382.3
382.541
382.559
382.551
382.51
382.442
382.351
382.228
382.091
381.936
381.768
381.499
381.301
381.151
381.177
288.9
288.9
288.9
288.9
288.9
288.9
288.9
288.9
288.9
288.9
288.9
288.9
288.9
288.9
288.9
288.9
288.9
288.9
288.9
288.9
288.9
288.9
288.901
288.911
288.981
289.416
294.045
308.758
328.829
364.2
384.878
383.43
380.543
380.1
381.732
381.605
381.829
382.503
382.46
381.922
381.252
381.279
381.427
381.837
382.32
382.8
383.304
383.414
383.165
382.685
382.052
381.554
381.534
381.537
381.766
381.932
382.044
382.022
382.011
382.067
382.215
382.441
382.488
382.534
382.551
382.514
382.431
382.291
382.104
381.888
381.647
381.325
381.121
381.148
381.23
288.9
288.9
288.9
288.9
288.9
288.9
288.9
288.9
288.9
288.9
288.9
288.9
288.9
288.9
288.9
288.9
288.9
288.9
288.9
288.9
288.9
288.9
288.9
288.9
288.902
288.92
289.097
290.075
295.692
311.545
346.345
366.127
371.189
377.49
383.02
382.269
382.039
382.129
381.875
381.678
381.773
381.991
382.365
382.818
383.35
383.803
384.259
384.231
383.908
383.247
382.218
381.331
381.237
381.403
381.545
381.566
381.546
381.544
381.561
381.661
381.838
382.078
382.184
382.257
382.362
382.369
382.313
382.183
381.992
381.786
381.484
381.215
381.211
381.242
381.446
288.9
288.9
288.9
288.9
288.9
288.9
288.9
288.9
288.9
288.9
288.9
288.9
288.9
288.9
288.9
288.9
288.9
288.9
288.9
288.9
288.9
288.9
288.9
288.9
288.9
288.901
288.905
288.941
289.182
291.109
297.619
332.983
365.187
381.703
381.351
380.445
381.656
382.813
382.683
382.979
382.984
382.569
381.897
381.471
381.628
382.069
382.742
382.991
382.827
382.468
382.035
381.58
381.587
381.715
381.836
381.828
381.735
381.62
381.577
381.61
381.745
381.856
381.863
381.927
382.08
382.135
382.113
382.042
381.933
381.787
381.582
381.485
381.521
381.59
381.884
288.9
288.9
288.9
288.9
288.9
288.9
288.9
288.9
288.9
288.9
288.9
288.9
288.9
288.9
288.9
288.9
288.9
288.9
288.9
288.9
288.9
288.9
288.9
288.9
288.9
288.9
288.9
288.901
288.91
288.984
289.44
296.169
310.401
336.439
362.002
380.255
385.036
381.764
381.099
382.012
381.797
380.926
380.401
380.6
381.09
381.587
381.921
382.017
381.84
381.742
381.803
381.86
382.103
382.563
382.728
382.649
382.476
382.256
382.097
381.954
381.955
381.972
382.006
382.102
382.245
382.317
382.312
382.283
382.214
382.104
382.045
382.039
381.984
382.005
382.164
288.9
288.9
288.9
288.9
288.9
288.9
288.9
288.9
288.9
288.9
288.9
288.9
288.9
288.9
288.9
288.9
288.9
288.9
288.9
288.9
288.9
288.9
288.9
288.9
288.9
288.9
288.9
288.9
288.9
288.903
288.924
289.172
290.367
297.382
316.95
359.934
373.343
375.617
378.83
379.932
379.67
379.681
380.949
380.857
380.445
380.014
379.976
380.345
380.67
380.826
380.911
380.986
381.411
382.046
382.164
382.093
381.935
382.012
381.942
381.854
381.853
381.878
381.961
382.133
382.289
382.417
382.548
382.624
382.556
382.554
382.53
382.587
382.58
382.531
382.36
288.9
288.9
288.9
288.9
288.9
288.9
288.9
288.9
288.9
288.9
288.9
288.9
288.9
288.9
288.9
288.9
288.9
288.9
288.9
288.9
288.9
288.9
288.9
288.9
288.9
288.9
288.9
288.9
288.9
288.9
288.901
288.907
288.952
289.288
292.084
308.924
341.643
375.123
390.508
387.443
385.214
385.227
384.509
382.413
380.408
380.163
380.29
380.951
382.053
382.047
381.463
381.454
381.678
381.983
381.882
381.741
381.52
381.54
381.496
381.468
381.478
381.546
381.696
381.941
382.198
382.392
382.616
382.773
382.742
382.73
382.707
382.664
382.592
382.506
382.211
288.9
288.9
288.9
288.9
288.9
288.9
288.9
288.9
288.9
288.9
288.9
288.9
288.9
288.9
288.9
288.9
288.9
288.9
288.9
288.9
288.9
288.9
288.9
288.9
288.9
288.9
288.9
288.9
288.9
288.9
288.9
288.9
288.902
288.915
289.051
290.349
303.284
326.344
349.913
361.878
378.128
386.591
383.602
380.327
380.096
380.719
381.524
382.934
384.158
383.356
382.262
382.34
382.199
382.133
382.034
381.849
381.542
381.226
381.181
381.158
381.177
381.278
381.487
381.775
382.071
382.291
382.524
382.601
382.599
382.579
382.568
382.489
382.361
382.258
381.94
288.9
288.9
288.9
288.9
288.9
288.9
288.9
288.9
288.9
288.9
288.9
288.9
288.9
288.9
288.9
288.9
288.9
288.9
288.9
288.9
288.9
288.9
288.9
288.9
288.9
288.9
288.9
288.9
288.9
288.9
288.9
288.9
288.9
288.901
288.906
288.964
289.614
293.41
305.621
336.279
366.099
375.497
375.168
379.613
385.664
384.041
382.278
382.46
382.3
381.78
381.912
382.264
382.263
381.984
381.709
381.459
381.209
381.015
381.001
381.051
381.185
381.42
381.712
382.087
382.275
382.378
382.409
382.37
382.364
382.251
382.149
382.174
382.11
381.964
381.65
288.9
288.9
288.9
288.9
288.9
288.9
288.9
288.9
288.9
288.9
288.9
288.9
288.9
288.9
288.9
288.9
288.9
288.9
288.9
288.9
288.9
288.9
288.9
288.9
288.9
288.9
288.9
288.9
288.9
288.9
288.9
288.9
288.9
288.9
288.9
288.902
288.921
289.08
289.967
299.027
312.757
343.431
371.889
387.168
387.328
381.882
382.136
382.413
381.213
381.138
381.703
381.696
381.828
381.548
381.121
380.813
380.686
380.708
380.847
381.104
381.454
381.759
382.149
382.452
382.452
382.44
382.333
382.201
382.094
381.972
381.861
381.843
381.751
381.553
381.297
288.9
288.9
288.9
288.9
288.9
288.9
288.9
288.9
288.9
288.9
288.9
288.9
288.9
288.9
288.9
288.9
288.9
288.9
288.9
288.9
288.9
288.9
288.9
288.9
288.9
288.9
288.9
288.9
288.9
288.9
288.9
288.9
288.9
288.9
288.9
288.9
288.901
288.905
288.938
289.313
290.979
301.697
335.323
371.962
379.099
378.567
380.058
381.964
381.559
382.191
382.023
381.478
381.423
381.248
380.674
380.249
380.178
380.306
380.685
381.206
381.641
382.075
382.503
382.583
382.574
382.523
382.366
382.204
382.089
382.004
381.878
381.75
381.37
381.069
380.98
288.9
288.9
288.9
288.9
288.9
288.9
288.9
288.9
288.9
288.9
288.9
288.9
288.9
288.9
288.9
288.9
288.9
288.9
288.9
288.9
288.9
288.9
288.9
288.9
288.9
288.9
288.9
288.9
288.9
288.9
288.9
288.9
288.9
288.9
288.9
288.9
288.9
288.9
288.901
288.911
288.981
289.682
296.425
318.82
353.18
380.961
381.369
379.952
379.798
380.825
381.26
381.259
381.265
380.975
380.291
380.089
380.132
380.4
380.863
381.319
381.648
381.973
382.263
382.448
382.489
382.465
382.485
382.432
382.387
382.298
382.109
381.662
381.187
380.905
380.987
288.9
288.9
288.9
288.9
288.9
288.9
288.9
288.9
288.9
288.9
288.9
288.9
288.9
288.9
288.9
288.9
288.9
288.9
288.9
288.9
288.9
288.9
288.9
288.9
288.9
288.9
288.9
288.9
288.9
288.9
288.9
288.9
288.9
288.9
288.9
288.9
288.9
288.9
288.9
288.9
288.903
288.931
289.262
291.791
307.878
349.929
361.79
371.625
380.499
379.903
380.197
381.231
381.019
381.11
381.21
381.186
381.254
381.704
381.838
381.778
381.652
381.772
381.902
381.974
382.063
382.273
382.525
382.768
382.753
382.627
382.366
381.785
381.468
381.254
381.372
288.9
288.9
288.9
288.9
288.9
288.9
288.9
288.9
288.9
288.9
288.9
288.9
288.9
288.9
288.9
288.9
288.9
288.9
288.9
288.9
288.9
288.9
288.9
288.9
288.9
288.9
288.9
288.9
288.9
288.9
288.9
288.9
288.9
288.9
288.9
288.9
288.9
288.9
288.9
288.9
288.9
288.901
288.912
289.026
290.297
298.281
326.894
353.571
375.026
375.042
380.904
383.072
382.688
382.652
382.293
381.54
381.913
382.226
382.109
381.87
381.634
381.548
381.501
381.513
381.684
381.997
382.372
382.769
382.777
382.589
382.198
381.914
381.691
381.601
381.808
288.9
288.9
288.9
288.9
288.9
288.9
288.9
288.9
288.9
288.9
288.9
288.9
288.9
288.9
288.9
288.9
288.9
288.9
288.9
288.9
288.9
288.9
288.9
288.9
288.9
288.9
288.9
288.9
288.9
288.9
288.9
288.9
288.9
288.9
288.9
288.9
288.9
288.9
288.9
288.9
288.9
288.9
288.9
288.904
288.953
289.379
294.941
304.68
337.601
373.221
384.658
382.605
383.143
383.949
383.23
382.342
382.392
382.611
382.467
381.986
381.827
381.69
381.419
381.421
381.542
381.812
382.179
382.492
382.469
382.344
382.094
381.881
381.887
382.075
382.601
288.9
288.9
288.9
288.9
288.9
288.9
288.9
288.9
288.9
288.9
288.9
288.9
288.9
288.9
288.9
288.9
288.9
288.9
288.9
288.9
288.9
288.9
288.9
288.9
288.9
288.9
288.9
288.9
288.9
288.9
288.9
288.9
288.9
288.9
288.9
288.9
288.9
288.9
288.9
288.9
288.9
288.9
288.9
288.9
288.902
288.917
289.124
290.092
299.25
334.037
368.899
367.545
385.806
385.135
381.67
379.82
380.916
382.293
382.259
382.079
381.969
381.807
381.485
381.283
381.34
381.575
381.89
382.04
381.918
381.757
381.712
381.734
381.905
382.251
382.615
288.9
288.9
288.9
288.9
288.9
288.9
288.9
288.9
288.9
288.9
288.9
288.9
288.9
288.9
288.9
288.9
288.9
288.9
288.9
288.9
288.9
288.9
288.9
288.9
288.9
288.9
288.9
288.9
288.9
288.9
288.9
288.9
288.9
288.9
288.9
288.9
288.9
288.9
288.9
288.9
288.9
288.9
288.9
288.9
288.9
288.901
288.906
288.953
289.601
296.556
312.432
352.962
369.014
376.782
375.64
378.835
381.634
383.336
382.434
381.522
381.427
381.361
381.126
380.944
381.021
381.279
381.567
381.484
381.32
381.272
381.133
381.14
381.355
381.634
381.95
288.9
288.9
288.9
288.9
288.9
288.9
288.9
288.9
288.9
288.9
288.9
288.9
288.9
288.9
288.9
288.9
288.9
288.9
288.9
288.9
288.9
288.9
288.9
288.9
288.9
288.9
288.9
288.9
288.9
288.9
288.9
288.9
288.9
288.9
288.9
288.9
288.9
288.9
288.9
288.9
288.9
288.9
288.9
288.9
288.9
288.9
288.9
288.902
288.93
289.308
291.908
319.149
334.977
360.209
380.802
384.138
384.789
383.294
381.345
380.396
380.612
380.736
380.79
380.893
381.117
381.336
381.456
381.347
381.206
381.064
380.942
381.018
381.11
381.172
381.308
288.9
288.9
288.9
288.9
288.9
288.9
288.9
288.9
288.9
288.9
288.9
288.9
288.9
288.9
288.9
288.9
288.9
288.9
288.9
288.9
288.9
288.9
288.9
288.9
288.9
288.9
288.9
288.9
288.9
288.9
288.9
288.9
288.9
288.9
288.9
288.9
288.9
288.9
288.9
288.9
288.9
288.9
288.9
288.9
288.9
288.9
288.9
288.9
288.901
288.913
289.056
290.957
299.191
321.595
356.628
376.253
381.293
380.233
378.606
379.302
380.898
381.644
381.491
381.486
381.537
381.521
381.449
381.117
380.993
380.778
380.813
380.983
381.001
380.966
380.903
288.9
288.9
288.9
288.9
288.9
288.9
288.9
288.9
288.9
288.9
288.9
288.9
288.9
288.9
288.9
288.9
288.9
288.9
288.9
288.9
288.9
288.9
288.9
288.9
288.9
288.9
288.9
288.9
288.9
288.9
288.9
288.9
288.9
288.9
288.9
288.9
288.9
288.9
288.9
288.9
288.9
288.9
288.9
288.9
288.9
288.9
288.9
288.9
288.9
288.9
288.905
288.968
289.522
292.852
313.687
352.94
376.61
379.272
379.039
380.928
383.017
383.622
383.185
382.416
381.961
381.642
381.067
380.858
380.713
380.738
380.897
380.993
380.924
380.812
380.918
288.9
288.9
288.9
288.9
288.9
288.9
288.9
288.9
288.9
288.9
288.9
288.9
288.9
288.9
288.9
288.9
288.9
288.9
288.9
288.9
288.9
288.9
288.9
288.9
288.9
288.9
288.9
288.9
288.9
288.9
288.9
288.9
288.9
288.9
288.9
288.9
288.9
288.9
288.9
288.9
288.9
288.9
288.9
288.9
288.9
288.9
288.9
288.9
288.9
288.9
288.9
288.902
288.921
289.102
291.496
307.356
332.82
367.574
385.04
382.887
382.687
383.377
382.331
381.217
381.039
380.762
380.73
380.913
380.986
381.155
381.304
381.222
380.981
381.005
381.349
288.9
288.9
288.9
288.9
288.9
288.9
288.9
288.9
288.9
288.9
288.9
288.9
288.9
288.9
288.9
288.9
288.9
288.9
288.9
288.9
288.9
288.9
288.9
288.9
288.9
288.9
288.9
288.9
288.9
288.9
288.9
288.9
288.9
288.9
288.9
288.9
288.9
288.9
288.9
288.9
288.9
288.9
288.9
288.9
288.9
288.9
288.9
288.9
288.9
288.9
288.9
288.9
288.901
288.908
289.026
290.292
299.103
327.544
363.57
370.731
379.986
383.223
382.234
381.83
382.041
382.277
382.375
382.114
381.962
382.004
381.927
381.689
381.504
381.554
381.969
288.9
288.9
288.9
288.9
288.9
288.9
288.9
288.9
288.9
288.9
288.9
288.9
288.9
288.9
288.9
288.9
288.9
288.9
288.9
288.9
288.9
288.9
288.9
288.9
288.9
288.9
288.9
288.9
288.9
288.9
288.9
288.9
288.9
288.9
288.9
288.9
288.9
288.9
288.9
288.9
288.9
288.9
288.9
288.9
288.9
288.9
288.9
288.9
288.9
288.9
288.9
288.9
288.9
288.9
288.905
288.954
289.676
293.887
318.305
364.923
377.54
378.781
380.535
381.866
382.629
383.843
384.124
383.893
383.736
383.428
383.028
382.44
382.011
382.014
382.151
288.9
288.9
288.9
288.9
288.9
288.9
288.9
288.9
288.9
288.9
288.9
288.9
288.9
288.9
288.9
288.9
288.9
288.9
288.9
288.9
288.9
288.9
288.9
288.9
288.9
288.9
288.9
288.9
288.9
288.9
288.9
288.9
288.9
288.9
288.9
288.9
288.9
288.9
288.9
288.9
288.9
288.9
288.9
288.9
288.9
288.9
288.9
288.9
288.9
288.9
288.9
288.9
288.9
288.9
288.9
288.902
288.929
289.218
293.333
311.55
343.067
358.771
387.247
384.234
379.93
382.439
382.874
382.54
382.613
382.588
382.349
382.046
381.809
381.859
381.895
288.9
288.9
288.9
288.9
288.9
288.9
288.9
288.9
288.9
288.9
288.9
288.9
288.9
288.9
288.9
288.9
288.9
288.9
288.9
288.9
288.9
288.9
288.9
288.9
288.9
288.9
288.9
288.9
288.9
288.9
288.9
288.9
288.9
288.9
288.9
288.9
288.9
288.9
288.9
288.9
288.9
288.9
288.9
288.9
288.9
288.9
288.9
288.9
288.9
288.9
288.9
288.9
288.9
288.9
288.9
288.9
288.901
288.915
289.126
290.933
301.447
332.675
357.148
370.144
379.153
384.082
382.682
379.932
379.66
380.405
381.198
380.917
380.871
381.088
381.53
288.9
288.9
288.9
288.9
288.9
288.9
288.9
288.9
288.9
288.9
288.9
288.9
288.9
288.9
288.9
288.9
288.9
288.9
288.9
288.9
288.9
288.9
288.9
288.9
288.9
288.9
288.9
288.9
288.9
288.9
288.9
288.9
288.9
288.9
288.9
288.9
288.9
288.9
288.9
288.9
288.9
288.9
288.9
288.9
288.9
288.9
288.9
288.9
288.9
288.9
288.9
288.9
288.9
288.9
288.9
288.9
288.9
288.901
288.908
288.985
289.796
300.538
312.051
355.422
379.086
382.961
381.78
379.741
380.57
381.733
381.503
380.771
380.404
380.872
381.664
288.9
288.9
288.9
288.9
288.9
288.9
288.9
288.9
288.9
288.9
288.9
288.9
288.9
288.9
288.9
288.9
288.9
288.9
288.9
288.9
288.9
288.9
288.9
288.9
288.9
288.9
288.9
288.9
288.9
288.9
288.9
288.9
288.9
288.9
288.9
288.9
288.9
288.9
288.9
288.9
288.9
288.9
288.9
288.9
288.9
288.9
288.9
288.9
288.9
288.9
288.9
288.9
288.9
288.9
288.9
288.9
288.9
288.9
288.9
288.903
288.938
289.592
292.438
320.664
357.563
368.563
374.992
378.196
382.15
382.914
381.78
380.874
381.1
381.661
382.267
288.9
288.9
288.9
288.9
288.9
288.9
288.9
288.9
288.9
288.9
288.9
288.9
288.9
288.9
288.9
288.9
288.9
288.9
288.9
288.9
288.9
288.9
288.9
288.9
288.9
288.9
288.9
288.9
288.9
288.9
288.9
288.9
288.9
288.9
288.9
288.9
288.9
288.9
288.9
288.9
288.9
288.9
288.9
288.9
288.9
288.9
288.9
288.9
288.9
288.9
288.9
288.9
288.9
288.9
288.9
288.9
288.9
288.9
288.9
288.9
288.901
288.922
289.152
292.942
310.446
342.966
375.298
380.607
382.514
383.952
383.331
382.286
382.27
382.527
382.524
288.9
288.9
288.9
288.9
288.9
288.9
288.9
288.9
288.9
288.9
288.9
288.9
288.9
288.9
288.9
288.9
288.9
288.9
288.9
288.9
288.9
288.9
288.9
288.9
288.9
288.9
288.9
288.9
288.9
288.9
288.9
288.9
288.9
288.9
288.9
288.9
288.9
288.9
288.9
288.9
288.9
288.9
288.9
288.9
288.9
288.9
288.9
288.9
288.9
288.9
288.9
288.9
288.9
288.9
288.9
288.9
288.9
288.9
288.9
288.9
288.9
288.901
288.912
289.112
291.054
303.659
334.518
368.468
376.094
381.448
383.163
382.89
382.306
382.347
382.41
288.9
288.9
288.9
288.9
288.9
288.9
288.9
288.9
288.9
288.9
288.9
288.9
288.9
288.9
288.9
288.9
288.9
288.9
288.9
288.9
288.9
288.9
288.9
288.9
288.9
288.9
288.9
288.9
288.9
288.9
288.9
288.9
288.9
288.9
288.9
288.9
288.9
288.9
288.9
288.9
288.9
288.9
288.9
288.9
288.9
288.9
288.9
288.9
288.9
288.9
288.9
288.9
288.9
288.9
288.9
288.9
288.9
288.9
288.9
288.9
288.9
288.9
288.9
288.907
288.993
290.13
298.391
335.703
361.046
376.148
382.875
380.249
380.229
381.776
381.919
288.9
288.9
288.9
288.9
288.9
288.9
288.9
288.9
288.9
288.9
288.9
288.9
288.9
288.9
288.9
288.9
288.9
288.9
288.9
288.9
288.9
288.9
288.9
288.9
288.9
288.9
288.9
288.9
288.9
288.9
288.9
288.9
288.9
288.9
288.9
288.9
288.9
288.9
288.9
288.9
288.9
288.9
288.9
288.9
288.9
288.9
288.9
288.9
288.9
288.9
288.9
288.9
288.9
288.9
288.9
288.9
288.9
288.9
288.9
288.9
288.9
288.9
288.9
288.9
288.903
288.954
289.681
296.551
325.527
356.679
377.014
378.113
379.357
381.679
380.841
288.9
288.9
288.9
288.9
288.9
288.9
288.9
288.9
288.9
288.9
288.9
288.9
288.9
288.9
288.9
288.9
288.9
288.9
288.9
288.9
288.9
288.9
288.9
288.9
288.9
288.9
288.9
288.9
288.9
288.9
288.9
288.9
288.9
288.9
288.9
288.9
288.9
288.9
288.9
288.9
288.9
288.9
288.9
288.9
288.9
288.9
288.9
288.9
288.9
288.9
288.9
288.9
288.9
288.9
288.9
288.9
288.9
288.9
288.9
288.9
288.9
288.9
288.9
288.9
288.9
288.902
288.934
289.414
295.784
308.918
349.788
380.105
385.027
383.078
379.831
288.9
288.9
288.9
288.9
288.9
288.9
288.9
288.9
288.9
288.9
288.9
288.9
288.9
288.9
288.9
288.9
288.9
288.9
288.9
288.9
288.9
288.9
288.9
288.9
288.9
288.9
288.9
288.9
288.9
288.9
288.9
288.9
288.9
288.9
288.9
288.9
288.9
288.9
288.9
288.9
288.9
288.9
288.9
288.9
288.9
288.9
288.9
288.9
288.9
288.9
288.9
288.9
288.9
288.9
288.9
288.9
288.9
288.9
288.9
288.9
288.9
288.9
288.9
288.9
288.9
288.9
288.901
288.92
289.257
291.406
309.188
355.191
378.392
379.06
380.689
288.9
288.9
288.9
288.9
288.9
288.9
288.9
288.9
288.9
288.9
288.9
288.9
288.9
288.9
288.9
288.9
288.9
288.9
288.9
288.9
288.9
288.9
288.9
288.9
288.9
288.9
288.9
288.9
288.9
288.9
288.9
288.9
288.9
288.9
288.9
288.9
288.9
288.9
288.9
288.9
288.9
288.9
288.9
288.9
288.9
288.9
288.9
288.9
288.9
288.9
288.9
288.9
288.9
288.9
288.9
288.9
288.9
288.9
288.9
288.9
288.9
288.9
288.9
288.9
288.9
288.9
288.9
288.901
288.912
289.05
291.352
309.617
345.07
370.325
382.472
288.9
288.9
288.9
288.9
288.9
288.9
288.9
288.9
288.9
288.9
288.9
288.9
288.9
288.9
288.9
288.9
288.9
288.9
288.9
288.9
288.9
288.9
288.9
288.9
288.9
288.9
288.9
288.9
288.9
288.9
288.9
288.9
288.9
288.9
288.9
288.9
288.9
288.9
288.9
288.9
288.9
288.9
288.9
288.9
288.9
288.9
288.9
288.9
288.9
288.9
288.9
288.9
288.9
288.9
288.9
288.9
288.9
288.9
288.9
288.9
288.9
288.9
288.9
288.9
288.9
288.9
288.9
288.9
288.9
288.907
289.044
290.998
306.859
336.349
372.354
288.9
288.9
288.9
288.9
288.9
288.9
288.9
288.9
288.9
288.9
288.9
288.9
288.9
288.9
288.9
288.9
288.9
288.9
288.9
288.9
288.9
288.9
288.9
288.9
288.9
288.9
288.9
288.9
288.9
288.9
288.9
288.9
288.9
288.9
288.9
288.9
288.9
288.9
288.9
288.9
288.9
288.9
288.9
288.9
288.9
288.9
288.9
288.9
288.9
288.9
288.9
288.9
288.9
288.9
288.9
288.9
288.9
288.9
288.9
288.9
288.9
288.9
288.9
288.9
288.9
288.9
288.9
288.9
288.9
288.9
288.906
289.008
290.631
300.6
350.408
288.9
288.9
288.9
288.9
288.9
288.9
288.9
288.9
288.9
288.9
288.9
288.9
288.9
288.9
288.9
288.9
288.9
288.9
288.9
288.9
288.9
288.9
288.9
288.9
288.9
288.9
288.9
288.9
288.9
288.9
288.9
288.9
288.9
288.9
288.9
288.9
288.9
288.9
288.9
288.9
288.9
288.9
288.9
288.9
288.9
288.9
288.9
288.9
288.9
288.9
288.9
288.9
288.9
288.9
288.9
288.9
288.9
288.9
288.9
288.9
288.9
288.9
288.9
288.9
288.9
288.9
288.9
288.9
288.9
288.9
288.9
288.904
288.985
290.254
316.4
288.9
288.9
288.9
288.9
288.9
288.9
288.9
288.9
288.9
288.9
288.9
288.9
288.9
288.9
288.9
288.9
288.9
288.9
288.9
288.9
288.9
288.9
288.9
288.9
288.9
288.9
288.9
288.9
288.9
288.9
288.9
288.9
288.9
288.9
288.9
288.9
288.9
288.9
288.9
288.9
288.9
288.9
288.9
288.9
288.9
288.9
288.9
288.9
288.9
288.9
288.9
288.9
288.9
288.9
288.9
288.9
288.9
288.9
288.9
288.9
288.9
288.9
288.9
288.9
288.9
288.9
288.9
288.9
288.9
288.9
288.9
288.9
288.905
289.05
295.212
288.9
288.9
288.9
288.9
288.9
288.9
288.9
288.9
288.9
288.9
288.9
288.9
288.9
288.9
288.9
288.9
288.9
288.9
288.9
288.9
288.9
288.9
288.9
288.9
288.9
288.9
288.9
288.9
288.9
288.9
288.9
288.9
288.9
288.9
288.9
288.9
288.9
288.9
288.9
288.9
288.9
288.9
288.9
288.9
288.9
288.9
288.9
288.9
288.9
288.9
288.9
288.9
288.9
288.9
288.9
288.9
288.9
288.9
288.9
288.9
288.9
288.9
288.9
288.9
288.9
288.9
288.9
288.9
288.9
288.9
288.9
288.9
288.901
288.92
289.892
288.9
288.9
288.9
288.9
288.9
288.9
288.9
288.9
288.9
288.9
288.9
288.9
288.9
288.9
288.9
288.9
288.9
288.9
288.9
288.9
288.9
288.9
288.9
288.9
288.9
288.9
288.9
288.9
288.9
288.9
288.9
288.9
288.9
288.9
288.9
288.9
288.9
288.9
288.9
288.9
288.9
288.9
288.9
288.9
288.9
288.9
288.9
288.9
288.9
288.9
288.9
288.9
288.9
288.9
288.9
288.9
288.9
288.9
288.9
288.9
288.9
288.9
288.9
288.9
288.9
288.9
288.9
288.9
288.9
288.9
288.9
288.9
288.9
288.902
289.012
288.9
288.9
288.9
288.9
288.9
288.9
288.9
288.9
288.9
288.9
288.9
288.9
288.9
288.9
288.9
288.9
288.9
288.9
288.9
288.9
288.9
288.9
288.9
288.9
288.9
288.9
288.9
288.9
288.9
288.9
288.9
288.9
288.9
288.9
288.9
288.9
288.9
288.9
288.9
288.9
288.9
288.9
288.9
288.9
288.9
288.9
288.9
288.9
288.9
288.9
288.9
288.9
288.9
288.9
288.9
288.9
288.9
288.9
288.9
288.9
288.9
288.9
288.9
288.9
288.9
288.9
288.9
288.9
288.9
288.9
288.9
288.9
288.9
288.9
288.909
288.9
288.9
288.9
288.9
288.9
288.9
288.9
288.9
288.9
288.9
288.9
288.9
288.9
288.9
288.9
288.9
288.9
288.9
288.9
288.9
288.9
288.9
288.9
288.9
288.9
288.9
288.9
288.9
288.9
288.9
288.9
288.9
288.9
288.9
288.9
288.9
288.9
288.9
288.9
288.9
288.9
288.9
288.9
288.9
288.9
288.9
288.9
288.9
288.9
288.9
288.9
288.9
288.9
288.9
288.9
288.9
288.9
288.9
288.9
288.9
288.9
288.9
288.9
288.9
288.9
288.9
288.9
288.9
288.9
288.9
288.9
288.9
288.9
288.9
288.901
288.9
288.9
288.9
288.9
288.9
288.9
288.9
288.9
288.9
288.9
288.9
288.9
288.9
288.9
288.9
288.9
288.9
288.9
288.9
288.9
288.9
288.9
288.9
288.9
288.9
288.9
288.9
288.9
288.9
288.9
288.9
288.9
288.9
288.9
288.9
288.9
288.9
288.9
288.9
288.9
288.9
288.9
288.9
288.9
288.9
288.9
288.9
288.9
288.9
288.9
288.9
288.9
288.9
288.9
288.9
288.9
288.9
288.9
288.9
288.9
288.9
288.9
288.9
288.9
288.9
288.9
288.9
288.9
288.9
288.9
288.9
288.9
288.9
288.9
288.9
288.9
288.9
288.9
288.9
288.9
288.9
288.9
288.9
288.9
288.9
288.9
288.9
288.9
288.9
288.9
288.9
288.9
288.9
288.9
288.9
288.9
288.9
288.9
288.9
288.9
288.9
288.9
288.9
288.9
288.9
288.9
288.9
288.9
288.9
288.9
288.9
288.9
288.9
288.9
288.9
288.9
288.9
288.9
288.9
288.9
288.9
288.9
288.9
288.9
288.9
288.9
288.9
288.9
288.9
288.9
288.9
288.9
288.9
288.9
288.9
288.9
288.9
288.9
288.9
288.9
288.9
288.9
288.9
288.9
288.9
288.9
288.9
288.9
288.9
288.9
288.9
288.9
288.9
288.9
288.9
288.9
288.9
288.9
288.9
288.9
288.9
288.9
288.9
288.9
288.9
288.9
288.9
288.9
288.9
288.9
288.9
288.9
288.9
288.9
288.9
288.9
288.9
288.9
288.9
288.9
288.9
288.9
288.9
288.9
288.9
288.9
288.9
288.9
288.9
288.9
288.9
288.9
288.9
288.9
288.9
288.9
288.9
288.9
288.9
288.9
288.9
288.9
288.9
288.9
288.9
288.9
288.9
288.9
288.9
288.9
288.9
288.9
288.9
288.9
288.9
288.9
288.9
288.9
288.9
288.9
288.9
288.9
288.9
288.9
288.9
288.9
288.9
288.9
288.9
288.9
288.9
288.9
288.9
288.9
288.9
288.9
288.9
288.9
288.9
288.9
288.9
288.9
288.9
288.9
288.9
288.9
288.9
288.9
288.9
288.9
288.9
288.9
288.9
288.9
288.9
288.9
288.9
288.9
288.9
288.9
288.9
288.9
288.9
288.9
288.9
288.9
288.9
288.9
288.9
288.9
288.9
288.9
288.9
288.9
288.9
288.9
288.9
288.9
288.9
288.9
288.9
288.9
288.9
288.9
288.9
288.9
288.9
288.9
288.9
288.9
288.9
288.9
288.9
288.9
288.9
288.9
288.9
288.9
288.9
288.9
288.9
288.9
288.9
288.9
288.9
288.9
288.9
288.9
288.9
288.9
288.9
288.9
288.9
288.9
288.9
288.9
288.9
288.9
288.9
288.9
288.9
288.9
288.9
288.9
288.9
288.9
288.9
288.9
288.9
288.9
288.9
288.9
288.9
288.9
288.9
288.9
288.9
288.9
288.9
288.9
288.9
288.9
288.9
288.9
288.9
288.9
288.9
288.9
288.9
288.9
288.9
288.9
288.9
288.9
288.9
288.9
288.9
288.9
288.9
288.9
288.9
288.9
288.9
288.9
288.9
288.9
288.9
288.9
288.9
288.9
288.9
288.9
288.9
288.9
288.9
288.9
288.9
288.9
288.9
288.9
288.9
288.9
288.9
288.9
288.9
288.9
288.9
288.9
288.9
288.9
288.9
288.9
288.9
288.9
288.9
288.9
288.9
288.9
288.9
288.9
288.9
288.9
288.9
288.9
288.9
288.9
288.9
288.9
288.9
288.9
288.9
288.9
288.9
288.9
288.9
288.9
288.9
288.9
288.9
288.9
288.9
288.9
288.9
288.9
288.9
288.9
288.9
288.9
288.9
288.9
288.9
288.9
288.9
288.9
288.9
288.9
288.9
288.9
288.9
288.9
288.9
288.9
288.9
288.9
288.9
288.9
288.9
288.9
288.9
288.9
288.9
288.9
288.9
288.9
288.9
288.9
288.9
288.9
288.9
288.9
288.9
288.9
288.9
288.9
288.9
288.9
288.9
288.9
288.9
288.9
288.9
288.9
288.9
288.9
288.9
288.9
288.9
288.9
288.9
288.9
288.9
288.9
288.9
288.9
288.9
288.9
288.9
288.9
288.9
288.9
288.9
288.9
288.9
288.9
288.9
288.9
288.9
288.9
288.9
288.9
288.9
288.9
288.9
288.9
288.9
288.9
288.9
288.9
288.9
288.9
288.9
288.9
288.9
288.9
288.9
288.9
288.9
288.9
288.9
288.9
288.9
288.9
288.9
288.9
288.9
288.9
288.9
288.9
288.9
288.9
288.9
288.9
288.9
288.9
288.9
288.9
288.9
288.9
288.9
288.9
288.9
288.9
288.9
288.9
288.9
288.9
288.9
288.9
288.9
288.9
288.9
288.9
288.9
288.9
288.9
288.9
288.9
288.9
288.9
288.9
288.9
288.9
288.9
288.9
288.9
288.9
288.9
288.9
288.9
288.9
288.9
288.9
288.9
288.9
288.9
288.9
288.9
288.9
288.9
288.9
288.9
288.9
288.9
288.9
288.9
288.9
288.9
288.9
288.9
288.9
288.9
288.9
288.9
288.9
288.9
288.9
288.9
288.9
288.9
288.9
288.9
288.9
288.9
288.9
288.9
288.9
288.9
288.9
288.9
288.9
288.9
288.9
288.9
288.9
288.9
288.9
288.9
288.9
288.9
288.9
288.9
288.9
288.9
288.9
288.9
288.9
288.9
288.9
288.9
288.9
288.9
288.9
288.9
288.9
288.9
288.9
288.9
288.9
288.9
288.9
288.9
288.9
288.9
288.9
288.9
288.9
288.9
288.9
288.9
288.9
288.9
288.9
288.9
288.9
288.9
288.9
288.9
288.9
288.9
288.9
288.9
288.9
288.9
288.9
288.9
288.9
288.9
288.9
288.9
288.9
288.9
288.9
288.9
288.9
288.9
288.9
288.9
288.9
288.9
288.9
288.9
288.9
288.9
288.9
288.9
288.9
288.9
288.9
288.9
288.9
288.9
288.9
288.9
288.9
288.9
288.9
288.9
288.9
288.9
288.9
288.9
288.9
288.9
288.9
288.9
288.9
288.9
288.9
288.9
288.9
288.9
288.9
288.9
288.9
288.9
288.9
288.9
288.9
288.9
288.9
288.9
288.9
288.9
288.9
288.9
288.9
288.9
288.9
288.9
288.9
288.9
288.9
288.9
288.9
288.9
288.9
288.9
288.9
288.9
288.9
288.9
288.9
288.9
288.9
288.9
288.9
288.9
288.9
288.9
288.9
288.9
288.9
288.9
288.9
288.9
288.9
288.9
288.9
288.9
288.9
288.9
288.9
288.9
288.9
288.9
288.9
288.9
288.9
288.9
288.9
288.9
288.9
288.9
288.9
288.9
288.9
288.9
288.9
288.9
288.9
288.9
288.9
288.9
288.9
288.9
288.9
288.9
288.9
288.9
288.9
288.9
288.9
288.9
288.9
288.9
288.9
288.9
288.9
288.9
288.9
288.9
288.9
288.9
288.9
288.9
288.9
288.9
288.9
288.9
288.9
288.9
288.9
288.9
288.9
288.9
288.9
288.9
288.9
288.9
288.9
288.9
288.9
288.9
288.9
288.9
288.9
288.9
288.9
288.9
288.9
288.9
288.9
288.9
288.9
288.9
288.9
288.9
288.9
288.9
288.9
288.9
288.9
288.9
288.9
288.9
288.9
288.9
288.9
288.9
288.9
288.9
288.9
288.9
288.9
288.9
288.9
288.9
288.9
288.9
288.9
288.9
288.9
288.9
288.9
288.9
288.9
288.9
288.9
288.9
288.9
288.9
288.9
288.9
288.9
288.9
288.9
288.9
288.9
288.9
288.9
288.9
288.9
288.9
288.9
288.9
288.9
288.9
288.9
288.9
288.9
288.9
288.9
288.9
288.9
288.9
288.9
288.9
288.9
288.9
288.9
288.9
288.9
288.9
288.9
288.9
288.9
288.9
288.9
288.9
288.9
288.9
288.9
288.9
288.9
288.9
288.9
288.9
288.9
288.9
288.9
288.9
288.9
288.9
288.9
288.9
288.9
288.9
288.9
288.9
288.9
288.9
288.9
288.9
288.9
288.9
288.9
288.9
288.9
288.9
288.9
288.9
288.9
288.9
288.9
288.9
288.9
288.9
288.9
288.9
288.9
288.9
288.9
288.9
288.9
288.9
288.9
288.9
288.9
288.9
288.9
288.9
288.9
288.9
288.9
288.9
288.9
288.9
288.9
288.9
288.9
288.9
288.9
288.9
288.9
288.9
288.9
288.9
288.9
288.9
288.9
288.9
288.9
288.9
288.9
288.9
288.9
288.9
288.9
288.9
288.9
288.9
288.9
288.9
288.9
288.9
288.9
288.9
288.9
288.9
288.9
288.9
288.9
288.9
288.9
288.9
288.9
288.9
288.9
288.9
288.9
288.9
288.9
288.9
288.9
288.9
288.9
288.9
288.9
288.9
288.9
288.9
288.9
288.9
288.9
288.9
288.9
288.9
288.9
288.9
288.9
288.9
288.9
288.9
288.9
288.9
288.9
288.9
288.9
288.9
288.9
288.9
288.9
288.9
288.9
288.9
288.9
288.9
288.9
288.9
288.9
288.9
288.9
288.9
288.9
288.9
288.9
288.9
288.9
288.9
288.9
288.9
288.9
288.9
288.9
288.9
288.9
288.9
288.9
288.9
288.9
288.9
288.9
288.9
288.9
288.9
288.9
288.9
288.9
288.9
288.9
288.9
288.9
288.9
288.9
288.9
288.9
288.9
288.9
288.9
288.9
288.9
288.9
288.9
288.9
288.9
288.9
288.9
288.9
288.9
288.9
288.9
288.9
288.9
288.9
288.9
288.9
288.9
288.9
288.9
288.9
288.9
288.9
288.9
288.9
288.9
288.9
288.9
288.9
288.9
288.9
288.9
288.9
288.9
288.9
288.9
288.9
288.9
288.9
288.9
288.9
288.9
288.9
288.9
288.9
288.9
288.9
288.9
288.9
288.9
288.9
288.9
288.9
288.9
288.9
288.9
288.9
288.9
288.9
288.9
288.9
288.9
288.9
288.9
288.9
288.9
288.9
288.9
288.9
288.9
288.9
288.9
288.9
288.9
288.9
288.9
288.9
288.9
288.9
288.9
288.9
288.9
288.9
288.9
288.9
288.9
288.9
288.9
288.9
288.9
288.9
288.9
288.9
288.9
288.9
288.9
288.9
288.9
288.9
288.9
288.9
288.9
288.9
288.9
288.9
288.9
288.9
288.9
288.9
288.9
288.9
288.9
288.9
288.9
288.9
288.9
288.9
288.9
288.9
288.9
288.9
288.9
288.9
288.9
288.9
288.9
288.9
288.9
288.9
288.9
288.9
288.9
288.9
288.9
288.9
288.9
288.9
288.9
288.9
288.9
288.9
288.9
288.9
288.9
288.9
288.9
288.9
288.9
288.9
288.9
288.9
288.9
288.9
288.9
288.9
288.9
288.9
288.9
288.9
288.9
288.9
288.9
288.9
288.9
288.9
288.9
288.9
288.9
288.9
288.9
288.9
288.9
288.9
288.9
288.9
288.9
288.9
288.9
288.9
288.9
288.9
288.9
288.9
288.9
288.9
288.9
288.9
288.9
288.9
288.9
288.9
288.9
288.9
288.9
288.9
288.9
288.9
288.9
288.9
288.9
288.9
288.9
288.9
288.9
288.9
288.9
288.9
288.9
288.9
288.9
288.9
288.9
288.9
288.9
288.9
288.9
288.9
288.9
288.9
288.9
288.9
288.9
288.9
288.9
288.9
288.9
288.9
288.9
288.9
288.9
288.9
288.9
288.9
288.9
288.9
288.9
288.9
288.9
288.9
288.9
288.9
288.9
288.9
288.9
288.9
288.9
288.9
288.9
288.9
288.9
288.9
288.9
288.9
288.9
288.9
288.9
288.9
288.9
288.9
288.9
288.9
288.9
288.9
288.9
288.9
288.9
288.9
288.9
288.9
288.9
288.9
288.9
288.9
288.9
288.9
288.9
288.9
288.9
288.9
288.9
288.9
288.9
288.9
288.9
288.9
288.9
288.9
288.9
288.9
288.9
288.9
288.9
288.9
288.9
288.9
288.9
288.9
288.9
288.9
288.9
288.9
288.9
288.9
288.9
288.9
288.9
288.9
288.9
288.9
288.9
288.9
288.9
288.9
288.9
288.9
288.9
288.9
288.9
288.9
288.9
288.9
288.9
288.9
288.9
288.9
288.9
288.9
288.9
288.9
288.9
288.9
288.9
288.9
288.9
288.9
288.9
)
;

boundaryField
{
    inlet
    {
        type            fixedValue;
        value           uniform 288.9;
    }
    outlet
    {
        type            zeroGradient;
    }
    bottom
    {
        type            symmetryPlane;
    }
    top
    {
        type            symmetryPlane;
    }
    obstacle
    {
        type            zeroGradient;
    }
    defaultFaces
    {
        type            empty;
    }
}


// ************************************************************************* //
