/*--------------------------------*- C++ -*----------------------------------*\
| =========                 |                                                 |
| \\      /  F ield         | OpenFOAM: The Open Source CFD Toolbox           |
|  \\    /   O peration     | Version:  v1812                                 |
|   \\  /    A nd           | Web:      www.OpenFOAM.com                      |
|    \\/     M anipulation  |                                                 |
\*---------------------------------------------------------------------------*/
FoamFile
{
    version     2.0;
    format      ascii;
    class       volScalarField;
    location    "1.8";
    object      p;
}
// * * * * * * * * * * * * * * * * * * * * * * * * * * * * * * * * * * * * * //

dimensions      [1 -1 -2 0 0 0 0];


internalField   nonuniform List<scalar> 
8000
(
10.33333
10.33333
10.33333
10.33333
10.33333
10.33333
10.33333
10.33333
10.33333
10.33333
10.33333
10.33333
10.33333
10.33333
10.33333
10.33333
10.33333
10.33333
10.33333
10.33333
10.33333
10.33333
10.33333
10.33333
10.33333
10.33333
10.33333
10.33333
10.33333
10.33333
10.33333
10.33333
10.33333
10.33333
10.33333
10.33333
10.33333
10.33333
10.33333
10.33333
10.33333
10.33333
10.33333
10.33333
10.33333
10.33333
10.33333
10.33333
10.33333
10.33333
10.33333
10.33333
10.33333
10.33333
10.33333
10.33333
10.33333
10.33333
10.33333
10.33333
10.33333
10.33333
10.33333
10.33333
10.33333
10.33333
10.33333
10.33333
10.33333
10.33333
10.33333
10.33333
10.33333
10.33333
10.33333
10.33333
10.33333
10.33333
10.33333
10.33333
10.33333
10.33333
10.33333
10.33333
10.33333
10.33333
10.33333
10.33333
10.33333
10.33333
10.33333
10.33333
10.33333
10.33333
10.33333
10.33333
10.33333
10.33333
10.33333
10.33333
10.33333
10.33333
10.33333
10.33333
10.33333
10.33333
10.33333
10.33333
10.33333
10.33333
10.33333
10.33333
10.33333
10.33333
10.33333
10.33333
10.33333
10.33333
10.33333
10.33333
10.33333
10.33333
10.33333
10.33333
10.33333
10.33333
10.33333
10.33333
10.33333
10.33333
10.33333
10.33333
10.33333
10.33333
10.33333
10.33333
10.33333
10.33333
10.33333
10.33333
10.33333
10.33333
10.33333
10.33333
10.33333
10.33333
10.33333
10.33333
10.33333
10.33333
10.33333
10.33333
10.33333
10.33333
10.33333
10.33333
10.33333
10.33333
10.33333
10.33333
10.33333
10.33333
10.33333
10.33333
10.33333
10.33333
10.33333
10.33333
10.33333
10.33333
10.33333
10.33333
10.33333
10.33333
10.33333
10.33333
10.33333
10.33333
10.33333
10.33333
10.33333
10.33333
10.33333
10.33333
10.33333
10.33333
10.33333
10.33333
10.33333
10.33333
10.33333
10.33333
10.33333
10.33333
10.33333
10.33333
10.33333
10.33333
10.33333
10.33333
10.33333
10.33333
10.33333
10.33333
10.33333
10.33333
10.33333
10.33333
10.33333
10.33333
10.33333
10.33333
10.33333
10.33333
10.33333
10.33333
10.33333
10.33333
10.33333
10.33333
10.33333
10.33333
10.33333
10.33333
10.33333
10.33333
10.33333
10.33333
10.33333
10.33333
10.33333
10.33333
10.33333
10.33333
10.33333
10.33333
10.33333
10.33333
10.33333
10.33333
10.33333
10.33333
10.33333
10.33333
10.33333
10.33333
10.33333
10.33333
10.33333
10.33333
10.33333
10.33333
10.33333
10.33333
10.33333
10.33333
10.33333
10.33333
10.33333
10.33333
10.33333
10.33333
10.33333
10.33333
10.33333
10.33333
10.33333
10.33333
10.33333
10.33333
10.33333
10.33333
10.33333
10.33333
10.33333
10.33333
10.33333
10.33333
10.33333
10.33333
10.33333
10.33333
10.33333
10.33333
10.33333
10.33333
10.33333
10.33333
10.33333
10.33333
10.33333
10.33333
10.33333
10.33333
10.33333
10.33333
10.33333
10.33333
10.33333
10.33333
10.33333
10.33333
10.33333
10.33333
10.33333
10.33333
10.33333
10.33333
10.33333
10.33333
10.33333
10.33333
10.33333
10.33333
10.33333
10.33333
10.33333
10.33333
10.33333
10.33333
10.33333
10.33333
10.33333
10.33333
10.33333
10.33333
10.33333
10.33333
10.33333
10.33333
10.33333
10.33333
10.33333
10.33333
10.33333
10.33333
10.33333
10.33333
10.33333
10.33333
10.33333
10.33333
10.33333
10.33333
10.33333
10.33333
10.33333
10.33333
10.33333
10.33333
10.33333
10.33333
10.33333
10.33333
10.33333
10.33333
10.33333
10.33333
10.33333
10.33333
10.33333
10.33333
10.33333
10.33333
10.33333
10.33333
10.33333
10.33333
10.33333
10.33333
10.33333
10.33333
10.33333
10.33333
10.33333
10.33333
10.33333
10.33333
10.33333
10.33333
10.33333
10.33333
10.33333
10.33333
10.33333
10.33333
10.33333
10.33333
10.33333
10.33333
10.33333
10.33333
10.33333
10.33333
10.33333
10.33333
10.33333
10.33333
10.33333
10.33333
10.33333
10.33333
10.33333
10.33333
10.33333
10.33333
10.33333
10.33333
10.33333
10.33333
10.33333
10.33333
10.33333
10.33333
10.33333
10.33333
10.33333
10.33333
10.33333
10.33333
10.33333
10.33333
10.33333
10.33333
10.33333
10.33333
10.33333
10.33333
10.33333
10.33333
10.33333
10.33333
10.33333
10.33333
10.33333
10.33333
10.33333
10.33333
10.33333
10.33333
10.33333
10.33333
10.33333
10.33333
10.33333
10.33333
10.33333
10.33333
10.33333
10.33333
10.33333
10.33333
10.33333
10.33333
10.33333
10.33333
10.33333
10.33333
10.33333
10.33333
10.33333
10.33333
10.33333
10.33333
10.33333
10.33333
10.33333
10.33333
10.33333
10.33333
10.33333
10.33333
10.33333
10.33333
10.33333
10.33333
10.33333
10.33333
10.33333
10.33333
10.33333
10.33333
10.33333
10.33333
10.33333
10.33333
10.33333
10.33333
10.33333
10.33333
10.33333
10.33333
10.33333
10.33333
10.33333
10.33333
10.33333
10.33333
10.33333
10.33333
10.33333
10.33333
10.33333
10.33333
10.33333
10.33333
10.33333
10.33333
10.33333
10.33333
10.33333
10.33333
10.33333
10.33333
10.33333
10.33333
10.33333
10.33333
10.33333
10.33333
10.33333
10.33333
10.33333
10.33333
10.33333
10.33333
10.33333
10.33333
10.33333
10.33333
10.33333
10.33333
10.33333
10.33333
10.33333
10.33333
10.33333
10.33333
10.33333
10.33333
10.33333
10.33333
10.33333
10.33333
10.33333
10.33333
10.33333
10.33333
10.33333
10.33333
10.33333
10.33333
10.33333
10.33333
10.33333
10.33333
10.33333
10.33333
10.33333
10.33333
10.33333
10.33333
10.33333
10.33333
10.33333
10.33333
10.33333
10.33333
10.33333
10.33333
10.33333
10.33333
10.33333
10.33333
10.33333
10.33333
10.33333
10.33333
10.33333
10.33333
10.33333
10.33333
10.33333
10.33333
10.33333
10.33333
10.33333
10.33333
10.33333
10.33333
10.33333
10.33333
10.33333
10.33333
10.33333
10.33333
10.33333
10.33333
10.33333
10.33333
10.33333
10.33333
10.33333
10.33333
10.33333
10.33333
10.33333
10.33333
10.33333
10.33333
10.33333
10.33333
10.33333
10.33333
10.33333
10.33333
10.33333
10.33333
10.33333
10.33333
10.33333
10.33333
10.33333
10.33333
10.33333
10.33333
10.33333
10.33333
10.33333
10.33333
10.33333
10.33333
10.33333
10.33333
10.33333
10.33333
10.33333
10.33333
10.33333
10.33333
10.33333
10.33333
10.33333
10.33333
10.33333
10.33333
10.33333
10.33333
10.33333
10.33333
10.33333
10.33333
10.33333
10.33333
10.33333
10.33333
10.33333
10.33333
10.33333
10.33333
10.33333
10.33333
10.33333
10.33333
10.33333
10.33333
10.33333
10.33333
10.33333
10.33333
10.33333
10.33333
10.33333
10.33333
10.33333
10.33333
10.33333
10.33333
10.33333
10.33333
10.33333
10.33333
10.33333
10.33333
10.33333
10.33333
10.33333
10.33333
10.33333
10.33333
10.33333
10.33333
10.33333
10.33333
10.33333
10.33333
10.33333
10.33333
10.33333
10.33333
10.33333
10.33333
10.33333
10.33333
10.33333
10.33333
10.33333
10.33333
10.33333
10.33333
10.33333
10.33333
10.33333
10.33333
10.33333
10.33333
10.33333
10.33333
10.33333
10.33333
10.33333
10.33333
10.33333
10.33333
10.33333
10.33333
10.33333
10.33333
10.33333
10.33333
10.33333
10.33333
10.33333
10.33333
10.33333
10.33333
10.33333
10.33333
10.33333
10.33333
10.33333
10.33333
10.33333
10.33333
10.33333
10.33333
10.33333
10.33333
10.33333
10.33333
10.33333
10.33333
10.33333
10.33333
10.33333
10.33333
10.33333
10.33333
10.33333
10.33333
10.33333
10.33333
10.33333
10.33333
10.33333
10.33333
10.33333
10.33333
10.33333
10.33333
10.33333
10.33333
10.33333
10.33333
10.33333
10.33333
10.33333
10.33333
10.33333
10.33333
10.33333
10.33333
10.33333
10.33333
10.33333
10.33333
10.33333
10.33333
10.33333
10.33333
10.33333
10.33333
10.33333
10.33333
10.33333
10.33333
10.33333
10.33333
10.33333
10.33333
10.33333
10.33333
10.33333
10.33333
10.33333
10.33333
10.33333
10.33333
10.33333
10.33333
10.33333
10.33333
10.33333
10.33333
10.33333
10.33333
10.33333
10.33333
10.33333
10.33333
10.33333
10.33333
10.33333
10.33333
10.33333
10.33333
10.33333
10.33333
10.33333
10.33333
10.33333
10.33333
10.33333
10.33333
10.33333
10.33333
10.33333
10.33333
10.33333
10.33333
10.33333
10.33333
10.33333
10.33333
10.33333
10.33333
10.33333
10.33333
10.33333
10.33333
10.33333
10.33333
10.33333
10.33333
10.33333
10.33333
10.33333
10.33333
10.33333
10.33333
10.33333
10.33333
10.33333
10.33333
10.33333
10.33333
10.33333
10.33333
10.33333
10.33333
10.33333
10.33333
10.33333
10.33333
10.33333
10.33333
10.33333
10.33333
10.33333
10.33333
10.33333
10.33333
10.33333
10.33333
10.33333
10.33333
10.33333
10.33333
10.33333
10.33333
10.33333
10.33333
10.33333
10.33333
10.33333
10.33333
10.33333
10.33333
10.33333
10.33333
10.33333
10.33333
10.33333
10.33333
10.33333
10.33333
10.33333
10.33333
10.33333
10.33333
10.33333
10.33333
10.33333
10.33333
10.33333
10.33333
10.33333
10.33333
10.33333
10.33333
10.33333
10.33333
10.33333
10.33333
10.33333
10.33333
10.33333
10.33333
10.33333
10.33333
10.33333
10.33333
10.33333
10.33333
10.33333
10.33333
10.33333
10.33333
10.33333
10.33333
10.33333
10.33333
10.33333
10.33333
10.33333
10.33333
10.33333
10.33333
10.33333
10.33333
10.33333
10.33333
10.33333
10.33333
10.33333
10.33333
10.33333
10.33333
10.33333
10.33333
10.33333
10.33333
10.33333
10.33333
10.33333
10.33333
10.33333
10.33333
10.33333
10.33333
10.33333
10.33333
10.33333
10.33333
10.33333
10.33333
10.33333
10.33333
10.33333
10.33333
10.33333
10.33333
10.33333
10.33333
10.33333
10.33333
10.33333
10.33333
10.33333
10.33333
10.33333
10.33333
10.33333
10.33333
10.33333
10.33333
10.33333
10.33333
10.33333
10.33333
10.33333
10.33333
10.33333
10.33333
10.33333
10.33333
10.33333
10.33333
10.33333
10.33333
10.33333
10.33333
10.33333
10.33333
10.33333
10.33333
10.33333
10.33333
10.33333
10.33333
10.33333
10.33333
10.33333
10.33333
10.33333
10.33333
10.33333
10.33333
10.33333
10.33333
10.33333
10.33333
10.33333
10.33333
10.33333
10.33333
10.33333
10.33333
10.33333
10.33333
10.33333
10.33333
10.33333
10.33333
10.33333
10.33333
10.33333
10.33333
10.33333
10.33333
10.33333
10.33333
10.33333
10.33333
10.33333
10.33333
10.33333
10.33333
10.33333
10.33333
10.33333
10.33333
10.33333
10.33333
10.33333
10.33333
10.33333
10.33333
10.33333
10.33333
10.33333
10.33333
10.33333
10.33333
10.33333
10.33333
10.33333
10.33333
10.33333
10.33333
10.33333
10.33333
10.33333
10.33333
10.33333
10.33333
10.33333
10.33333
10.33333
10.33333
10.33333
10.33333
10.33333
10.33333
10.33333
10.33333
10.33333
10.33333
10.33333
10.33333
10.33333
10.33333
10.33333
10.33333
10.33333
10.33333
10.33333
10.33333
10.33333
10.33333
10.33333
10.33333
10.33333
10.33333
10.33333
10.33333
10.33333
10.33333
10.33333
10.33333
10.33333
10.33333
10.33333
10.33333
10.33333
10.33333
10.33333
10.33333
10.33333
10.33333
10.33333
10.33333
10.33333
10.33333
10.33333
10.33333
10.33333
10.33333
10.33333
10.33333
10.33333
10.33333
10.33333
10.33333
10.33333
10.33333
10.33333
10.33333
10.33333
10.33333
10.33333
10.33333
10.33333
10.33333
10.33333
10.33333
10.33333
10.33333
10.33333
10.33333
10.33333
10.33333
10.33333
10.33333
10.33333
10.33333
10.33333
10.33333
10.33333
10.33333
10.33333
10.33333
10.33333
10.33333
10.33333
10.33333
10.33333
10.33333
10.33333
10.33333
10.33333
10.33333
10.33333
10.33333
10.33333
10.33333
10.33333
10.33333
10.33333
10.33333
10.33333
10.33333
10.33333
10.33333
10.33333
10.33333
10.33333
10.33333
10.33333
10.33333
10.33333
10.33333
10.33333
10.33333
10.33333
10.33333
10.33333
10.33333
10.33333
10.33333
10.33333
10.33333
10.33333
10.33333
10.33333
10.33333
10.33333
10.33333
10.33333
10.33333
10.33333
10.33333
10.33333
10.33333
10.33333
10.33333
10.33333
10.33333
10.33333
10.33333
10.33333
10.33333
10.33333
10.33333
10.33333
10.33333
10.33333
10.33333
10.33333
10.33333
10.33333
10.33333
10.33333
10.33333
10.33333
10.33333
10.33333
10.33333
10.33333
10.33333
10.33333
10.33333
10.33333
10.33333
10.33333
10.33333
10.33333
10.33333
10.33333
10.33333
10.33333
10.33333
10.33333
10.33333
10.33333
10.33333
10.33333
10.33333
10.33333
10.33333
10.33333
10.33333
10.33333
10.33333
10.33333
10.33333
10.33333
10.33333
10.33333
10.33333
10.33333
10.33333
10.33333
10.33333
10.33333
10.33333
10.33333
10.33333
10.33333
10.33333
10.33333
10.33333
10.33333
10.33333
10.33333
10.33333
10.33333
10.33333
10.33333
10.33333
10.33333
10.33333
10.33333
10.33333
10.33333
10.33333
10.33333
10.33333
10.33333
10.33333
10.33333
10.33333
10.33333
10.33333
10.33333
10.33333
10.33333
10.33333
10.33333
10.33333
10.33333
10.33333
10.33333
10.33333
10.33333
10.33333
10.33333
10.33333
10.33333
10.33333
10.33333
10.33333
10.33333
10.33333
10.33333
10.33333
10.33333
10.33333
10.33333
10.33333
10.33333
10.33333
10.33333
10.33333
10.33333
10.33333
10.33333
10.33333
10.33333
10.33333
10.33333
10.33333
10.33333
10.33333
10.33333
10.33333
10.33333
10.33333
10.33333
10.33333
10.33333
10.33333
10.33333
10.33333
10.33333
10.33333
10.33333
10.33333
10.33333
10.33333
10.33333
10.33333
10.33333
10.33333
10.33333
10.33333
10.33333
10.33333
10.33333
10.33333
10.33333
10.33333
10.33333
10.33333
10.33333
10.33333
10.33333
10.33333
10.33333
10.33333
10.33333
10.33333
10.33333
10.33333
10.33333
10.33333
10.33333
10.33333
10.33333
10.33333
10.33333
10.33333
10.33333
10.33333
10.33333
10.33333
10.33333
10.33333
10.33333
10.33333
10.33333
10.33333
10.33333
10.33333
10.33333
10.33333
10.33333
10.33333
10.33333
10.33333
10.33333
10.33333
10.33333
10.33333
10.33333
10.33333
10.33333
10.33333
10.33333
10.33333
10.33333
10.33333
10.33333
10.33333
10.33333
10.33333
10.33333
10.33333
10.33333
10.33333
10.33333
10.33333
10.33333
10.33333
10.33333
10.33333
10.33333
10.33333
10.33333
10.33333
10.33333
10.33333
10.33333
10.33333
10.33333
10.33333
10.33333
10.33333
10.33333
10.33333
10.33333
10.33333
10.33333
10.33333
10.33333
10.33333
10.33333
10.33333
10.33333
10.33333
10.33333
10.33333
10.33333
10.33333
10.33333
10.33333
10.33333
10.33333
10.33333
10.33333
10.33333
10.33333
10.33333
10.33333
10.33333
10.33333
10.33333
10.33333
10.33333
10.33333
10.33333
10.33333
10.33333
10.33333
10.33333
10.33333
10.33333
10.33333
10.33333
10.33333
10.33333
10.33333
10.33333
10.33333
10.33333
10.33333
10.33333
10.33333
10.33333
10.33333
10.33333
10.33333
10.33333
10.33333
10.33333
10.33333
10.33333
10.33333
10.33333
10.33333
10.33333
10.33333
10.33333
10.33333
10.33333
10.33333
10.33333
10.33333
10.33333
10.33333
10.33333
10.33333
10.33333
10.33333
10.33333
10.33333
10.33333
10.33333
10.33333
10.33333
10.33333
10.33333
10.33333
10.33333
10.33333
10.33333
10.33333
10.33333
10.33333
10.33333
10.33333
10.33333
10.33333
10.33333
10.33333
10.33333
10.33333
10.33333
10.33333
10.33333
10.33333
10.33333
10.33333
10.33333
10.33333
10.33333
10.33333
10.33333
10.33333
10.33333
10.33333
10.33333
10.33333
10.33333
10.33333
10.33333
10.33333
10.33333
10.33333
10.33333
10.33333
10.33333
10.33333
10.33333
10.33333
10.33333
10.33333
10.33333
10.33333
10.33333
10.33333
10.33333
10.33333
10.33333
10.33333
10.33333
10.33333
10.33333
10.33333
10.33333
10.33333
10.33333
10.33333
10.33333
10.33333
10.33333
10.33333
10.33333
10.33333
10.33333
10.33333
10.33333
10.33333
10.33333
10.33333
10.33333
10.33333
10.33333
10.33333
10.33333
10.33333
10.33333
10.33333
10.33333
10.33333
10.33333
10.33333
10.33333
10.33333
10.33333
10.33333
10.33333
10.33333
10.33333
10.33333
10.33333
10.33333
10.33333
10.33333
10.33333
10.33333
10.33333
10.33333
10.33333
10.33333
10.33333
10.33333
10.33333
10.33333
10.33333
10.33333
10.33333
10.33333
10.33333
10.33333
10.33333
10.33333
10.33333
10.33333
10.33333
10.33333
10.33333
10.33333
10.33333
10.33333
10.33333
10.33333
10.33333
10.33333
10.33333
10.33333
10.33333
10.33333
10.33333
10.33333
10.33333
10.33333
10.33333
10.33333
10.33333
10.33333
10.33333
10.33333
10.33333
10.33333
10.33333
10.33333
10.33333
10.33333
10.33333
10.33333
10.33333
10.33333
10.33333
10.33333
10.33333
10.33333
10.33333
10.33333
10.33333
10.33333
10.33333
10.33333
10.33333
10.33333
10.33333
10.33333
10.33333
10.33333
10.33333
10.33333
10.33333
10.33333
10.33333
10.33333
10.33333
10.33333
10.33333
10.33333
10.33333
10.33333
10.33333
10.33333
10.33333
10.33333
10.33333
10.33333
10.33333
10.33333
10.33333
10.33332999
10.33332999
10.33332999
10.33332998
10.33332998
10.33332997
10.33332995
10.33332993
10.3333299
10.33332986
10.33332981
10.33332973
10.33332962
10.33332948
10.33332928
10.333329
10.33332863
10.33332812
10.33332744
10.33332653
10.3333253
10.33332368
10.33332152
10.33331866
10.33331492
10.33331001
10.33330363
10.33329535
10.33328468
10.33327097
10.33325347
10.33323122
10.33320308
10.33316769
10.3331234
10.33306827
10.33300003
10.33291604
10.33281323
10.33268812
10.33253676
10.33235473
10.33213715
10.33187865
10.33157345
10.33121535
10.33079785
10.33031418
10.32975743
10.32912067
10.32839703
10.32757991
10.32666304
10.32564069
10.32450774
10.32325981
10.32189336
10.32040572
10.31879521
10.31706104
10.31520339
10.31322332
10.31112271
10.30890419
10.30657105
10.30412711
10.30157665
10.29892428
10.29617485
10.29333336
10.29040487
10.28739443
10.28430703
10.28114751
10.27792059
10.27463078
10.27128238
10.26787946
10.26442587
10.26092523
10.25738091
10.25379608
10.25017366
10.2465164
10.24282681
10.23910724
10.23535986
10.23158668
10.22778956
10.22397019
10.22013017
10.21627095
10.21239389
10.20850023
10.20459112
10.20066764
10.19673077
10.19278142
10.18882045
10.18484864
10.18086671
10.17687536
10.1728752
10.16886682
10.16485077
10.16082756
10.15679767
10.15276153
10.14871956
10.14467215
10.14061965
10.13656242
10.13250077
10.128435
10.12436538
10.12029219
10.11621568
10.11213607
10.10805359
10.10396845
10.09988084
10.09579096
10.09169897
10.08760506
10.08350937
10.07941205
10.07531326
10.07121312
10.06711176
10.06300932
10.05890591
10.05480163
10.05069661
10.04659093
10.04248471
10.03837804
10.034271
10.03016369
10.02605619
10.02194858
10.01784094
10.01373334
10.00962587
10.0055186
10.00141158
9.997304896
9.993198608
9.989092781
9.984987479
9.980882763
9.976778695
9.972675335
9.968572741
9.964470973
9.960370089
9.956270146
9.952171202
9.948073313
9.943976526
9.939880871
9.935786417
9.931693582
9.927604225
9.923520786
9.919432935
9.915255517
9.910694132
9.905498545
9.902026793
9.902075129
9.90488627
9.917747012
9.959991523
10.08190998
10.38977325
10.9437009
11.33741462
11.37927179
11.38490627
11.389427
11.39336524
11.39639452
11.39804062
11.39842323
11.39822565
11.39777819
11.39765494
11.39790479
11.39878077
11.40018699
11.40172358
11.40305473
11.4039359
11.40422805
11.40417299
11.40388568
11.40356144
11.40342815
11.4034851
11.40373252
11.40405247
11.40445275
11.40467264
11.40457851
11.40436744
11.40407783
11.40376238
11.40346074
11.40319516
11.40295349
11.40272202
11.40247425
11.4021901
11.40184672
11.40142233
11.40090795
11.40031252
11.39966006
11.39898155
11.39830375
11.3976389
11.39698134
11.39631289
11.3956124
11.39486469
11.39406541
11.3932208
11.39234357
11.39144713
11.39054085
11.38962781
11.38870515
11.38776627
11.38680361
11.38581127
11.38478656
11.38373038
11.38264639
11.38153953
11.38041433
11.37927368
11.37811829
11.37694694
11.37575727
11.37454683
11.37331398
11.37205841
11.37078115
11.36948411
11.36816948
11.36683909
11.36549394
11.36413411
11.362759
11.36136768
11.35995935
11.35853362
11.35709065
11.35563108
11.35415578
11.35266562
11.35116122
11.34964285
11.34811045
11.34656377
11.34500254
11.34342659
11.34183597
11.34023093
11.33861187
11.33697924
11.33533337
11.33367452
11.33200273
11.33031799
11.32862022
11.32690938
11.32518557
11.32344897
11.32169991
11.31993876
11.31816592
11.31638171
11.31458639
11.31278011
11.31096297
11.30913498
11.30729616
11.30544652
11.30358609
11.30171493
11.29983312
11.29794074
11.29603788
11.29412462
11.29220104
11.29026723
11.28832329
11.28636933
11.2844055
11.28243195
11.28044881
11.27845624
11.27645436
11.27444328
11.27242309
11.27039386
11.26835566
11.26630857
11.26425265
11.26218797
11.26011464
11.25803271
11.25594229
11.25384346
11.25173629
11.24962085
11.24749722
11.24536548
11.24322571
11.24107799
11.23892241
11.23675907
11.23458807
11.2324095
11.23022346
11.22803004
11.22582932
11.22362139
11.2214063
11.21918412
11.21695491
11.2147187
11.21247554
11.21022544
11.20796844
11.20570456
11.2034338
11.20115621
11.19887179
11.19658059
11.19428265
11.19197803
11.1896668
11.18734905
11.18502487
11.18269437
11.18035764
11.17801481
11.17566598
11.17331125
11.17095072
11.16858446
11.16621254
11.16383499
11.16145184
11.15906309
11.15666873
11.15426875
11.15186311
11.14945179
11.14703478
11.14461206
11.14218364
11.13974956
11.13730987
11.13486465
11.13241398
11.12995799
11.12749678
11.12503049
11.12255925
11.12008316
11.11760233
11.11511685
11.11262676
11.11013211
11.10763291
11.10512915
11.10262082
11.10010789
11.09759031
11.09506805
11.09254109
11.09000942
11.08747304
11.08493198
11.08238627
11.07983598
11.07728118
11.07472197
11.07215844
11.06959068
11.06701879
11.06444285
11.06186294
11.0592791
11.05669138
11.05409979
11.05150433
11.048905
11.04630175
11.04369457
11.04108341
11.03846823
11.03584901
11.03322571
11.03059833
11.02796687
11.02533135
11.02269181
11.02004829
11.01740087
11.0147496
11.01209458
11.00943589
11.00677362
11.00410786
11.00143867
10.99876614
10.99609031
10.99341124
10.99072895
10.98804347
10.98535481
10.98266295
10.9799679
10.97726964
10.97456815
10.97186343
10.96915546
10.96644424
10.96372978
10.9610121
10.95829122
10.95556719
10.95284004
10.95010983
10.94737662
10.94464046
10.94190143
10.93915958
10.93641496
10.93366761
10.93091757
10.92816487
10.92540952
10.92265153
10.9198909
10.91712762
10.91436168
10.91159306
10.90882174
10.90604772
10.90327098
10.90049152
10.89770936
10.89492449
10.89213695
10.88934677
10.88655399
10.88375865
10.88096079
10.87816047
10.87535775
10.87255265
10.86974524
10.86693555
10.86412362
10.86130946
10.8584931
10.85567455
10.85285382
10.85003091
10.84720581
10.84437853
10.84154906
10.83871739
10.83588354
10.83304749
10.83020926
10.82736887
10.82452633
10.82168168
10.81883493
10.81598613
10.81313531
10.81028251
10.80742776
10.80457111
10.80171259
10.79885222
10.79599004
10.79312607
10.79026032
10.78739279
10.78452351
10.78165247
10.77877968
10.77590512
10.77302881
10.77015074
10.7672709
10.76438932
10.76150598
10.75862091
10.75573413
10.75284564
10.74995547
10.74706366
10.74417022
10.7412752
10.73837862
10.73548051
10.7325809
10.72967982
10.72677729
10.72387333
10.72096797
10.71806121
10.71515306
10.71224354
10.70933265
10.70642039
10.70350677
10.70059179
10.69767545
10.69475777
10.69183874
10.68891839
10.68599673
10.68307376
10.68014952
10.67722401
10.67429727
10.67136932
10.66844018
10.66550987
10.66257842
10.65964585
10.65671217
10.65377742
10.65084159
10.6479047
10.64496677
10.6420278
10.6390878
10.63614678
10.63320474
10.63026168
10.62731762
10.62437256
10.62142651
10.61847949
10.6155315
10.61258255
10.60963268
10.60668189
10.6037302
10.60077764
10.59782422
10.59486997
10.5919149
10.58895904
10.5860024
10.583045
10.58008686
10.57712798
10.57416837
10.57120806
10.56824704
10.56528532
10.56232291
10.55935982
10.55639605
10.55343161
10.55046651
10.54750076
10.54453437
10.54156736
10.53859973
10.53563151
10.5326627
10.52969334
10.52672343
10.52375299
10.52078205
10.51781062
10.51483872
10.51186636
10.50889356
10.50592033
10.5029467
10.49997266
10.49699823
10.49402343
10.49104825
10.48807272
10.48509683
10.48212061
10.47914406
10.47616719
10.47319001
10.47021254
10.46723479
10.46425677
10.4612785
10.4583
10.45532127
10.45234234
10.44936322
10.44638393
10.44340448
10.44042489
10.43744516
10.43446532
10.43148538
10.42850534
10.42552521
10.42254502
10.41956476
10.41658445
10.4136041
10.41062371
10.4076433
10.40466288
10.40168247
10.39870206
10.39572168
10.39274133
10.38976104
10.38678081
10.38380067
10.38082062
10.37784068
10.37486087
10.37188119
10.36890168
10.36592233
10.36294317
10.35996421
10.35698547
10.35400695
10.35102867
10.34805064
10.34507288
10.3420954
10.33911821
10.33614133
10.33316477
10.33018855
10.32721267
10.32423716
10.32126202
10.31828728
10.31531295
10.31233904
10.30936557
10.30639254
10.30341998
10.3004479
10.29747631
10.29450523
10.29153465
10.2885646
10.28559509
10.28262612
10.2796577
10.27668985
10.27372257
10.27075588
10.26778977
10.26482427
10.26185939
10.25889513
10.25593151
10.25296854
10.25000624
10.24704461
10.24408369
10.24112348
10.238164
10.23520527
10.23224732
10.22929015
10.22633378
10.22337825
10.22042356
10.21746974
10.21451681
10.21156478
10.20861368
10.20566352
10.20271432
10.19976611
10.19681889
10.19387268
10.19092751
10.18798339
10.18504034
10.18209837
10.1791575
10.17621775
10.17327912
10.17034165
10.16740534
10.16447021
10.16153628
10.15860355
10.15567206
10.1527418
10.14981281
10.14688508
10.14395865
10.14103351
10.1381097
10.13518722
10.13226609
10.12934633
10.12642794
10.12351096
10.12059539
10.11768125
10.11476855
10.11185732
10.10894758
10.10603933
10.10313261
10.10022742
10.09732378
10.09442173
10.09152126
10.08862241
10.0857252
10.08282963
10.07993574
10.07704353
10.07415304
10.07126427
10.06837726
10.06549201
10.06260855
10.05972689
10.05684706
10.05396908
10.05109296
10.04821872
10.04534639
10.04247599
10.03960753
10.03674103
10.03387653
10.03101404
10.02815357
10.02529517
10.02243884
10.01958461
10.01673251
10.01388255
10.01103477
10.00818918
10.00534582
10.00250471
9.999665867
9.996829327
9.993995113
9.991163252
9.98833377
9.985506694
9.982682051
9.979859869
9.977040174
9.974222995
9.971408359
9.968596294
9.965786827
9.962979987
9.960175801
9.957374297
9.954575502
9.951779446
9.948986157
9.946195661
9.943407988
9.940623166
9.937841224
9.935062191
9.932286096
9.929512969
9.926742839
9.923975738
9.921211696
9.918450744
9.915692916
9.912938242
9.910186758
9.907438496
9.904693492
9.901951779
9.899213394
9.896478373
9.893746752
9.891018569
9.888293861
9.885572666
9.882855023
9.88014097
9.877430547
9.874723792
9.872020747
9.869321451
9.866625944
9.863934268
9.861246464
9.858562574
9.85588264
9.853206706
9.850534813
9.847867007
9.845203331
9.84254383
9.83988855
9.837237538
9.834590839
9.831948502
9.829310574
9.826677103
9.82404814
9.821423734
9.818803936
9.816188796
9.813578367
9.810972701
9.80837185
9.805775869
9.803184812
9.800598735
9.798017692
9.795441742
9.792870941
9.790305348
9.787745023
9.785190026
9.782640418
9.780096261
9.77755762
9.775024559
9.772497143
9.76997544
9.767459519
9.764949447
9.762445297
9.759947141
9.75745505
9.754969102
9.75248937
9.750015933
9.74754887
9.745088259
9.742634184
9.740186727
9.737745973
9.735312007
9.732884916
9.730464791
9.72805172
9.725645797
9.723247115
9.72085577
9.718471859
9.71609548
9.713726734
9.711365724
9.709012554
9.706667331
9.704330162
9.702001157
9.69968043
9.697368094
9.695064266
9.692769065
9.690482612
9.688205031
9.685936448
9.683676992
9.681426794
9.679185988
9.67695471
9.674733102
9.672521306
9.670319468
9.668127738
9.665946268
9.663775214
9.661614737
9.659464999
9.657326168
9.655198416
9.653081918
9.650976853
9.648883405
9.646801764
9.644732121
9.642674675
9.64062963
9.638597192
9.636577576
9.634571
9.63257769
9.630597875
9.628631794
9.626679688
9.624741808
9.622818411
9.620909759
9.619016125
9.617137785
9.615275027
9.613428145
9.611597442
9.609783229
9.607985826
9.606205565
9.604442783
9.602697832
9.600971072
9.599262873
9.59757362
9.595903707
9.594253542
9.592623544
9.591014149
9.589425804
9.587858973
9.586314132
9.584791776
9.583292416
9.581816579
9.58036481
9.578937674
9.577535753
9.576159653
9.574809997
9.573487435
9.572192637
9.570926301
9.569689152
9.568481942
9.567305456
9.566160514
9.565047971
9.563968723
9.562923709
9.561913915
9.560940378
9.560004187
9.559106485
9.558248469
9.557431384
9.556656516
9.555925184
9.555238728
9.55459853
9.554006087
9.553463438
9.552974768
9.552551328
9.552226558
9.552052779
9.552014257
9.552015252
9.552022281
9.552049089
9.552112178
9.552226316
9.552404678
9.55265846
9.552996904
9.553428134
9.553959664
9.554598707
9.55535229
9.5562273
9.557233031
9.558397159
9.559831313
9.561908837
9.565742498
9.574601716
9.59813203
9.664137461
9.846679571
10.28694851
10.93830727
11.23265923
11.26027932
11.26558967
11.27104053
11.27860173
11.28654196
11.29293901
11.29817155
11.30326908
11.30859532
11.31386574
11.31874366
11.32323926
11.32753447
11.33172198
11.3357686
11.33961919
11.3432742
11.34676936
11.35012882
11.35335331
11.35643735
11.35938421
11.3622037
11.36490407
11.36748916
11.36996122
11.3723237
11.37458112
11.37673766
11.37879663
11.3807609
11.38263345
11.38441729
11.38611529
11.38773005
11.38926403
11.39071957
11.39209898
11.39340443
11.39463799
11.39580165
11.39689735
11.39792696
11.39889232
11.39979521
11.40063739
11.40142061
11.40214661
11.40281717
11.40343416
11.40399964
11.4045159
11.40498516
11.40540789
11.40577843
11.4060649
11.40622716
11.40628828
11.40629345
11.40628623
11.40627407
11.4062567
11.40622958
11.40618564
11.40611727
11.40601704
11.40587867
11.40569786
11.40547243
11.40520198
11.40488713
11.40452889
11.40412829
11.40368644
11.40320467
11.40268459
11.402128
11.40153669
11.40091227
11.40025614
11.39956952
11.39885354
11.39810928
11.39733766
11.39653939
11.39571492
11.39486434
11.39398752
11.39308417
11.39215393
11.3911965
11.3902117
11.38919949
11.38815996
11.38709338
11.38600016
11.38488082
11.38373594
11.38256616
11.3813721
11.38015436
11.37891346
11.37764987
11.37636398
11.37505612
11.37372659
11.37237564
11.37100353
11.3696105
11.36819678
11.36676262
11.36530823
11.36383386
11.36233972
11.360826
11.35929291
11.35774062
11.35616932
11.35457919
11.3529704
11.35134315
11.34969764
11.34803407
11.34635266
11.34465361
11.34293714
11.34120348
11.33945282
11.33768538
11.33590135
11.33410092
11.33228427
11.33045159
11.32860305
11.32673883
11.3248591
11.32296402
11.32105376
11.3191285
11.31718838
11.31523358
11.31326425
11.31128053
11.30928257
11.30727051
11.30524449
11.30320462
11.30115103
11.29908386
11.29700321
11.2949092
11.29280197
11.29068163
11.2885483
11.28640212
11.2842432
11.28207169
11.2798877
11.27769136
11.2754828
11.27326214
11.27102949
11.26878498
11.26652871
11.2642608
11.26198136
11.25969048
11.25738828
11.25507485
11.2527503
11.25041472
11.2480682
11.24571085
11.24334274
11.24096399
11.23857467
11.23617488
11.23376471
11.23134424
11.22891356
11.22647277
11.22402195
11.22156118
11.21909057
11.21661019
11.21412014
11.2116205
11.20911136
11.2065928
11.20406491
11.20152777
11.19898147
11.19642609
11.1938617
11.19128839
11.18870623
11.1861153
11.18351567
11.18090741
11.17829059
11.1756653
11.17303158
11.17038951
11.16773915
11.16508058
11.16241385
11.15973902
11.15705617
11.15436535
11.15166663
11.14896007
11.14624573
11.14352368
11.14079399
11.13805671
11.13531191
11.13255965
11.1298
11.12703303
11.12425878
11.12147733
11.11868874
11.11589305
11.11309034
11.11028066
11.10746406
11.1046406
11.10181034
11.09897332
11.09612961
11.09327925
11.0904223
11.08755881
11.08468882
11.0818124
11.07892958
11.07604042
11.07314497
11.07024327
11.06733537
11.06442132
11.06150116
11.05857494
11.0556427
11.05270449
11.04976036
11.04681035
11.04385452
11.0408929
11.03792556
11.03495252
11.03197385
11.02898959
11.02599979
11.0230045
11.02000376
11.01699762
11.01398612
11.0109693
11.00794721
11.00491989
11.00188737
10.99884969
10.9958069
10.99275902
10.98970609
10.98664815
10.98358524
10.98051738
10.97744461
10.97436697
10.9712845
10.96819724
10.96510523
10.96200849
10.95890709
10.95580105
10.95269043
10.94957527
10.9464556
10.94333149
10.94020296
10.93707007
10.93393287
10.93079139
10.92764568
10.92449578
10.92134173
10.91818357
10.91502133
10.91185506
10.90868477
10.9055105
10.90233229
10.89915015
10.89596412
10.89277422
10.88958048
10.88638292
10.88318158
10.87997647
10.87676762
10.87355507
10.87033885
10.86711898
10.8638955
10.86066844
10.85743783
10.85420371
10.8509661
10.84772504
10.84448056
10.84123269
10.83798147
10.83472691
10.83146906
10.82820794
10.82494359
10.82167603
10.81840529
10.8151314
10.81185439
10.8085743
10.80529116
10.80200498
10.79871581
10.79542368
10.79212861
10.78883063
10.78552978
10.78222607
10.77891954
10.77561022
10.77229813
10.76898329
10.76566574
10.76234549
10.75902258
10.75569703
10.75236886
10.7490381
10.74570477
10.7423689
10.73903051
10.73568963
10.73234629
10.72900051
10.72565232
10.72230174
10.71894881
10.71559355
10.71223599
10.70887616
10.70551409
10.7021498
10.69878334
10.69541472
10.69204397
10.68867113
10.68529621
10.68191925
10.67854027
10.6751593
10.67177635
10.66839146
10.66500465
10.66161593
10.65822534
10.65483289
10.65143861
10.64804251
10.64464462
10.64124496
10.63784356
10.63444043
10.6310356
10.6276291
10.62422094
10.62081115
10.61739977
10.6139868
10.61057229
10.60715625
10.60373872
10.60031971
10.59689927
10.59347741
10.59005416
10.58662955
10.5832036
10.57977635
10.57634781
10.57291802
10.56948699
10.56605475
10.56262133
10.55918674
10.555751
10.55231415
10.54887619
10.54543715
10.54199705
10.5385559
10.53511374
10.53167057
10.52822641
10.52478129
10.52133523
10.51788824
10.51444035
10.51099157
10.50754194
10.50409146
10.50064017
10.49718808
10.49373523
10.49028163
10.48682731
10.4833723
10.47991661
10.47646028
10.47300334
10.4695458
10.4660877
10.46262907
10.45916992
10.45571029
10.4522502
10.44878968
10.44532875
10.44186744
10.43840577
10.43494378
10.43148147
10.42801888
10.42455602
10.42109291
10.41762959
10.41416606
10.41070235
10.40723848
10.40377447
10.40031034
10.39684611
10.3933818
10.38991743
10.38645304
10.38298863
10.37952423
10.37605987
10.37259558
10.36913137
10.36566728
10.36220334
10.35873956
10.35527598
10.35181262
10.34834952
10.34488669
10.34142416
10.33796197
10.33450013
10.33103867
10.32757762
10.32411699
10.32065681
10.3171971
10.31373788
10.31027917
10.30682099
10.30336336
10.29990629
10.29644981
10.29299393
10.28953868
10.28608406
10.28263011
10.27917684
10.27572427
10.27227244
10.26882136
10.26537106
10.26192158
10.25847294
10.25502518
10.25157834
10.24813244
10.24468752
10.24124363
10.23780079
10.23435906
10.23091846
10.22747904
10.22404083
10.22060386
10.21716818
10.21373382
10.2103008
10.20686917
10.20343894
10.20001015
10.19658281
10.19315696
10.18973262
10.1863098
10.18288852
10.17946881
10.17605069
10.17263416
10.16921926
10.16580599
10.16239437
10.15898444
10.1555762
10.15216968
10.14876489
10.14536188
10.14196066
10.13856125
10.1351637
10.13176803
10.12837427
10.12498245
10.12159263
10.11820482
10.11481908
10.11143544
10.10805395
10.10467464
10.10129756
10.09792275
10.09455026
10.09118013
10.08781239
10.08444711
10.08108431
10.07772403
10.07436633
10.07101123
10.06765877
10.064309
10.06096194
10.05761764
10.05427612
10.05093742
10.04760157
10.04426861
10.04093856
10.03761147
10.03428735
10.03096626
10.0276482
10.02433323
10.02102137
10.01771267
10.01440715
10.01110485
10.00780581
10.00451008
10.00121768
9.997928669
9.994643084
9.991360969
9.988082371
9.984807337
9.981535914
9.978268151
9.9750041
9.971743809
9.968487332
9.96523472
9.961986025
9.9587413
9.955500597
9.952263969
9.949031468
9.945803147
9.942579057
9.93935925
9.936143778
9.932932692
9.929726044
9.926523885
9.923326267
9.920133243
9.916944865
9.913761187
9.910582265
9.907408152
9.904238906
9.901074585
9.897915247
9.894760952
9.891611762
9.888467737
9.885328942
9.882195439
9.879067293
9.875944569
9.872827332
9.869715647
9.866609582
9.863509202
9.860414575
9.857325769
9.854242851
9.851165891
9.848094959
9.845030126
9.841971465
9.838919047
9.835872949
9.832833247
9.829800018
9.826773342
9.8237533
9.820739975
9.817733451
9.814733814
9.811741151
9.808755551
9.805777105
9.802805903
9.799842038
9.796885606
9.7939367
9.790995418
9.788061857
9.785136117
9.782218298
9.779308502
9.776406832
9.773513394
9.770628292
9.767751635
9.764883531
9.762024092
9.759173431
9.75633166
9.753498896
9.750675257
9.747860861
9.745055831
9.742260289
9.73947436
9.736698172
9.733931854
9.731175537
9.728429356
9.725693446
9.722967945
9.720252996
9.717548741
9.714855327
9.712172904
9.709501624
9.706841642
9.704193116
9.701556209
9.698931085
9.696317912
9.693716862
9.69112811
9.688551836
9.68598822
9.68343745
9.680899714
9.678375206
9.675864123
9.673366666
9.67088304
9.668413453
9.665958119
9.663517255
9.661091083
9.658679829
9.656283725
9.653903006
9.651537916
9.6491887
9.646855613
9.644538913
9.642238867
9.639955747
9.637689832
9.63544141
9.633210773
9.630998224
9.628804073
9.626628638
9.624472243
9.622335224
9.620217922
9.618120689
9.616043884
9.613987876
9.611953041
9.609939766
9.607948447
9.60597949
9.604033309
9.60211033
9.600210991
9.59833574
9.596485038
9.594659356
9.592859182
9.591085016
9.58933737
9.587616774
9.585923772
9.58425892
9.582622794
9.581015981
9.579439087
9.57789273
9.576377544
9.57489418
9.573443303
9.572025595
9.570641756
9.569292506
9.567978585
9.56670076
9.565459829
9.564256626
9.563092025
9.561966954
9.560882399
9.559839411
9.558839123
9.55788275
9.5569716
9.556107076
9.555290683
9.554524022
9.553808796
9.553146824
9.5525401
9.551991188
9.551504054
9.551088756
9.550769829
9.55058632
9.550537621
9.550532638
9.550538082
9.55056282
9.550622755
9.550732536
9.550904206
9.551147143
9.551468837
9.551875464
9.552372454
9.552964876
9.553657682
9.554455863
9.555364525
9.556388927
9.557534474
9.558806701
9.560211257
9.561753901
9.563440529
9.565277226
9.56727035
9.569426649
9.571753401
9.574258566
9.576950947
9.57984036
9.582937785
9.586255527
9.589807362
9.593608695
9.597676729
9.602030634
9.606691835
9.611684286
9.617034853
9.622773795
9.628935389
9.63555871
9.642688628
9.650377076
9.658684687
9.667682921
9.677456874
9.688109067
9.699764613
9.71257843
9.726745464
9.742515457
9.760214566
9.780277213
9.803292841
9.830072838
9.861740915
9.899839854
9.946418839
10.00399773
10.07521757
10.16174935
10.26230055
10.37042652
10.47465295
10.56352353
10.63245549
10.68461922
10.72601609
10.76140491
10.79327402
10.82253671
10.84944771
10.87417977
10.89699608
10.91819667
10.9380325
10.95668105
10.97426782
10.99089395
11.00665001
11.02161755
11.03586736
11.04945961
11.06244587
11.07487128
11.08677591
11.09819542
11.10916155
11.11970264
11.12984415
11.13960914
11.14901858
11.15809169
11.16684605
11.17529783
11.18346186
11.1913518
11.1989802
11.20635866
11.21349796
11.22040809
11.22709844
11.2335778
11.23985443
11.24593606
11.25182997
11.25754296
11.26308141
11.26845133
11.27365837
11.27870785
11.28360484
11.28835411
11.29296022
11.29742746
11.30175995
11.30596159
11.31003609
11.31398699
11.31781766
11.32153135
11.32513112
11.32861994
11.33200061
11.33527587
11.33844832
11.34152047
11.34449478
11.34737357
11.35015913
11.35285362
11.35545914
11.35797767
11.36041113
11.36276132
11.36502995
11.36721867
11.36932906
11.37136266
11.37332098
11.37520548
11.37701761
11.3787588
11.38043041
11.38203375
11.38357005
11.38504045
11.38644599
11.38778766
11.38906638
11.39028304
11.39143855
11.39253388
11.39357011
11.39454842
11.39547012
11.39633667
11.39714961
11.39791057
11.39862117
11.39928302
11.39989763
11.40046634
11.40099025
11.4014701
11.40190591
11.40229631
11.4026342
11.40290187
11.40306074
11.40311529
11.40312215
11.4031214
11.4031167
11.40310261
11.40307231
11.40301871
11.40293535
11.40281696
11.40265961
11.40246041
11.40221746
11.4019296
11.40159638
11.40121796
11.40079512
11.40032917
11.39982192
11.39927557
11.39869251
11.39807513
11.39742556
11.39674544
11.39603581
11.39529706
11.39452905
11.39373121
11.39290281
11.39204313
11.39115158
11.39022787
11.38927198
11.38828413
11.38726469
11.38621413
11.38513293
11.38402152
11.38288032
11.38170974
11.38051022
11.37928222
11.37802627
11.37674294
11.37543277
11.37409627
11.37273389
11.37134598
11.3699328
11.36849454
11.36703133
11.36554329
11.3640305
11.3624931
11.3609312
11.35934494
11.3577345
11.35610004
11.35444176
11.35275985
11.35105452
11.34932601
11.34757456
11.34580046
11.34400397
11.34218538
11.34034495
11.33848295
11.33659959
11.33469507
11.33276957
11.33082322
11.32885618
11.3268686
11.32486061
11.3228324
11.32078411
11.31871595
11.3166281
11.31452074
11.31239406
11.31024823
11.30808343
11.30589984
11.3036976
11.3014769
11.29923789
11.29698074
11.29470561
11.29241264
11.29010199
11.28777379
11.28542819
11.28306532
11.28068529
11.27828824
11.27587429
11.27344356
11.27099618
11.26853229
11.26605203
11.26355552
11.26104291
11.25851433
11.25596991
11.25340977
11.25083405
11.24824287
11.24563635
11.24301461
11.24037778
11.23772598
11.23505933
11.23237794
11.22968194
11.22697145
11.22424657
11.22150741
11.2187541
11.21598672
11.21320538
11.21041019
11.20760124
11.20477863
11.20194247
11.19909284
11.19622987
11.19335365
11.19046429
11.18756189
11.18464656
11.18171839
11.1787775
11.17582396
11.17285787
11.16987932
11.1668884
11.1638852
11.16086981
11.15784232
11.15480283
11.15175144
11.14868826
11.14561338
11.1425269
11.13942892
11.13631954
11.13319885
11.13006692
11.12692383
11.12376966
11.12060448
11.11742835
11.11424135
11.11104355
11.10783503
11.10461586
11.10138614
11.09814593
11.09489534
11.09163444
11.08836331
11.08508204
11.0817907
11.07848936
11.07517808
11.07185694
11.068526
11.06518534
11.06183503
11.05847514
11.05510576
11.05172697
11.04833885
11.04494149
11.04153496
11.03811934
11.03469471
11.03126115
11.02781873
11.02436752
11.0209076
11.01743903
11.01396187
11.01047619
11.00698204
11.00347947
10.99996852
10.99644923
10.99292166
10.98938585
10.98584185
10.98228973
10.97872954
10.97516137
10.97158528
10.96800135
10.96440965
10.96081026
10.95720324
10.95358868
10.94996663
10.94633716
10.94270034
10.93905625
10.93540495
10.93174651
10.928081
10.92440849
10.92072903
10.91704268
10.91334949
10.9096495
10.90594276
10.90222929
10.89850915
10.89478238
10.89104901
10.88730912
10.88356277
10.87981001
10.87605094
10.87228561
10.8685141
10.86473648
10.8609528
10.85716312
10.85336749
10.84956594
10.84575851
10.84194525
10.8381262
10.83430141
10.83047093
10.82663483
10.82279316
10.81894601
10.81509343
10.81123549
10.80737224
10.80350374
10.79963003
10.79575116
10.79186717
10.78797811
10.78408404
10.78018499
10.77628103
10.77237221
10.76845858
10.76454018
10.76061706
10.75668926
10.75275682
10.74881979
10.7448782
10.74093211
10.73698155
10.73302658
10.72906725
10.72510362
10.72113573
10.71716365
10.71318743
10.70920711
10.70522276
10.70123443
10.69724218
10.69324605
10.6892461
10.68524239
10.68123496
10.67722386
10.67320915
10.66919086
10.66516905
10.66114376
10.65711503
10.6530829
10.64904741
10.64500862
10.64096655
10.63692125
10.63287277
10.62882114
10.62476641
10.62070862
10.61664781
10.61258403
10.60851734
10.60444776
10.60037537
10.59630019
10.5922223
10.58814173
10.58405854
10.57997278
10.5758845
10.57179376
10.56770061
10.56360509
10.55950726
10.55540717
10.55130487
10.5472004
10.54309383
10.53898519
10.53487454
10.53076192
10.52664739
10.52253098
10.51841274
10.51429272
10.51017096
10.50604751
10.5019224
10.49779567
10.49366737
10.48953754
10.48540623
10.48127347
10.47713931
10.4730038
10.46886697
10.46472889
10.46058958
10.45644911
10.45230751
10.44816483
10.44402113
10.43987644
10.43573082
10.43158432
10.42743698
10.42328885
10.41913999
10.41499045
10.41084026
10.4066895
10.40253819
10.3983864
10.39423417
10.39008155
10.38592859
10.38177535
10.37762188
10.37346823
10.36931445
10.3651606
10.36100673
10.35685289
10.35269914
10.34854552
10.34439209
10.34023888
10.33608594
10.33193331
10.32778102
10.32362911
10.31947762
10.31532658
10.31117602
10.30702598
10.30287649
10.29872761
10.29457937
10.29043183
10.28628504
10.28213907
10.27799398
10.27384984
10.26970672
10.2655647
10.26142386
10.25728428
10.25314604
10.24900921
10.24487389
10.24074013
10.23660801
10.2324776
10.22834895
10.22422212
10.22009715
10.2159741
10.21185299
10.20773388
10.20361679
10.19950176
10.19538883
10.19127803
10.18716941
10.183063
10.17895884
10.17485699
10.17075749
10.1666604
10.16256578
10.15847369
10.1543842
10.15029737
10.14621327
10.14213199
10.13805357
10.13397811
10.12990567
10.12583632
10.12177014
10.1177072
10.11364757
10.10959133
10.10553856
10.10148933
10.09744373
10.09340182
10.08936368
10.0853294
10.08129903
10.07727266
10.07325036
10.06923218
10.06521821
10.06120849
10.05720309
10.05320208
10.04920551
10.04521345
10.04122595
10.03724308
10.03326491
10.0292915
10.02532291
10.02135922
10.0174005
10.01344682
10.00949827
10.00555492
10.00161687
9.997684211
9.993757032
9.989835435
9.985919526
9.982009406
9.978105182
9.974206957
9.970314833
9.966428909
9.962549282
9.958676043
9.954809279
9.950949074
9.947095508
9.943248661
9.939408608
9.935575426
9.931749196
9.927929999
9.924117921
9.920313056
9.916515501
9.91272536
9.908942744
9.905167767
9.901400548
9.897641208
9.893889871
9.89014666
9.886411698
9.882685105
9.878967002
9.875257509
9.871556741
9.867864816
9.864181851
9.860507964
9.856843272
9.853187898
9.849541965
9.845905597
9.842278924
9.838662076
9.835055186
9.83145839
9.827871825
9.824295629
9.820729945
9.817174914
9.813630683
9.810097397
9.806575205
9.803064258
9.799564706
9.796076704
9.792600404
9.789135962
9.785683532
9.782243273
9.778815345
9.775399909
9.77199713
9.768607181
9.765230233
9.761866467
9.758516066
9.755179215
9.751856107
9.748546933
9.745251888
9.74197117
9.738704977
9.735453511
9.732216976
9.728995577
9.725789527
9.72259904
9.719424336
9.71626564
9.71312318
9.709997189
9.706887904
9.703795563
9.700720409
9.697662687
9.694622644
9.69160053
9.6885966
9.685611111
9.682644324
9.679696505
9.676767926
9.673858864
9.6709696
9.668100423
9.665251626
9.662423508
9.659616374
9.656830533
9.654066301
9.651323997
9.648603946
9.645906483
9.643231944
9.640580677
9.637953035
9.635349381
9.632770088
9.630215536
9.627686117
9.625182233
9.622704295
9.620252725
9.617827953
9.615430419
9.613060572
9.610718871
9.608405783
9.606121781
9.603867351
9.601642982
9.599449177
9.597286441
9.59515529
9.593056246
9.590989838
9.588956603
9.586957089
9.584991851
9.58306146
9.581166499
9.579307569
9.577485284
9.575700273
9.573953181
9.572244658
9.570575366
9.568945968
9.567357127
9.565809503
9.564303752
9.562840523
9.561420457
9.560044188
9.558712344
9.557425551
9.556184439
9.554989649
9.553841852
9.552741775
9.551690251
9.550688292
9.549737202
9.54883873
9.54799525
9.547209952
9.546486979
9.545831511
9.5452499
9.544750583
9.544346851
9.544062976
9.543919321
9.543882821
9.543881818
9.54388657
9.543907137
9.543955224
9.544041721
9.544176411
9.544368158
9.54462568
9.544957695
9.54537278
9.545878973
9.546483232
9.547191008
9.548006034
9.548930447
9.549965182
9.551110537
9.552366726
9.553734288
9.55521428
9.556808262
9.558518163
9.56034612
9.562294369
9.56436522
9.566561114
9.568884721
9.57133903
9.57392741
9.576653616
9.579521764
9.582536261
9.585701733
9.589022946
9.592504752
9.596152054
9.599969805
9.603963039
9.608136913
9.612496753
9.617048086
9.621796647
9.62674837
9.631909361
9.637285878
9.642884315
9.648711202
9.654773212
9.661077179
9.667630105
9.67443917
9.681511722
9.688855263
9.696477435
9.704385985
9.712588745
9.721093595
9.729908428
9.739041115
9.748499453
9.758291117
9.768423601
9.77890415
9.789739685
9.800936719
9.812501272
9.824438772
9.836753951
9.849450739
9.862532142
9.876000125
9.889855479
9.904097695
9.918724836
9.933733409
9.949118253
9.964872431
9.980987143
9.997451661
10.0142533
10.03137741
10.04880742
10.06652491
10.08450969
10.10273992
10.12119229
10.13984219
10.15866392
10.177631
10.1967164
10.21589291
10.23513339
10.25441105
10.27369965
10.29297368
10.31220852
10.3313805
10.35046707
10.36944688
10.38829998
10.40700796
10.42555409
10.44392342
10.46210279
10.48008073
10.49784729
10.51539386
10.53271299
10.54979831
10.56664443
10.58324696
10.59960252
10.61570867
10.63156388
10.64716735
10.66251893
10.67761898
10.69246833
10.70706825
10.72142038
10.73552676
10.74938976
10.76301203
10.77639644
10.78954603
10.80246397
10.81515347
10.82761783
10.83986036
10.85188442
10.86369344
10.87529087
10.88668024
10.89786503
10.90884868
10.91963456
10.93022594
10.94062606
10.95083814
10.96086541
10.97071112
10.98037852
10.98987084
10.99919131
11.00834315
11.01732959
11.02615383
11.034819
11.04332805
11.05168371
11.05988848
11.06794471
11.07585465
11.08362061
11.09124492
11.09873001
11.10607836
11.11329248
11.12037484
11.12732779
11.13415353
11.14085406
11.14743121
11.15388678
11.16022259
11.16644055
11.17254267
11.17853097
11.18440742
11.19017389
11.19583208
11.20138352
11.20682962
11.21217172
11.21741117
11.22254944
11.22758809
11.23252878
11.23737314
11.24212274
11.246779
11.25134318
11.25581639
11.2601997
11.26449422
11.26870115
11.27282184
11.27685768
11.28081007
11.28468025
11.28846925
11.29217793
11.29580703
11.2993573
11.30282958
11.3062249
11.30954442
11.31278935
11.31596084
11.3190599
11.32208731
11.32504367
11.32792953
11.3307455
11.33349232
11.33617095
11.33878243
11.34132784
11.34380814
11.34622412
11.34857638
11.35086542
11.3530918
11.35525621
11.35735953
11.35940277
11.36138687
11.36331256
11.36518027
11.36699015
11.3687423
11.37043695
11.37207463
11.37365629
11.37518309
11.37665628
11.37807689
11.37944561
11.38076268
11.382028
11.38324127
11.38440233
11.38551145
11.38656954
11.38757818
11.38853926
11.38945436
11.39032378
11.39114595
11.39191741
11.39263402
11.39329316
11.39389571
11.39444612
11.39494975
11.3954097
11.39583152
11.3962371
11.39665775
11.39703643
11.39728219
11.39743688
11.39746782
11.39748979
11.39751565
11.39751104
11.39750476
11.39749137
11.3974609
11.39740182
11.3973052
11.39716793
11.3969906
11.39677271
11.39651073
11.39619998
11.39583771
11.39542537
11.39496853
11.39447458
11.3939491
11.39339325
11.3928041
11.39217734
11.39151064
11.39080553
11.39006639
11.38929784
11.38850265
11.38768117
11.38683215
11.38595346
11.38504275
11.38409788
11.38311725
11.38210002
11.38104645
11.37995805
11.37883735
11.37768696
11.37650849
11.37530195
11.37406618
11.37280015
11.37150436
11.37018057
11.36883012
11.36745309
11.36604903
11.36461773
11.36315926
11.36167392
11.36016187
11.35862402
11.35706026
11.35546913
11.35384866
11.35220168
11.35052752
11.34883143
11.34710925
11.34533109
11.34349967
11.34204676
11.3397688
11.33804875
11.33626109
11.3343153
11.33237918
11.33042263
11.32843638
11.32642655
11.32439132
11.32233006
11.32024276
11.31812897
11.31598836
11.31382075
11.31162603
11.30940413
11.30715498
11.30487847
11.30257447
11.30024282
11.29788335
11.29549591
11.29308029
11.29063634
11.28816389
11.2856628
11.28313292
11.28057404
11.27798594
11.2753683
11.27272083
11.27004331
11.2673356
11.26459763
11.26182936
11.25903069
11.25620145
11.25334141
11.25045041
11.24752843
11.24457554
11.24159185
11.2385774
11.23553209
11.23245572
11.22934807
11.22620902
11.22303854
11.21983663
11.21660324
11.21333825
11.21004156
11.20671318
11.20335333
11.19996234
11.1965405
11.19308792
11.18960447
11.18608994
11.1825442
11.17896726
11.17535934
11.17172074
11.16805177
11.16435271
11.16062372
11.15686495
11.15307658
11.14925888
11.14541215
11.14153659
11.13763223
11.13369916
11.12973774
11.12574864
11.12173251
11.11768966
11.11362005
11.10952375
11.10540116
11.1012528
11.09707891
11.09287935
11.08865416
11.08440395
11.08012969
11.07583225
11.07151224
11.06716984
11.0628047
11.05841638
11.0540054
11.04957311
11.0451204
11.04064678
11.03615154
11.0316382
11.02711169
11.02256372
11.01794892
11.013362
11.00888913
11.00420098
10.99953299
10.99492807
10.99011605
10.98552931
10.98087769
10.97612389
10.97140502
10.96666795
10.961916
10.95715347
10.95237827
10.94759126
10.94279327
10.93798505
10.93316735
10.92834076
10.9235057
10.9186625
10.91381148
10.90895311
10.90408799
10.89921683
10.89434029
10.88945891
10.88457306
10.87968301
10.87478909
10.86989174
10.86499153
10.86008908
10.8551849
10.85027936
10.84537271
10.84046523
10.83555738
10.83064984
10.82574329
10.82083826
10.81593492
10.81103333
10.80613365
10.80123643
10.79634252
10.79145267
10.7865672
10.78168601
10.77680892
10.77193614
10.76706843
10.76220677
10.7573518
10.75250351
10.74766157
10.7428259
10.73799703
10.73317593
10.72836327
10.72355905
10.71876278
10.71397424
10.7091939
10.70442273
10.69966137
10.69490968
10.69016705
10.68543323
10.68070875
10.67599447
10.67129073
10.6665971
10.66191304
10.65723866
10.65257472
10.64792182
10.6432798
10.6386481
10.63402654
10.62941559
10.62481568
10.62022663
10.61564792
10.61107949
10.60652183
10.60197526
10.59743932
10.59291329
10.58839713
10.58389132
10.579396
10.57491055
10.57043441
10.56596781
10.56151128
10.55706469
10.55262739
10.54819905
10.54377976
10.53936934
10.53496727
10.53057349
10.52618846
10.52181202
10.5174432
10.51308149
10.5087272
10.50438026
10.50003973
10.4957053
10.49137756
10.48705611
10.48273949
10.47842766
10.47412217
10.46982185
10.46552396
10.46122896
10.45694649
10.45266449
10.44831952
10.44411134
10.44001056
10.43548154
10.43114377
10.42701777
10.42276674
10.41846855
10.41420024
10.40993251
10.40566379
10.40139674
10.39712929
10.39286103
10.38859183
10.38432129
10.38004909
10.37577491
10.37149841
10.36721927
10.36293714
10.35865173
10.35436274
10.35006989
10.34577293
10.34147161
10.33716571
10.33285501
10.32853928
10.3242183
10.31989185
10.31555968
10.31122156
10.30687723
10.30252644
10.29816893
10.29380441
10.28943261
10.28505325
10.28066608
10.27627084
10.27186731
10.26745531
10.26303469
10.25860537
10.25416727
10.24972036
10.24526462
10.24080002
10.23632655
10.23184419
10.22735294
10.2228528
10.21834379
10.21382592
10.20929919
10.20476358
10.20021907
10.19566563
10.19110323
10.18653184
10.18195148
10.17736216
10.17276393
10.16815684
10.16354096
10.15891637
10.15428317
10.14964148
10.14499143
10.14033316
10.13566683
10.13099261
10.12631068
10.12162123
10.11692447
10.11222058
10.10750977
10.10279225
10.09806826
10.09333804
10.08860185
10.08385991
10.07911245
10.07435968
10.06960183
10.0648392
10.06007209
10.05530085
10.05052579
10.04574724
10.04096548
10.03618083
10.03139361
10.02660421
10.02181309
10.01702073
10.01222759
10.00743416
10.00264089
9.997848231
9.993056635
9.988266533
9.983478315
9.978692335
9.973908931
9.969128469
9.964351372
9.959578115
9.954809206
9.950045154
9.945286462
9.940533645
9.935787249
9.931047856
9.926316059
9.921592434
9.916877512
9.912171788
9.907475739
9.902789832
9.898114541
9.893450363
9.888797859
9.884157625
9.879530246
9.874916293
9.870316283
9.865730831
9.861160562
9.856605968
9.852067971
9.847546724
9.843042495
9.838557834
9.834096713
9.829643793
9.825156534
9.820818356
9.816516821
9.812066169
9.807701994
9.803421851
9.799096121
9.79473519
9.790648904
9.786378779
9.78217268
9.778006629
9.773860644
9.769744678
9.765657022
9.761598021
9.757568481
9.753568965
9.749600075
9.745662415
9.7417566
9.737883243
9.734042938
9.730236246
9.726463694
9.722725791
9.719023051
9.715356009
9.71172522
9.708131257
9.704574699
9.701056132
9.697576155
9.694135367
9.69073435
9.687373639
9.684053712
9.68077501
9.677537977
9.674343097
9.671190902
9.668081948
9.665016787
9.661995945
9.659019933
9.656089263
9.653204462
9.650366061
9.647574564
9.644830425
9.642134055
9.639485844
9.636886193
9.634335529
9.631834284
9.62938288
9.626981702
9.624631109
9.622331467
9.620083174
9.617886676
9.615742439
9.613650909
9.611612485
9.60962753
9.607696399
9.605819465
9.603997094
9.602229596
9.600517189
9.598860018
9.597258206
9.595711906
9.594221335
9.592786728
9.591408022
9.590083933
9.588810692
9.587581421
9.586389274
9.585234835
9.584136754
9.583132962
9.582257282
9.581504664
9.580837382
9.580219306
9.57963555
9.579087929
9.578586064
9.578145603
9.577774409
9.577437844
9.577106207
9.576830202
9.576645205
9.576645542
9.576675825
9.576736286
9.576830682
9.576971807
9.577167086
9.577416116
9.577717888
9.578076662
9.578501458
9.579002153
9.579585969
9.580255765
9.581010591
9.581847714
9.582764563
9.583759254
9.584829683
9.585972527
9.587183537
9.588459212
9.589798498
9.591203138
9.59267651
9.594222064
9.595842267
9.597538375
9.599310856
9.601159802
9.603085013
9.605085924
9.607162033
9.609313473
9.611541463
9.613847387
9.616232581
9.618697699
9.621242552
9.623866929
9.626579669
9.629427975
9.63227262
9.63512189
9.638243895
9.641371073
9.644666491
9.648004335
9.651281564
9.654813835
9.658383395
9.662040201
9.665793964
9.669635719
9.673569855
9.677596917
9.681717321
9.685931879
9.690241271
9.694646148
9.699147158
9.703744943
9.708440139
9.713233379
9.718125282
9.72311644
9.728207407
9.733398692
9.738690762
9.744084057
9.749579
9.755176004
9.760875474
9.766677794
9.772583316
9.77859235
9.784705171
9.790922017
9.797243101
9.803668607
9.810198685
9.816833435
9.823572882
9.830416968
9.837365537
9.844418341
9.851575044
9.858835239
9.866198462
9.8736642
9.881231908
9.888901002
9.896670855
9.904540788
9.912510054
9.920577833
9.928743226
9.937005262
9.945362913
9.95381511
9.962360742
9.970998666
9.979727679
9.988546505
9.997453759
10.00644795
10.01552747
10.02469064
10.03393576
10.04326104
10.05266469
10.06214481
10.07169942
10.08132652
10.09102409
10.10079009
10.11062249
10.12051919
10.13047793
10.14049634
10.15057189
10.16070197
10.17088394
10.1811152
10.19139329
10.20171584
10.21208065
10.22248558
10.23292858
10.24340763
10.25392069
10.26446566
10.2750402
10.28564164
10.29626696
10.30691287
10.31757604
10.3282533
10.33894191
10.34963952
10.36034411
10.37105374
10.38176637
10.39247976
10.40319147
10.41389892
10.42459948
10.43529054
10.4459696
10.4566342
10.467282
10.47791092
10.48851902
10.49910418
10.50966428
10.52019726
10.53070117
10.54117406
10.55161312
10.56201666
10.57238386
10.58271002
10.5930053
10.60328956
10.613364
10.62355262
10.63371843
10.64373959
10.6537009
10.66364502
10.67367288
10.68346758
10.6931747
10.70290794
10.71258056
10.72218105
10.7317198
10.74119468
10.75060416
10.75994773
10.76922438
10.77843296
10.78757234
10.79664139
10.80563911
10.81456469
10.82341757
10.83219721
10.84090293
10.84953386
10.85808903
10.86656757
10.87496888
10.88329265
10.8915387
10.89970685
10.90779673
10.91580776
10.92373927
10.93159063
10.93936151
10.94705188
10.95466192
10.96219172
10.96964102
10.97700922
10.98429549
10.99149916
10.99861983
11.00565746
11.01261232
11.01948483
11.02627548
11.03298479
11.03961318
11.04616096
11.05262817
11.0590146
11.06531993
11.07154389
11.07768655
11.0837483
11.08972977
11.09563161
11.10145432
11.10719823
11.11286361
11.11845077
11.12396018
11.12939241
11.13474799
11.1400273
11.14523058
11.15035802
11.15540994
11.16038688
11.16528949
11.17011846
11.17487442
11.17955794
11.18416951
11.18870965
11.19317898
11.19757824
11.20190822
11.20616958
11.21036281
11.21448826
11.21854635
11.22253765
11.22646299
11.23032331
11.23411964
11.23785287
11.24152354
11.24513182
11.24867782
11.25216208
11.25558581
11.25895048
11.262257
11.26550544
11.26869568
11.27182828
11.27490445
11.27792524
11.28089111
11.28380232
11.28665952
11.28946369
11.29221559
11.29491562
11.29756419
11.3001621
11.30271034
11.30520973
11.30766053
11.3100624
11.31241513
11.31471979
11.31697863
11.31919343
11.32136437
11.32349084
11.32557274
11.32761063
11.32960536
11.33155777
11.33346852
11.33533771
11.33716463
11.33894879
11.34069189
11.34239555
11.34405132
11.3456736
11.34736198
11.34876181
11.35018952
11.35186924
11.3532754
11.35456792
11.35598257
11.35729627
11.35857737
11.35982727
11.36103608
11.36220936
11.36334704
11.36444899
11.36551561
11.36654686
11.36754261
11.36850274
11.36942715
11.37031592
11.37116929
11.37198759
11.37277107
11.37351985
11.37423406
11.3749141
11.37556091
11.3761758
11.37675978
11.37731226
11.3778297
11.37830525
11.37873065
11.37910087
11.37941871
11.3796945
11.37994071
11.38016602
11.38037295
11.38055779
11.38071116
11.38083179
11.3809356
11.38102929
11.38098666
11.38089129
11.38082076
11.38069424
11.38054399
11.38037996
11.38019983
11.37996114
11.37963165
11.37921979
11.37877122
11.3783171
11.37784781
11.37733981
11.37678209
11.37617798
11.37553546
11.37485834
11.37414594
11.3733965
11.37260909
11.37178311
11.37091721
11.37000907
11.36905629
11.36805739
11.36701241
11.3659227
11.36479009
11.36361584
11.36240001
11.36114132
11.35983779
11.35848758
11.35708977
11.35564474
11.35415391
11.35261912
11.35104197
11.3494233
11.3477631
11.34606078
11.3443156
11.34252699
11.3406946
11.3388181
11.33689708
11.33493115
11.33292018
11.33086447
11.32876456
11.32662101
11.32443417
11.32220427
11.31993145
11.31761568
11.31525679
11.31285463
11.3104093
11.30792114
11.30539038
11.30281686
11.30020018
11.29754021
11.29483759
11.29209356
11.28930941
11.28648566
11.28362178
11.28071671
11.27777019
11.27478344
11.27175793
11.26869387
11.26559043
11.26244812
11.25927211
11.25606179
11.25277123
11.24945338
11.2462798
11.24286441
11.23944474
11.23597167
11.23240282
11.22906988
11.22547881
11.22189886
11.21829787
11.21465713
11.21098708
11.20728565
11.20355307
11.19979007
11.19599688
11.19217379
11.18832119
11.18443955
11.18052946
11.1765915
11.17262622
11.16863413
11.16461578
11.16057175
11.15650267
11.15240913
11.14829164
11.14415065
11.13998666
11.13580033
11.13159242
11.12736375
11.123115
11.11884661
11.11455878
11.11025151
11.10592486
11.10157913
11.09721503
11.09283361
11.08843605
11.08402328
11.07959583
11.07515391
11.07069754
11.0662269
11.06174245
11.05724493
11.05273515
11.04821381
11.04368128
11.0391377
11.03458321
11.03001824
11.02544354
11.02086006
11.0162686
11.01166945
11.00706235
11.00244674
10.99782223
10.99318917
10.98854876
10.98390256
10.9792518
10.97459688
10.96993761
10.96527374
10.96060545
10.95593325
10.95125759
10.94657852
10.94189587
10.93720944
10.93251914
10.92782474
10.92312584
10.91842218
10.91371414
10.90900291
10.90428996
10.89957622
10.89486172
10.89014575
10.88542738
10.88070593
10.87598117
10.87125331
10.86652306
10.86179133
10.85705868
10.8523247
10.84758816
10.84284772
10.83810289
10.83335418
10.82860262
10.82384892
10.81909297
10.8143339
10.8095706
10.80480237
10.80002933
10.7952522
10.79047128
10.78568575
10.78089381
10.77609386
10.77128593
10.76647186
10.76165313
10.75682904
10.75199676
10.74715326
10.74229951
10.73743892
10.73257544
10.72770885
10.72279189
10.7178004
10.71332314
10.7080002
10.70297242
10.69816576
10.69327162
10.68825367
10.68325794
10.6782547
10.67323265
10.66819822
10.66314847
10.65808222
10.65299919
10.64789859
10.64277971
10.63764196
10.63248475
10.6273076
10.62211012
10.61689195
10.61165277
10.60639225
10.60111004
10.59580571
10.5904788
10.58512883
10.57975532
10.57435786
10.56893608
10.56348966
10.55801828
10.55252157
10.54699908
10.54145027
10.53587457
10.53027143
10.52464046
10.5189814
10.51329421
10.50757896
10.50183575
10.4960646
10.49026541
10.48443792
10.47858182
10.4726968
10.46678272
10.46083954
10.45486739
10.44886636
10.44283644
10.43677739
10.43068876
10.42456999
10.41842061
10.41224048
10.40602993
10.39978986
10.39352155
10.38722642
10.3809057
10.37456008
10.36818963
10.36179374
10.35537137
10.34892138
10.34244291
10.33593563
10.32939981
10.32283631
10.31624636
10.30963132
10.30299249
10.29633098
10.28964771
10.28294342
10.27621867
10.26947395
10.2627097
10.25592633
10.2491243
10.24230413
10.2354664
10.22861175
10.22174083
10.21485435
10.20795303
10.20103764
10.19410901
10.18716799
10.18021545
10.17325228
10.16627939
10.15929775
10.15230832
10.14531214
10.13831028
10.131304
10.12429468
10.11728381
10.11027283
10.10326287
10.09625458
10.08924803
10.08224285
10.07523853
10.06823495
10.0612329
10.05423441
10.04724272
10.04026165
10.03329473
10.02634427
10.01941078
10.01249318
10.00558952
9.998698252
9.991819276
9.984954458
9.978107365
9.971282153
9.96448216
9.957708911
9.950962069
9.944240324
9.937542799
9.930869808
9.924223211
9.917606019
9.911019871
9.90446679
9.89795271
9.891478758
9.885028214
9.878562725
9.872280201
9.866041918
9.859651861
9.85337888
9.847205244
9.841070143
9.834768963
9.828899326
9.822864617
9.816855605
9.810938166
9.805061419
9.799236675
9.793464676
9.787744654
9.782078294
9.776467758
9.77091539
9.765422785
9.759990143
9.754616513
9.749300769
9.744042834
9.738844359
9.733708304
9.728637756
9.723634659
9.718699192
9.713830134
9.709025924
9.70428587
9.699610843
9.695002931
9.690464384
9.68599658
9.681599748
9.677273614
9.673018388
9.668835194
9.66472546
9.660689885
9.656728053
9.652839135
9.649023003
9.645280614
9.641613202
9.638021173
9.634503924
9.631060867
9.627692682
9.624401416
9.621189129
9.618056272
9.615001362
9.61202226
9.609117835
9.606288424
9.603534737
9.600856734
9.598253958
9.595726927
9.593277708
9.59090856
9.588619874
9.586409637
9.584274918
9.582213824
9.580226205
9.578312822
9.57647441
9.57471162
9.573025441
9.571416983
9.569886372
9.568431835
9.567050237
9.565738976
9.564497708
9.563328207
9.562232469
9.561210888
9.560261815
9.559383079
9.558575592
9.557838261
9.557142204
9.556468261
9.555940717
9.555521087
9.555271953
9.555025209
9.554786801
9.554568655
9.554384203
9.55426444
9.554275432
9.554340283
9.554481288
9.554700623
9.554987648
9.555332066
9.55573134
9.556188375
9.556706207
9.557285355
9.557925093
9.558625683
9.559388616
9.560214843
9.561102904
9.562048593
9.563046505
9.564092966
9.565189493
9.566345524
9.567576358
9.568893804
9.57029416
9.571753174
9.573241785
9.574751153
9.576299569
9.577912566
9.579598164
9.58134338
9.583132801
9.584965592
9.586851681
9.588797744
9.590803736
9.592867431
9.594987246
9.597155
9.599366148
9.601682472
9.604036249
9.606212452
9.608704714
9.611377912
9.613917751
9.61637762
9.619085434
9.621780799
9.624532278
9.627344918
9.630222986
9.633198803
9.636230989
9.639022333
9.639727698
9.63676316
9.61957813
9.561224123
9.387771076
8.867759428
7.457596203
4.478077401
1.59084299
1.015035964
1.000039124
1.000000007
1
1
1
1
1
1
1
1
1
1
1
1
1
1
1
1
1
1
1
1
1
1
1
1
1
1
1
1
1
1
1
1
1
1
1
1
1
1
1
1
1
1
1
1
1
1
1
1
1
1
1
1
1
1
1
1
1
1
1
1
1
1
1
1
1
1
1
1
1
1
1
1
1
1
1
1
1
1
1
1
1
1
1
1
1
1
1
1
1
1
1
1
1
1
1
1
1
1
1
1
1
1
1
1
1
1
1
1
1
1
1
1
1
1
1
1
1
1
1
1
1
1
1
1
1
1
1
1
1
1
1
1
1
1
1
1
1
1
1
1
1
1
1
1
1
1
1
1
1
1
1
1
1
1
1
1
1
1
1
1
1
1
1
1
1
1
1
1
1
1
1
1
1
1
1
1
1
1
1
1
1
1
1
1
1
1
1
1
1
1
1
1
1
1
1
1
1
1
1
1
1
1
1
1
1
1
1
1
1
1
1
1
1
1
1
1
1
1
1
1
1
1
1
1
1
1
1
1
1
1
1
1
1
1
1
1
1
1
1
1
1
1
1
1
1
1
1
1
1
1
1
1
1
1
1
1
1
1
1
1
1
1
1
1
1
1
1
1
1
1
1
1
1
1
1
1
1
1
1
1
1
1
1
1
1
1
1
1
1
1
1
1
1
1
1
1
1
1
1
1
1
1
1
1
1
1
1
1
1
1
1
1
1
1
1
1
1
1
1
1
1
1
1
1
1
1
1
1
1
1
1
1
1
1
1
1
1
1
1
1
1
1
1
1
1
1
1
1
1
1
1
1
1
1
1
1
1
1
1
1
1
1
1
1
1
1
1
1
1
1
1
1
1
1
1
1
1
1
1
1
1
1
1
1
1
1
1
1
1
1
1
1
1
1
1
1
1
1
1
1
1
1
1
1
1
1
1
1
1
1
1
1
1
1
1
1
1
1
1
1
1
1
1
1
1
1
1
1
1
1
1
1
1
1
1
1
1
1
1
1
1
1
1
1
1
1
1
1
1
1
1
1
1
1
1
1
1
1
1
1
1
1
1
1
1
1
1
1
1
1
1
1
1
1
1
1
1
1
1
1
1
1
1
1
1
1
1
1
1
1
1
1
1
1
1
1
1
1
1
1
1
1
1
1
1
1
1
1
1
1
1
1
1
1
1
1
1
1
1
1
1
1
1
1
1
1
1
1
1
1
1
1
1
1
1
1
1
1
1
1
1
1
1
1
1
1
1
1
1
1
1
1
1
1
1
1
1
1
1
1
1
1
1
1
1
1
1
1
1
1
1
1
1
1
1
1
1
1
1
1
1
1
1
1
1
1
1
1
1
1
1
1
1
1
1
1
1
1
1
1
1
1
1
1
1
1
1
1
1
1
1
1
1
1
1
1
1
1
1
1
1
1
1
1
1
1
1
1
1
1
1
1
1
1
1
1
1
1
1
1
1
1
1
1
1
1
1
1
1
1
1
1
1
1
1
1
1
1
1
1
1
1
1
1
1
1
1
1
1
1
1
1
1
1
1
1
1
1
1
1
1
1
1
1
1
1
1
1
1
1
1
1
1
1
1
1
1
1
1
1
1
1
1
1
1
1
1
1
1
1
1
1
1
1
1
1
1
1
1
1
1
1
1
1
1
1
1
1
1
1
1
1
1
1
1
1
1
1
1
1
1
1
1
1
1
1
1
1
1
1
1
1
1
1
1
1
1
1
1
1
1
1
1
1
1
1
1
1
1
1
1
1
1
1
1
1
1
1
1
1
1
1
1
1
1
1
1
1
1
1
1
1
1
1
1
1
1
1
1
1
1
1
1
1
1
1
1
1
1
1
1
1
1
1
1
1
1
1
1
1
1
1
1
1
1
1
1
1
1
1
1
1
1
1
1
1
1
1
1
1
1
1
1
1
1
1
1
1
1
1
1
1
1
1
1
1
1
1
1
1
1
1
1
1
1
1
1
1
1
1
1
1
1
1
1
1
1
1
1
1
1
1
1
1
1
1
1
1
1
1
1
1
1
1
1
1
1
1
1
1
1
1
1
1
1
1
1
1
1
1
1
1
1
1
1
1
1
1
1
1
1
1
1
1
1
1
1
1
1
1
1
1
1
1
1
1
1
1
1
1
1
1
1
1
1
1
1
1
1
1
1
1
1
1
1
1
1
1
1
1
1
1
1
1
1
1
1
1
1
1
1
1
1
1
1
1
1
1
1
1
1
1
1
1
1
1
1
1
1
1
1
1
1
1
1
1
1
1
1
1
1
1
1
1
1
1
1
1
1
1
1
1
1
1
1
1
1
1
1
1
1
1
1
1
1
1
1
1
1
1
1
1
1
1
1
1
1
1
1
1
1
1
1
1
1
1
1
1
1
1
1
1
1
1
1
1
1
1
1
1
1
1
1
1
1
1
1
1
1
1
1
1
1
1
1
1
1
1
1
1
1
1
1
1
1
1
1
1
1
1
1
1
1
1
1
1
1
1
1
1
1
1
1
1
1
1
1
1
1
1
1
1
1
1
1
1
1
1
1
1
1
1
1
1
1
1
1
1
1
1
1
1
1
1
1
1
1
1
1
1
1
1
1
1
1
1
1
1
1
1
1
1
1
1
1
1
1
1
1
1
1
1
1
1
1
1
1
1
1
1
1
1
1
1
1
1
1
1
1
1
1
1
1
1
1
1
1
1
1
1
1
1
1
1
1
1
1
1
1
1
1
1
1
1
1
1
1
1
1
1
1
1
1
1
1
1
1
1
1
1
1
1
1
1
1
1
1
1
1
1
1
1
1
1
1
1
1
1
1
1
1
1
1
1
1
1
1
1
1
1
1
1
1
1
1
1
1
1
1
1
1
1
1
1
1
1
1
1
1
1
1
1
1
1
1
1
1
1
1
1
1
1
1
1
1
1
1
1
1
1
1
1
1
1
1
1
1
1
1
1
1
1
1
1
1
1
1
1
1
1
1
1
1
1
1
1
1
1
1
1
1
1
1
1
1
1
1
1
1
1
1
1
1
1
1
1
1
1
1
1
1
1
1
1
1
1
1
1
1
1
1
1
1
1
1
1
1
1
1
1
1
1
1
1
1
1
1
1
1
1
1
1
1
1
1
1
1
1
1
1
1
1
1
1
1
1
1
1
1
1
1
1
1
1
1
1
1
1
1
1
1
1
1
1
1
1
1
1
1
1
1
1
1
1
1
1
1
1
1
1
1
1
1
1
1
1
1
1
1
1
1
1
1
1
1
1
1
1
1
1
1
1
1
1
1
1
1
1
1
1
1
1
1
1
1
1
1
1
1
1
1
1
1
1
1
1
1
1
1
1
1
1
1
1
1
1
1
1
1
1
1
1
1
1
1
1
1
1
1
1
1
1
1
1
1
1
1
1
1
1
1
1
1
1
1
1
1
1
1
1
1
1
1
1
1
1
1
1
1
1
1
1
1
1
1
1
1
1
1
1
1
1
1
1
1
1
1
1
1
1
1
1
1
1
1
1
1
1
1
1
1
1
1
1
1
1
1
1
1
1
1
1
1
1
1
1
1
1
1
1
1
1
1
1
1
1
1
1
1
1
1
1
1
1
1
1
1
1
1
1
1
1
1
1
1
1
1
1
1
1
1
1
1
1
1
1
1
1
1
1
1
1
1
1
1
1
1
1
1
1
1
1
1
1
1
1
1
1
1
1
1
1
1
1
1
1
1
1
1
1
1
1
1
1
1
1
1
1
1
1
1
1
1
1
1
1
1
1
1
1
1
1
1
1
1
1
1
1
1
1
1
1
1
1
1
1
1
1
1
1
1
1
1
1
1
1
1
1
1
1
1
1
1
1
1
1
1
1
1
1
1
1
1
1
1
1
1
1
1
1
1
1
1
1
1
1
1
1
1
1
1
1
1
1
1
1
1
1
1
1
1
1
1
1
1
1
1
1
1
1
1
1
1
1
1
1
1
1
1
1
1
1
1
1
1
1
1
1
1
1
1
1
1
1
1
1
1
1
1
1
1
1
1
1
1
1
1
1
1
1
1
1
1
1
1
1
1
1
1
1
1
1
1
1
1
1
1
1
1
1
1
1
1
1
1
1
1
1
1
1
1
1
1
1
1
1
1
1
1
1
1
1
1
1
1
1
1
1
1
1
1
1
1
1
1
1
1
1
1
1
1
1
1
1
1
1
1
1
1
1
1
1
1
1
1
1
1
1
1
1
1
1
1
1
1
1
1
1
1
1
1
1
1
1
1
1
1
1
1
1
1
1
1
1
1
1
1
1
1
1
1
1
1
1
1
1
1
1
1
1
1
1
1
1
1
1
1
1
1
1
1
1
1
1
1
1
1
1
1
1
1
1
1
1
1
1
1
1
1
1
1
1
1
1
1
1
1
1
1
1
1
1
1
1
1
1
1
1
1
1
1
1
1
1
1
1
1
1
1
1
1
1
1
1
1
1
1
1
1
1
1
1
1
1
1
1
1
1
1
1
1
1
1
1
1
1
1
1
1
1
1
1
1
1
1
1
1
1
1
1
1
1
1
1
1
1
1
1
1
1
1
1
1
1
1
1
1
1
1
1
1
1
1
1
1
1
1
1
1
1
1
1
1
1
1
1
1
1
1
1
1
1
1
1
1
1
1
1
1
1
1
1
1
1
1
1
1
1
1
1
1
1
1
1
1
1
1
1
1
1
1
1
1
1
1
1
1
1
1
1
1
1
1
1
1
1
1
1
1
1
1
1
1
1
1
1
1
1
1
1
1
1
1
1
1
1
1
1
1
1
1
1
1
1
1
1
1
1
1
1
1
1
1
1
1
1
1
1
1
1
1
1
1
1
1
1
1
1
1
1
1
1
1
1
1
1
1
1
1
1
1
1
1
1
1
1
1
1
)
;

boundaryField
{
    sides
    {
        type            zeroGradient;
    }
    empty
    {
        type            empty;
    }
}


// ************************************************************************* //
