/*--------------------------------*- C++ -*----------------------------------*\
| =========                 |                                                 |
| \\      /  F ield         | OpenFOAM: The Open Source CFD Toolbox           |
|  \\    /   O peration     | Version:  v1812                                 |
|   \\  /    A nd           | Web:      www.OpenFOAM.com                      |
|    \\/     M anipulation  |                                                 |
\*---------------------------------------------------------------------------*/
FoamFile
{
    version     2.0;
    format      ascii;
    class       volScalarField;
    location    "1.8";
    object      rho;
}
// * * * * * * * * * * * * * * * * * * * * * * * * * * * * * * * * * * * * * //

dimensions      [1 -3 0 0 0 0 0];


internalField   nonuniform List<scalar> 
8000
(
3.857139545
3.857139545
3.857139545
3.857139545
3.857139545
3.857139545
3.857139545
3.857139545
3.857139545
3.857139545
3.857139545
3.857139545
3.857139545
3.857139545
3.857139545
3.857139545
3.857139545
3.857139545
3.857139545
3.857139545
3.857139545
3.857139545
3.857139545
3.857139545
3.857139545
3.857139545
3.857139545
3.857139545
3.857139545
3.857139545
3.857139545
3.857139545
3.857139545
3.857139545
3.857139545
3.857139545
3.857139545
3.857139545
3.857139545
3.857139545
3.857139545
3.857139545
3.857139545
3.857139545
3.857139545
3.857139545
3.857139545
3.857139545
3.857139545
3.857139545
3.857139545
3.857139545
3.857139545
3.857139545
3.857139545
3.857139545
3.857139545
3.857139545
3.857139545
3.857139545
3.857139545
3.857139545
3.857139545
3.857139545
3.857139545
3.857139545
3.857139545
3.857139545
3.857139545
3.857139545
3.857139545
3.857139545
3.857139545
3.857139545
3.857139545
3.857139545
3.857139545
3.857139545
3.857139545
3.857139545
3.857139545
3.857139545
3.857139545
3.857139545
3.857139545
3.857139545
3.857139545
3.857139545
3.857139545
3.857139545
3.857139545
3.857139545
3.857139545
3.857139545
3.857139545
3.857139545
3.857139545
3.857139545
3.857139545
3.857139545
3.857139545
3.857139545
3.857139545
3.857139545
3.857139545
3.857139545
3.857139545
3.857139545
3.857139545
3.857139545
3.857139545
3.857139545
3.857139545
3.857139545
3.857139545
3.857139545
3.857139545
3.857139545
3.857139545
3.857139545
3.857139545
3.857139545
3.857139545
3.857139545
3.857139545
3.857139545
3.857139545
3.857139545
3.857139545
3.857139545
3.857139545
3.857139545
3.857139545
3.857139545
3.857139545
3.857139545
3.857139545
3.857139545
3.857139545
3.857139545
3.857139545
3.857139545
3.857139545
3.857139545
3.857139545
3.857139545
3.857139545
3.857139545
3.857139545
3.857139545
3.857139545
3.857139545
3.857139545
3.857139545
3.857139545
3.857139545
3.857139545
3.857139545
3.857139545
3.857139545
3.857139545
3.857139545
3.857139545
3.857139545
3.857139545
3.857139545
3.857139545
3.857139545
3.857139545
3.857139545
3.857139545
3.857139545
3.857139545
3.857139545
3.857139545
3.857139545
3.857139545
3.857139545
3.857139545
3.857139545
3.857139545
3.857139545
3.857139545
3.857139545
3.857139545
3.857139545
3.857139545
3.857139545
3.857139545
3.857139545
3.857139545
3.857139545
3.857139545
3.857139545
3.857139545
3.857139545
3.857139545
3.857139545
3.857139545
3.857139545
3.857139545
3.857139545
3.857139545
3.857139545
3.857139545
3.857139545
3.857139545
3.857139545
3.857139545
3.857139545
3.857139545
3.857139545
3.857139545
3.857139545
3.857139545
3.857139545
3.857139545
3.857139545
3.857139545
3.857139545
3.857139545
3.857139545
3.857139545
3.857139545
3.857139545
3.857139545
3.857139545
3.857139545
3.857139545
3.857139545
3.857139545
3.857139545
3.857139545
3.857139545
3.857139545
3.857139545
3.857139545
3.857139545
3.857139545
3.857139545
3.857139545
3.857139545
3.857139545
3.857139545
3.857139545
3.857139545
3.857139545
3.857139545
3.857139545
3.857139545
3.857139545
3.857139545
3.857139545
3.857139545
3.857139545
3.857139545
3.857139545
3.857139545
3.857139545
3.857139545
3.857139545
3.857139545
3.857139545
3.857139545
3.857139545
3.857139545
3.857139545
3.857139545
3.857139545
3.857139545
3.857139545
3.857139545
3.857139545
3.857139545
3.857139545
3.857139545
3.857139545
3.857139545
3.857139545
3.857139545
3.857139545
3.857139545
3.857139545
3.857139545
3.857139545
3.857139545
3.857139545
3.857139545
3.857139545
3.857139545
3.857139545
3.857139545
3.857139545
3.857139545
3.857139545
3.857139545
3.857139545
3.857139545
3.857139545
3.857139545
3.857139545
3.857139545
3.857139545
3.857139545
3.857139545
3.857139545
3.857139545
3.857139545
3.857139545
3.857139545
3.857139545
3.857139545
3.857139545
3.857139545
3.857139545
3.857139545
3.857139545
3.857139545
3.857139545
3.857139545
3.857139545
3.857139545
3.857139545
3.857139545
3.857139545
3.857139545
3.857139545
3.857139545
3.857139545
3.857139545
3.857139545
3.857139545
3.857139545
3.857139545
3.857139545
3.857139545
3.857139545
3.857139545
3.857139545
3.857139545
3.857139545
3.857139545
3.857139545
3.857139545
3.857139545
3.857139545
3.857139545
3.857139545
3.857139545
3.857139545
3.857139545
3.857139545
3.857139545
3.857139545
3.857139545
3.857139545
3.857139545
3.857139545
3.857139545
3.857139545
3.857139545
3.857139545
3.857139545
3.857139545
3.857139545
3.857139545
3.857139545
3.857139545
3.857139545
3.857139545
3.857139545
3.857139545
3.857139545
3.857139545
3.857139545
3.857139545
3.857139545
3.857139545
3.857139545
3.857139545
3.857139545
3.857139545
3.857139545
3.857139545
3.857139545
3.857139545
3.857139545
3.857139545
3.857139545
3.857139545
3.857139545
3.857139545
3.857139545
3.857139545
3.857139545
3.857139545
3.857139545
3.857139545
3.857139545
3.857139545
3.857139545
3.857139545
3.857139545
3.857139545
3.857139545
3.857139545
3.857139545
3.857139545
3.857139545
3.857139545
3.857139545
3.857139545
3.857139545
3.857139545
3.857139545
3.857139545
3.857139545
3.857139545
3.857139545
3.857139545
3.857139545
3.857139545
3.857139545
3.857139545
3.857139545
3.857139545
3.857139545
3.857139545
3.857139545
3.857139545
3.857139545
3.857139545
3.857139545
3.857139545
3.857139545
3.857139545
3.857139545
3.857139545
3.857139545
3.857139545
3.857139545
3.857139545
3.857139545
3.857139545
3.857139545
3.857139545
3.857139545
3.857139545
3.857139545
3.857139545
3.857139545
3.857139545
3.857139545
3.857139545
3.857139545
3.857139545
3.857139545
3.857139545
3.857139545
3.857139545
3.857139545
3.857139545
3.857139545
3.857139545
3.857139545
3.857139545
3.857139545
3.857139545
3.857139545
3.857139545
3.857139545
3.857139545
3.857139545
3.857139545
3.857139545
3.857139545
3.857139545
3.857139545
3.857139545
3.857139545
3.857139545
3.857139545
3.857139545
3.857139545
3.857139545
3.857139545
3.857139545
3.857139545
3.857139545
3.857139545
3.857139545
3.857139545
3.857139545
3.857139545
3.857139545
3.857139545
3.857139545
3.857139545
3.857139545
3.857139545
3.857139545
3.857139545
3.857139545
3.857139545
3.857139545
3.857139545
3.857139545
3.857139545
3.857139545
3.857139545
3.857139545
3.857139545
3.857139545
3.857139545
3.857139545
3.857139545
3.857139545
3.857139545
3.857139545
3.857139545
3.857139545
3.857139545
3.857139545
3.857139545
3.857139545
3.857139545
3.857139545
3.857139545
3.857139545
3.857139545
3.857139545
3.857139545
3.857139545
3.857139545
3.857139545
3.857139545
3.857139545
3.857139545
3.857139545
3.857139545
3.857139545
3.857139545
3.857139545
3.857139545
3.857139545
3.857139545
3.857139545
3.857139545
3.857139545
3.857139545
3.857139545
3.857139545
3.857139545
3.857139545
3.857139545
3.857139545
3.857139545
3.857139545
3.857139545
3.857139545
3.857139545
3.857139545
3.857139545
3.857139545
3.857139545
3.857139545
3.857139545
3.857139545
3.857139545
3.857139545
3.857139545
3.857139545
3.857139545
3.857139545
3.857139545
3.857139545
3.857139545
3.857139545
3.857139545
3.857139545
3.857139545
3.857139545
3.857139545
3.857139545
3.857139545
3.857139545
3.857139545
3.857139545
3.857139545
3.857139545
3.857139545
3.857139545
3.857139545
3.857139545
3.857139545
3.857139545
3.857139545
3.857139545
3.857139545
3.857139545
3.857139545
3.857139545
3.857139545
3.857139545
3.857139545
3.857139545
3.857139545
3.857139545
3.857139545
3.857139545
3.857139545
3.857139545
3.857139545
3.857139545
3.857139545
3.857139545
3.857139545
3.857139545
3.857139545
3.857139545
3.857139545
3.857139545
3.857139545
3.857139545
3.857139545
3.857139545
3.857139545
3.857139545
3.857139545
3.857139545
3.857139545
3.857139545
3.857139545
3.857139545
3.857139545
3.857139545
3.857139545
3.857139545
3.857139545
3.857139545
3.857139545
3.857139545
3.857139545
3.857139545
3.857139545
3.857139545
3.857139545
3.857139545
3.857139545
3.857139545
3.857139545
3.857139545
3.857139545
3.857139545
3.857139545
3.857139545
3.857139545
3.857139545
3.857139545
3.857139545
3.857139545
3.857139545
3.857139545
3.857139545
3.857139545
3.857139545
3.857139545
3.857139545
3.857139545
3.857139545
3.857139545
3.857139545
3.857139545
3.857139545
3.857139545
3.857139545
3.857139545
3.857139545
3.857139545
3.857139545
3.857139545
3.857139545
3.857139545
3.857139545
3.857139545
3.857139545
3.857139545
3.857139545
3.857139545
3.857139545
3.857139545
3.857139545
3.857139545
3.857139545
3.857139545
3.857139545
3.857139545
3.857139545
3.857139545
3.857139545
3.857139545
3.857139545
3.857139545
3.857139545
3.857139545
3.857139545
3.857139545
3.857139545
3.857139545
3.857139545
3.857139545
3.857139545
3.857139545
3.857139545
3.857139545
3.857139545
3.857139545
3.857139545
3.857139545
3.857139545
3.857139545
3.857139545
3.857139545
3.857139545
3.857139545
3.857139545
3.857139545
3.857139545
3.857139545
3.857139545
3.857139545
3.857139545
3.857139545
3.857139545
3.857139545
3.857139545
3.857139545
3.857139545
3.857139545
3.857139545
3.857139545
3.857139545
3.857139545
3.857139545
3.857139545
3.857139545
3.857139545
3.857139545
3.857139545
3.857139545
3.857139545
3.857139545
3.857139545
3.857139545
3.857139545
3.857139545
3.857139545
3.857139545
3.857139545
3.857139545
3.857139545
3.857139545
3.857139545
3.857139545
3.857139545
3.857139545
3.857139545
3.857139545
3.857139545
3.857139545
3.857139545
3.857139545
3.857139545
3.857139545
3.857139545
3.857139545
3.857139545
3.857139545
3.857139545
3.857139545
3.857139545
3.857139545
3.857139545
3.857139545
3.857139545
3.857139545
3.857139545
3.857139545
3.857139545
3.857139545
3.857139545
3.857139545
3.857139545
3.857139545
3.857139545
3.857139545
3.857139545
3.857139545
3.857139545
3.857139545
3.857139545
3.857139545
3.857139545
3.857139545
3.857139545
3.857139545
3.857139545
3.857139545
3.857139545
3.857139545
3.857139545
3.857139545
3.857139545
3.857139545
3.857139545
3.857139545
3.857139545
3.857139545
3.857139545
3.857139545
3.857139545
3.857139545
3.857139545
3.857139545
3.857139545
3.857139545
3.857139545
3.857139545
3.857139545
3.857139545
3.857139545
3.857139545
3.857139545
3.857139545
3.857139545
3.857139545
3.857139545
3.857139545
3.857139545
3.857139545
3.857139545
3.857139545
3.857139545
3.857139545
3.857139545
3.857139545
3.857139545
3.857139545
3.857139545
3.857139545
3.857139545
3.857139545
3.857139545
3.857139545
3.857139545
3.857139545
3.857139545
3.857139545
3.857139545
3.857139545
3.857139545
3.857139545
3.857139545
3.857139545
3.857139545
3.857139545
3.857139545
3.857139545
3.857139545
3.857139545
3.857139545
3.857139545
3.857139545
3.857139545
3.857139545
3.857139545
3.857139545
3.857139545
3.857139545
3.857139545
3.857139545
3.857139545
3.857139545
3.857139545
3.857139545
3.857139545
3.857139545
3.857139545
3.857139545
3.857139545
3.857139545
3.857139545
3.857139545
3.857139545
3.857139545
3.857139545
3.857139545
3.857139545
3.857139545
3.857139545
3.857139545
3.857139545
3.857139545
3.857139545
3.857139545
3.857139545
3.857139545
3.857139545
3.857139545
3.857139545
3.857139545
3.857139545
3.857139545
3.857139545
3.857139545
3.857139545
3.857139545
3.857139545
3.857139545
3.857139545
3.857139545
3.857139545
3.857139545
3.857139545
3.857139545
3.857139545
3.857139545
3.857139545
3.857139545
3.857139545
3.857139545
3.857139545
3.857139545
3.857139545
3.857139545
3.857139545
3.857139545
3.857139545
3.857139545
3.857139545
3.857139545
3.857139545
3.857139545
3.857139545
3.857139545
3.857139545
3.857139545
3.857139545
3.857139545
3.857139545
3.857139545
3.857139545
3.857139545
3.857139545
3.857139545
3.857139545
3.857139545
3.857139545
3.857139545
3.857139545
3.857139545
3.857139545
3.857139545
3.857139545
3.857139545
3.857139545
3.857139545
3.857139545
3.857139545
3.857139545
3.857139545
3.857139545
3.857139545
3.857139545
3.857139545
3.857139545
3.857139545
3.857139545
3.857139545
3.857139545
3.857139545
3.857139545
3.857139545
3.857139545
3.857139545
3.857139545
3.857139545
3.857139545
3.857139545
3.857139545
3.857139545
3.857139545
3.857139545
3.857139545
3.857139545
3.857139545
3.857139545
3.857139545
3.857139545
3.857139545
3.857139545
3.857139545
3.857139545
3.857139545
3.857139545
3.857139545
3.857139545
3.857139545
3.857139545
3.857139545
3.857139545
3.857139545
3.857139545
3.857139545
3.857139545
3.857139545
3.857139545
3.857139545
3.857139545
3.857139545
3.857139545
3.857139545
3.857139545
3.857139545
3.857139545
3.857139545
3.857139545
3.857139545
3.857139545
3.857139545
3.857139545
3.857139545
3.857139545
3.857139545
3.857139545
3.857139545
3.857139545
3.857139545
3.857139545
3.857139545
3.857139545
3.857139545
3.857139545
3.857139545
3.857139545
3.857139545
3.857139545
3.857139545
3.857139545
3.857139545
3.857139545
3.857139545
3.857139545
3.857139545
3.857139545
3.857139545
3.857139545
3.857139545
3.857139545
3.857139545
3.857139545
3.857139545
3.857139545
3.857139545
3.857139545
3.857139545
3.857139545
3.857139545
3.857139545
3.857139545
3.857139545
3.857139545
3.857139545
3.857139545
3.857139545
3.857139545
3.857139545
3.857139545
3.857139545
3.857139545
3.857139545
3.857139545
3.857139545
3.857139545
3.857139545
3.857139545
3.857139545
3.857139545
3.857139545
3.857139545
3.857139545
3.857139545
3.857139545
3.857139545
3.857139545
3.857139545
3.857139545
3.857139545
3.857139545
3.857139545
3.857139545
3.857139545
3.857139545
3.857139545
3.857139545
3.857139545
3.857139545
3.857139545
3.857139545
3.857139545
3.857139545
3.857139545
3.857139545
3.857139545
3.857139545
3.857139545
3.857139545
3.857139545
3.857139545
3.857139545
3.857139545
3.857139545
3.857139545
3.857139545
3.857139545
3.857139545
3.857139545
3.857139545
3.857139545
3.857139545
3.857139545
3.857139545
3.857139545
3.857139545
3.857139545
3.857139545
3.857139545
3.857139545
3.857139545
3.857139545
3.857139545
3.857139545
3.857139545
3.857139545
3.857139545
3.857139545
3.857139545
3.857139545
3.857139545
3.857139545
3.857139545
3.857139545
3.857139545
3.857139545
3.857139545
3.857139545
3.857139545
3.857139545
3.857139545
3.857139545
3.857139545
3.857139545
3.857139545
3.857139545
3.857139545
3.857139545
3.857139545
3.857139545
3.857139545
3.857139545
3.857139545
3.857139545
3.857139545
3.857139545
3.857139545
3.857139545
3.857139545
3.857139545
3.857139545
3.857139545
3.857139545
3.857139545
3.857139545
3.857139545
3.857139545
3.857139545
3.857139545
3.857139545
3.857139545
3.857139545
3.857139545
3.857139545
3.857139545
3.857139545
3.857139545
3.857139545
3.857139545
3.857139545
3.857139545
3.857139545
3.857139545
3.857139545
3.857139545
3.857139545
3.857139545
3.857139545
3.857139545
3.857139545
3.857139545
3.857139545
3.857139545
3.857139545
3.857139545
3.857139545
3.857139545
3.857139545
3.857139545
3.857139545
3.857139545
3.857139545
3.857139545
3.857139545
3.857139545
3.857139545
3.857139545
3.857139545
3.857139545
3.857139545
3.857139545
3.857139545
3.857139545
3.857139545
3.857139545
3.857139545
3.857139545
3.857139545
3.857139545
3.857139545
3.857139545
3.857139545
3.857139545
3.857139545
3.857139545
3.857139545
3.857139545
3.857139545
3.857139545
3.857139545
3.857139545
3.857139545
3.857139545
3.857139545
3.857139545
3.857139545
3.857139545
3.857139545
3.857139545
3.857139545
3.857139545
3.857139545
3.857139545
3.857139545
3.857139545
3.857139545
3.857139545
3.857139545
3.857139545
3.857139545
3.857139545
3.857139545
3.857139545
3.857139545
3.857139545
3.857139545
3.857139545
3.857139545
3.857139545
3.857139545
3.857139545
3.857139545
3.857139545
3.857139545
3.857139545
3.857139545
3.857139545
3.857139545
3.857139545
3.857139545
3.857139545
3.857139545
3.857139545
3.857139545
3.857139545
3.857139545
3.857139545
3.857139545
3.857139545
3.857139545
3.857139545
3.857139545
3.857139545
3.857139545
3.857139545
3.857139545
3.857139545
3.857139545
3.857139545
3.857139545
3.857139545
3.857139545
3.857139545
3.857139545
3.857139545
3.857139545
3.857139545
3.857139545
3.857139545
3.857139545
3.857139545
3.857139545
3.857139545
3.857139545
3.857139545
3.857139545
3.857139545
3.857139545
3.857139545
3.857139545
3.857139545
3.857139545
3.857139545
3.857139545
3.857139545
3.857139545
3.857139545
3.857139545
3.857139545
3.857139545
3.857139545
3.857139545
3.857139545
3.857139545
3.857139545
3.857139545
3.857139545
3.857139545
3.857139545
3.857139545
3.857139545
3.857139545
3.857139545
3.857139545
3.857139545
3.857139545
3.857139545
3.857139545
3.857139545
3.857139545
3.857139545
3.857139545
3.857139545
3.857139545
3.857139545
3.857139545
3.857139545
3.857139545
3.857139545
3.857139545
3.857139545
3.857139545
3.857139545
3.857139545
3.857139545
3.857139545
3.857139545
3.857139545
3.857139545
3.857139545
3.857139545
3.857139545
3.857139545
3.857139545
3.857139545
3.857139545
3.857139545
3.857139545
3.857139545
3.857139545
3.857139545
3.857139545
3.857139545
3.857139545
3.857139545
3.857139545
3.857139545
3.857139545
3.857139545
3.857139545
3.857139545
3.857139545
3.857139545
3.857139545
3.857139545
3.857139545
3.857139545
3.857139545
3.857139545
3.857139545
3.857139545
3.857139545
3.857139545
3.857139545
3.857139545
3.857139545
3.857139545
3.857139545
3.857139545
3.857139545
3.857139545
3.857139545
3.857139545
3.857139545
3.857139545
3.857139545
3.857139545
3.857139545
3.857139545
3.857139545
3.857139545
3.857139545
3.857139545
3.857139545
3.857139545
3.857139545
3.857139545
3.857139545
3.857139545
3.857139545
3.857139545
3.857139545
3.857139545
3.857139545
3.857139545
3.857139545
3.857139545
3.857139545
3.857139545
3.857139545
3.857139545
3.857139545
3.857139545
3.857139545
3.857139545
3.857139545
3.857139545
3.857139545
3.857139545
3.857139545
3.857139545
3.857139545
3.857139545
3.857139545
3.857139545
3.857139545
3.857139545
3.857139545
3.857139545
3.857139545
3.857139545
3.857139545
3.857139545
3.857139545
3.857139545
3.857139545
3.857139545
3.857139545
3.857139545
3.857139545
3.857139545
3.857139545
3.857139545
3.857139545
3.857139545
3.857139545
3.857139545
3.857139545
3.857139545
3.857139545
3.857139545
3.857139545
3.857139545
3.857139545
3.857139545
3.857139545
3.857139545
3.857139545
3.857139545
3.857139545
3.857139545
3.857139545
3.857139545
3.857139545
3.857139545
3.857139545
3.857139545
3.857139545
3.857139545
3.857139545
3.857139545
3.857139545
3.857139545
3.857139545
3.857139545
3.857139545
3.857139545
3.857139545
3.857139545
3.857139545
3.857139545
3.857139545
3.857139545
3.857139545
3.857139545
3.857139545
3.857139545
3.857139545
3.857139545
3.857139545
3.857139545
3.857139545
3.857139545
3.857139545
3.857139545
3.857139545
3.857139545
3.857139545
3.857139545
3.857139545
3.857139545
3.857139545
3.857139545
3.857139545
3.857139545
3.857139545
3.857139545
3.857139545
3.857139545
3.857139545
3.857139545
3.857139545
3.857139545
3.857139545
3.857139545
3.857139545
3.857139545
3.857139545
3.857139545
3.857139545
3.857139545
3.857139545
3.857139545
3.857139545
3.857139545
3.857139545
3.857139545
3.857139545
3.857139545
3.857139545
3.857139545
3.857139545
3.857139545
3.857139545
3.857139545
3.857139545
3.857139545
3.857139545
3.857139545
3.857139545
3.857139545
3.857139545
3.857139545
3.857139545
3.857139545
3.857139545
3.857139545
3.857139545
3.857139545
3.857139545
3.857139545
3.857139545
3.857139545
3.857139545
3.857139545
3.857139545
3.857139545
3.857139545
3.857139545
3.857139545
3.857139545
3.857139545
3.857139545
3.857139545
3.857139545
3.857139545
3.857139545
3.857139545
3.857139545
3.857139545
3.857139545
3.857139545
3.857139545
3.857139545
3.857139545
3.857139545
3.857139545
3.857139545
3.857139545
3.857139545
3.857139545
3.857139545
3.857139545
3.857139545
3.857139545
3.857139545
3.857139545
3.857139545
3.857139545
3.857139545
3.857139545
3.857139545
3.857139545
3.857139545
3.857139545
3.857139545
3.857139545
3.857139545
3.857139545
3.857139545
3.857139545
3.857139545
3.857139545
3.857139545
3.857139545
3.857139545
3.857139545
3.857139545
3.857139545
3.857139545
3.857139545
3.857139545
3.857139545
3.857139545
3.857139545
3.857139545
3.857139545
3.857139545
3.857139545
3.857139545
3.857139545
3.857139545
3.857139545
3.857139545
3.857139545
3.857139545
3.857139545
3.857139545
3.857139545
3.857139545
3.857139545
3.857139545
3.857139545
3.857139545
3.857139545
3.857139545
3.857139545
3.857139545
3.857139545
3.857139545
3.857139545
3.857139545
3.857139545
3.857139545
3.857139545
3.857139545
3.857139545
3.857139545
3.857139545
3.857139545
3.857139545
3.857139545
3.857139545
3.857139545
3.857139545
3.857139545
3.857139545
3.857139545
3.857139545
3.857139545
3.857139545
3.857139545
3.857139545
3.857139545
3.857139545
3.857139545
3.857139545
3.857139545
3.857139545
3.857139545
3.857139545
3.857139545
3.857139545
3.857139545
3.857139545
3.857139545
3.857139545
3.857139545
3.857139545
3.857139545
3.857139545
3.857139545
3.857139545
3.857139545
3.857139545
3.857139544
3.857139544
3.857139544
3.857139544
3.857139544
3.857139544
3.857139544
3.857139543
3.857139542
3.857139541
3.85713954
3.857139538
3.857139535
3.857139532
3.857139526
3.857139519
3.857139508
3.857139493
3.857139473
3.857139444
3.857139405
3.857139352
3.857139279
3.857139179
3.857139045
3.857138864
3.85713862
3.857138294
3.85713786
3.857137285
3.857136526
3.857135528
3.857134222
3.857132521
3.857130317
3.857127474
3.857123824
3.857119162
3.857113236
3.857105742
3.857096314
3.857084516
3.857069832
3.857051655
3.85702928
3.857001893
3.856968565
3.856928242
3.856879749
3.856821782
3.856752911
3.856671594
3.856576182
3.856464938
3.856336058
3.8561877
3.856018011
3.855825164
3.855607392
3.855363027
3.855090533
3.854788542
3.854455883
3.854091606
3.853695001
3.853265605
3.852803209
3.852307852
3.851779809
3.851219578
3.850627853
3.850005503
3.849353544
3.84867311
3.847965425
3.847231776
3.846473493
3.845691919
3.844888397
3.844064252
3.843220777
3.842359223
3.841480789
3.840586619
3.8396778
3.838755354
3.837820244
3.836873368
3.835915568
3.834947625
3.833970266
3.832984164
3.831989943
3.830988182
3.829979415
3.828964133
3.827942795
3.826915821
3.8258836
3.824846492
3.823804828
3.822758918
3.821709043
3.820655469
3.819598438
3.818538176
3.817474894
3.816408784
3.815340028
3.814268795
3.813195239
3.812119506
3.811041733
3.809962046
3.808880562
3.807797392
3.80671264
3.805626402
3.804538769
3.803449826
3.802359653
3.801268324
3.80017591
3.799082478
3.797988091
3.796892807
3.795796681
3.794699768
3.793602116
3.792503773
3.791404783
3.790305189
3.789205032
3.788104349
3.787003177
3.78590155
3.784799503
3.783697065
3.782594269
3.781491141
3.780387711
3.779284004
3.778180046
3.777075861
3.775971474
3.774866906
3.773762179
3.772657316
3.771552335
3.770447257
3.769342102
3.768236888
3.767131632
3.766026354
3.76492107
3.763815797
3.762710552
3.761605352
3.760500213
3.75939515
3.758290179
3.757185316
3.756080577
3.754975977
3.753871532
3.752767254
3.751663149
3.75055924
3.749455631
3.748352806
3.747251627
3.746148795
3.745023644
3.743793782
3.742371887
3.741449695
3.741467183
3.742224235
3.745685541
3.757055488
3.78978181
3.87257286
4.019268002
4.120541763
4.13134958
4.13280447
4.133955451
4.13499685
4.135775053
4.136204188
4.136317477
4.136287662
4.136181876
4.136140772
4.136197478
4.136414503
4.136780938
4.13718877
4.137537767
4.137766222
4.137842793
4.137834133
4.137768229
4.137675665
4.137629814
4.137636837
4.137692819
4.137776602
4.13788069
4.137940613
4.137917638
4.137870154
4.137799781
4.137719269
4.137642551
4.137574117
4.137509626
4.137446225
4.137379063
4.137303291
4.137212853
4.137101921
4.136968063
4.1368136
4.136644759
4.136469436
4.136294374
4.136122685
4.135952984
4.135780682
4.135600373
4.135408061
4.135202383
4.134984578
4.134757504
4.134524278
4.134287189
4.134047214
4.133804132
4.133556988
4.133304644
4.133046238
4.132781394
4.132510205
4.132233018
4.131950198
4.131661945
4.131368228
4.13106885
4.130763589
4.130452334
4.130135181
4.129812451
4.129484625
4.129152219
4.128815655
4.128475177
4.128130826
4.127782493
4.127430012
4.127073245
4.126712138
4.126346725
4.12597709
4.125603303
4.125225369
4.124843205
4.124456681
4.124065676
4.123670159
4.12327024
4.122866182
4.122458354
4.12204715
4.12163289
4.121215732
4.120795627
4.120372326
4.119945455
4.119514613
4.119079493
4.118639965
4.118196114
4.117748226
4.117296713
4.116842023
4.116384542
4.115924524
4.115462067
4.11499713
4.114529588
4.114059307
4.113586213
4.113110328
4.112631775
4.112150742
4.111667423
4.111181949
4.110694341
4.110204486
4.109712155
4.10921705
4.10871888
4.108217426
4.107712599
4.107204464
4.106693223
4.106179171
4.105662628
4.105143875
4.104623098
4.10410036
4.103575602
4.103048672
4.102519376
4.101987526
4.101452996
4.100915739
4.1003758
4.099833298
4.099288394
4.098741256
4.098192024
4.097640794
4.097087606
4.096532459
4.095975323
4.095416165
4.094854969
4.094291745
4.09372653
4.093159382
4.092590362
4.09201952
4.091446881
4.090872442
4.090296167
4.089718005
4.0891379
4.088555807
4.087971702
4.087385592
4.086797511
4.086207513
4.08561566
4.085022014
4.084426619
4.083829504
4.083230674
4.082630122
4.082027833
4.081423796
4.080818007
4.080210481
4.079601249
4.078990352
4.078377841
4.077763765
4.077148167
4.076531075
4.075912507
4.075292464
4.074670942
4.074047926
4.073423406
4.072797372
4.072169817
4.071540742
4.070910149
4.070278045
4.069644435
4.069009325
4.068372723
4.067734638
4.067095083
4.066454076
4.065811644
4.065167817
4.064522632
4.063876125
4.063228333
4.062579285
4.061929003
4.0612775
4.060624779
4.059970833
4.059315652
4.058659221
4.058001526
4.057342557
4.056682308
4.056020779
4.055357974
4.054693904
4.054028584
4.05336203
4.052694262
4.052025302
4.051355171
4.05068389
4.050011481
4.049337965
4.04866336
4.047987682
4.047310942
4.046633147
4.045954299
4.045274394
4.044593426
4.043911384
4.043228256
4.04254403
4.041858697
4.041172249
4.040484685
4.039796005
4.039106216
4.038415328
4.037723356
4.037030316
4.036336228
4.035641113
4.034944991
4.034247886
4.033549817
4.032850806
4.032150869
4.031450024
4.030748282
4.030045653
4.029342143
4.028637755
4.027932487
4.027226337
4.0265193
4.025811371
4.025102545
4.024392818
4.023682189
4.022970659
4.022258232
4.021544916
4.020830719
4.020115655
4.019399738
4.018682982
4.017965406
4.017247024
4.016527852
4.015807904
4.015087193
4.014365728
4.013643517
4.012920564
4.012196871
4.011472438
4.01074726
4.010021334
4.009294655
4.008567217
4.007839015
4.007110046
4.006380309
4.005649804
4.004918535
4.004186506
4.003453727
4.002720207
4.001985959
4.001250995
4.000515329
3.999778976
3.999041949
3.99830426
3.997565922
3.996826944
3.996087334
3.995347097
3.994606238
3.993864758
3.993122658
3.992379936
3.991636591
3.990892621
3.990148023
3.989402796
3.988656939
3.987910453
3.98716334
3.986415604
3.985667249
3.984918283
3.984168713
3.98341855
3.982667801
3.981916478
3.981164591
3.980412149
3.97965916
3.978905634
3.978151575
3.977396991
3.976641884
3.975886257
3.975130112
3.97437345
3.973616271
3.972858574
3.972100359
3.971341626
3.970582376
3.969822611
3.969062333
3.968301545
3.967540253
3.966778462
3.966016179
3.965253411
3.964490167
3.963726454
3.96296228
3.962197653
3.96143258
3.960667068
3.959901122
3.959134746
3.958367945
3.95760072
3.956833076
3.956065012
3.95529653
3.954527632
3.953758319
3.952988593
3.952218457
3.951447913
3.950676967
3.949905623
3.949133887
3.948361766
3.947589268
3.9468164
3.946043172
3.945269592
3.944495666
3.943721404
3.942946813
3.942171897
3.941396662
3.940621111
3.939845248
3.939069072
3.938292585
3.937515785
3.936738669
3.935961235
3.93518348
3.9344054
3.933626992
3.932848252
3.932069177
3.931289765
3.930510014
3.929729922
3.92894949
3.928168717
3.927387605
3.926606157
3.925824375
3.925042261
3.924259822
3.923477059
3.92269398
3.921910588
3.921126889
3.920342889
3.919558595
3.918774013
3.91798915
3.917204013
3.916418608
3.915632944
3.914847029
3.91406087
3.913274474
3.912487851
3.911701008
3.910913952
3.910126691
3.909339232
3.908551582
3.907763746
3.906975732
3.906187543
3.905399186
3.904610663
3.903821978
3.903033135
3.902244136
3.901454983
3.900665679
3.899876225
3.899086623
3.898296873
3.897506978
3.896716939
3.895926756
3.895136433
3.894345972
3.893555373
3.89276464
3.891973776
3.891182784
3.890391667
3.889600429
3.888809073
3.888017603
3.887226024
3.886434337
3.885642548
3.88485066
3.884058676
3.8832666
3.882474434
3.881682181
3.880889844
3.880097426
3.879304928
3.878512354
3.877719706
3.876926985
3.876134196
3.87534134
3.874548421
3.873755441
3.872962404
3.872169313
3.871376172
3.870582984
3.869789754
3.868996485
3.868203182
3.867409848
3.866616488
3.865823105
3.865029704
3.864236288
3.863442861
3.862649428
3.86185599
3.861062553
3.86026912
3.859475694
3.858682279
3.857888878
3.857095495
3.856302134
3.855508799
3.854715492
3.853922219
3.853128983
3.852335788
3.851542638
3.850749537
3.849956488
3.849163496
3.848370564
3.847577695
3.846784894
3.845992162
3.845199504
3.844406921
3.843614417
3.842821995
3.842029657
3.841237405
3.840445242
3.839653171
3.838861194
3.838069313
3.837277533
3.836485856
3.835694285
3.834902824
3.834111477
3.833320248
3.832529141
3.831738161
3.830947312
3.8301566
3.829366029
3.828575605
3.827785333
3.826995218
3.826205265
3.82541548
3.824625868
3.823836435
3.823047185
3.822258123
3.821469254
3.820680584
3.819892117
3.819103858
3.818315812
3.817527982
3.816740374
3.815952992
3.815165841
3.814378925
3.813592248
3.812805815
3.812019629
3.811233697
3.81044802
3.809662605
3.808877455
3.808092574
3.807307967
3.806523638
3.80573959
3.804955829
3.804172358
3.803389181
3.802606304
3.801823729
3.801041463
3.800259508
3.799477869
3.798696551
3.797915559
3.797134898
3.796354571
3.795574585
3.794794944
3.794015653
3.793236717
3.792458141
3.791679931
3.790902091
3.790124628
3.789347546
3.78857085
3.787794546
3.787018639
3.786243134
3.785468037
3.784693353
3.783919087
3.783145244
3.782371829
3.781598849
3.780826308
3.780054212
3.779282567
3.778511377
3.777740649
3.776970389
3.776200602
3.775431294
3.774662472
3.773894141
3.773126308
3.772358979
3.771592162
3.770825861
3.770060085
3.76929484
3.768530132
3.767765969
3.767002358
3.766239305
3.765476819
3.764714905
3.763953573
3.763192828
3.762432678
3.761673131
3.760914195
3.760155876
3.759398182
3.758641122
3.757884702
3.75712893
3.756373814
3.755619362
3.75486558
3.754112478
3.753360062
3.752608341
3.751857322
3.751107013
3.750357423
3.749608558
3.748860428
3.748113039
3.747366402
3.746620523
3.745875413
3.745131078
3.744387529
3.743644774
3.742902822
3.742161683
3.741421366
3.740681882
3.739943239
3.739205447
3.738468517
3.737732459
3.736997284
3.736263001
3.735529622
3.734797157
3.734065617
3.733335012
3.732605354
3.731876654
3.731148924
3.730422173
3.729696415
3.728971659
3.728247919
3.727525206
3.726803531
3.726082907
3.725363347
3.724644862
3.723927465
3.723211169
3.722495987
3.721781931
3.721069016
3.720357254
3.71964666
3.718937246
3.718229027
3.717522017
3.71681623
3.716111681
3.715408384
3.714706354
3.714005606
3.713306156
3.712608019
3.71191121
3.711215745
3.710521641
3.709828914
3.70913758
3.708447657
3.707759162
3.707072112
3.706386525
3.70570242
3.705019814
3.704338727
3.703659178
3.702981187
3.702304772
3.701629955
3.700956757
3.700285197
3.699615298
3.69894708
3.698280567
3.697615781
3.696952745
3.696291481
3.695632014
3.694974368
3.694318566
3.693664636
3.6930126
3.692362487
3.691714321
3.691068129
3.69042394
3.68978178
3.689141678
3.688503662
3.687867762
3.687234008
3.68660243
3.685973059
3.685345927
3.684721065
3.684098507
3.683478285
3.682860434
3.682244989
3.681631985
3.681021458
3.680413446
3.679807985
3.679205114
3.678604874
3.678007303
3.677412443
3.676820337
3.676231027
3.675644557
3.675060972
3.674480318
3.673902643
3.673327995
3.672756422
3.672187977
3.67162271
3.671060675
3.670501926
3.669946519
3.669394511
3.668845962
3.66830093
3.667759479
3.667221671
3.666687572
3.666157248
3.665630769
3.665108203
3.664589625
3.664075108
3.663564729
3.663058566
3.662556701
3.662059216
3.661566196
3.661077731
3.660593909
3.660114826
3.659640575
3.659171257
3.658706973
3.658247828
3.657793931
3.657345393
3.656902329
3.656464858
3.656033104
3.655607193
3.655187255
3.654773427
3.654365848
3.653964663
3.65357002
3.653182075
3.652800988
3.652426922
3.652060051
3.651700551
3.651348605
3.651004405
3.65066815
3.650340044
3.650020303
3.649709151
3.649406822
3.649113561
3.648829624
3.648555282
3.648290817
3.648036528
3.647792726
3.647559739
3.647337906
3.64712758
3.646929121
3.646742892
3.646569277
3.646408675
3.646261616
3.646129422
3.64601432
3.645927227
3.645880468
3.645869887
3.645872664
3.645875311
3.645883596
3.645901736
3.645933785
3.645983362
3.646053489
3.646146678
3.646265146
3.646410949
3.646586057
3.646792382
3.647031796
3.647306777
3.647624696
3.648015644
3.648581055
3.649623696
3.652032104
3.658426907
3.676343297
3.725820405
3.845138322
4.016591023
4.092259196
4.09951452
4.100901547
4.102338494
4.10430956
4.106371137
4.108032298
4.109395339
4.110724612
4.112111742
4.113482709
4.11475166
4.115921963
4.117040455
4.118130624
4.119183773
4.120185891
4.121137285
4.122047208
4.122921839
4.123761361
4.124564404
4.125331844
4.12606622
4.126769643
4.127443109
4.128087208
4.12870285
4.129291219
4.129853409
4.130390288
4.130902614
4.13139116
4.13185671
4.132300001
4.132721707
4.133122461
4.133502877
4.133863551
4.134205054
4.134527929
4.134832697
4.135119863
4.135389915
4.135643329
4.135880565
4.13610208
4.136308322
4.136499746
4.136676811
4.136840007
4.136989877
4.137126971
4.137252038
4.137364752
4.137464464
4.137542883
4.137584621
4.137607602
4.13761176
4.137613344
4.137613771
4.137612712
4.137609092
4.137601226
4.137587121
4.137564801
4.137532605
4.137489421
4.137434702
4.137368348
4.137290513
4.137201447
4.13710142
4.136990722
4.136869699
4.13673877
4.136598399
4.136449049
4.136291137
4.136125024
4.135951028
4.135769442
4.135580543
4.135384572
4.135181716
4.134972086
4.134755709
4.134532551
4.134302533
4.134065565
4.13382157
4.133570497
4.133312334
4.13304711
4.132774891
4.132495782
4.132209916
4.131917446
4.131618536
4.131313346
4.131002031
4.130684726
4.130361551
4.130032606
4.129697979
4.129357745
4.12901197
4.128660719
4.128304052
4.127942032
4.127574719
4.127202173
4.126824452
4.12644161
4.1260537
4.125660771
4.12526287
4.124860044
4.124452336
4.124039795
4.123622467
4.123200405
4.122773659
4.122342284
4.121906334
4.121465866
4.121020932
4.120571588
4.120117884
4.119659871
4.119197597
4.11873111
4.118260453
4.117785673
4.117306813
4.116823916
4.116337024
4.115846181
4.115351427
4.114852804
4.114350352
4.11384411
4.113334115
4.112820403
4.112303009
4.111781966
4.111257306
4.110729059
4.110197256
4.109661927
4.109123101
4.108580809
4.108035082
4.107485949
4.106933443
4.106377595
4.105818437
4.105256001
4.104690317
4.104121417
4.10354933
4.102974087
4.102395717
4.101814246
4.101229703
4.100642114
4.100051505
4.099457901
4.098861328
4.09826181
4.097659371
4.097054034
4.096445823
4.095834761
4.09522087
4.094604172
4.093984691
4.093362447
4.092737463
4.092109761
4.091479362
4.090846289
4.090210565
4.089572209
4.088931246
4.088287696
4.087641581
4.086992924
4.086341745
4.085688065
4.085031907
4.084373289
4.083712234
4.083048761
4.082382889
4.081714638
4.081044027
4.080371075
4.079695799
4.079018219
4.07833835
4.077656211
4.076971818
4.076285188
4.075596338
4.074905283
4.07421204
4.073516626
4.072819056
4.072119346
4.071417513
4.070713573
4.070007542
4.069299437
4.068589274
4.067877071
4.067162842
4.066446606
4.065728377
4.065008172
4.064286007
4.063561898
4.062835859
4.062107906
4.061378053
4.060646316
4.059912708
4.059177243
4.058439937
4.057700802
4.056959853
4.056217102
4.055472564
4.054726251
4.053978177
4.053228355
4.052476797
4.051723516
4.050968525
4.050211834
4.049453458
4.048693407
4.047931693
4.04716833
4.046403328
4.0456367
4.044868458
4.044098615
4.043327182
4.042554173
4.041779601
4.041003477
4.040225815
4.039446627
4.038665924
4.03788372
4.037100027
4.036314855
4.035528215
4.03474012
4.033950578
4.033159601
4.032367199
4.03157338
4.030778154
4.029981532
4.02918352
4.02838413
4.027583371
4.026781251
4.02597778
4.025172968
4.024366825
4.023559362
4.022750588
4.021940514
4.021129153
4.020316514
4.019502609
4.018687451
4.017871051
4.017053421
4.016234572
4.015414516
4.014593265
4.01377083
4.012947221
4.01212245
4.011296526
4.010469458
4.009641256
4.008811927
4.00798148
4.007149923
4.006317262
4.005483505
4.004648658
4.003812728
4.002975722
4.002137647
4.00129851
4.000458318
3.999617079
3.998774801
3.997931492
3.997087159
3.996241812
3.995395458
3.994548107
3.993699766
3.992850444
3.992000149
3.991148889
3.990296672
3.989443506
3.988589399
3.987734359
3.986878393
3.986021509
3.985163716
3.98430502
3.98344543
3.982584953
3.981723598
3.980861373
3.979998284
3.979134341
3.97826955
3.977403919
3.976537456
3.975670168
3.974802061
3.973933143
3.973063421
3.972192902
3.971321592
3.970449497
3.969576624
3.96870298
3.967828571
3.966953403
3.966077482
3.965200816
3.96432341
3.963445271
3.962566406
3.961686821
3.960806524
3.95992552
3.959043818
3.958161425
3.957278348
3.956394594
3.955510171
3.954625086
3.953739346
3.952852959
3.951965932
3.951078271
3.950189985
3.949301078
3.948411559
3.947521432
3.946630705
3.945739382
3.94484747
3.943954974
3.9430619
3.942168253
3.941274038
3.940379261
3.939483927
3.938588042
3.93769161
3.936794639
3.935897132
3.934999097
3.934100539
3.933201464
3.932301878
3.931401788
3.930501199
3.92960012
3.928698556
3.927796514
3.926894
3.925991022
3.925087586
3.924183699
3.923279366
3.922374595
3.921469392
3.920563762
3.919657712
3.918751248
3.917844374
3.916937097
3.916029422
3.915121353
3.914212895
3.913304054
3.912394833
3.911485239
3.910575274
3.909664945
3.908754255
3.907843209
3.906931812
3.90602007
3.905107986
3.904195566
3.903282816
3.90236974
3.901456345
3.900542636
3.899628619
3.8987143
3.897799685
3.89688478
3.895969593
3.895054129
3.894138394
3.893222397
3.892306143
3.891389639
3.890472893
3.88955591
3.888638698
3.887721263
3.886803611
3.88588575
3.884967685
3.884049423
3.883130969
3.88221233
3.88129351
3.880374517
3.879455354
3.878536027
3.877616542
3.876696905
3.875777119
3.874857191
3.873937126
3.87301693
3.872096608
3.871176167
3.870255612
3.869334951
3.868414189
3.867493333
3.866572391
3.865651368
3.864730274
3.863809113
3.862887895
3.861966626
3.861045314
3.860123965
3.859202588
3.858281188
3.857359773
3.85643835
3.855516925
3.854595504
3.853674093
3.852752699
3.851831326
3.85090998
3.849988667
3.849067391
3.848146159
3.847224973
3.846303841
3.845382767
3.844461756
3.843540814
3.842619947
3.841699162
3.840778465
3.839857863
3.838937364
3.838016975
3.837096707
3.836176567
3.835256564
3.83433671
3.833417013
3.832497485
3.831578135
3.830658975
3.829740014
3.828821263
3.827902732
3.826984431
3.826066371
3.825148559
3.824231005
3.823313718
3.822396705
3.821479973
3.820563531
3.819647384
3.818731538
3.817815999
3.816900774
3.815985866
3.815071282
3.814157027
3.813243105
3.812329523
3.811416284
3.810503395
3.809590862
3.80867869
3.807766887
3.806855458
3.805944411
3.805033755
3.804123496
3.803213645
3.802304209
3.801395199
3.800486625
3.799578497
3.798670825
3.797763622
3.796856898
3.795950665
3.795044935
3.794139719
3.793235031
3.79233088
3.791427281
3.790524243
3.789621779
3.7887199
3.787818617
3.78691794
3.786017881
3.785118449
3.784219655
3.783321507
3.782424016
3.781527191
3.780631041
3.779735575
3.778840802
3.777946731
3.777053371
3.776160731
3.77526882
3.774377647
3.773487223
3.772597555
3.771708656
3.770820535
3.769933202
3.769046668
3.768160945
3.767276045
3.766391978
3.765508758
3.764626397
3.763744908
3.762864305
3.7619846
3.761105808
3.760227943
3.759351018
3.758475049
3.757600049
3.756726033
3.755853016
3.754981012
3.754110036
3.753240101
3.752371223
3.751503415
3.750636693
3.749771069
3.748906559
3.748043176
3.747180936
3.746319851
3.745459938
3.744601211
3.743743685
3.742887376
3.742032298
3.741178469
3.740325903
3.739474619
3.738624632
3.73777596
3.736928621
3.736082631
3.735238008
3.734394771
3.733552937
3.732712525
3.731873553
3.731036039
3.730200003
3.729365461
3.728532435
3.727700942
3.726871002
3.726042635
3.72521586
3.724390699
3.723567171
3.722745297
3.7219251
3.721106601
3.720289823
3.719474788
3.71866152
3.717850042
3.717040379
3.716232554
3.715426594
3.714622523
3.713820367
3.713020151
3.712221903
3.711425649
3.710631416
3.70983923
3.709049121
3.708261116
3.707475244
3.706691534
3.705910014
3.705130715
3.704353666
3.703578899
3.702806445
3.702036334
3.701268599
3.700503273
3.699740388
3.698979978
3.698222077
3.697466719
3.69671394
3.695963775
3.69521626
3.694471433
3.693729331
3.692989993
3.692253456
3.691519762
3.69078895
3.690061062
3.689336139
3.688614225
3.687895363
3.687179598
3.686466975
3.685757541
3.685051343
3.68434843
3.68364885
3.682952654
3.682259893
3.68157062
3.680884888
3.68020275
3.679524263
3.678849484
3.678178468
3.677511276
3.676847967
3.676188602
3.675533244
3.674881956
3.674234804
3.673591854
3.672953175
3.672318835
3.671688907
3.671063463
3.670442579
3.669826332
3.6692148
3.668608064
3.668006208
3.667409316
3.666817477
3.666230779
3.665649315
3.665073178
3.664502466
3.663937276
3.663377711
3.662823874
3.662275872
3.661733812
3.661197807
3.66066797
3.660144419
3.659627273
3.659116657
3.658612695
3.658115519
3.657625262
3.65714206
3.656666055
3.656197392
3.655736221
3.655282694
3.654836968
3.654399206
3.653969573
3.653548239
3.653135377
3.652731167
3.652335791
3.651949434
3.651572291
3.651204557
3.650846435
3.650498137
3.65015988
3.649831892
3.649514413
3.649207698
3.648912015
3.648627652
3.64835492
3.648094149
3.647845699
3.647609952
3.647387319
3.647178238
3.646983173
3.646802623
3.646637125
3.646487388
3.646354469
3.64624104
3.64615385
3.646103687
3.64609048
3.646089229
3.646090762
3.646097501
3.646113824
3.646143701
3.646190424
3.646256564
3.646344165
3.646454917
3.646590299
3.646751694
3.646940451
3.647157929
3.647405518
3.64768465
3.647996795
3.648343457
3.648726173
3.649146507
3.64960606
3.650106484
3.650649505
3.651236956
3.651870808
3.652553222
3.653286585
3.654073556
3.654917112
3.655820587
3.656787713
3.657822662
3.658930094
3.660115198
3.661383773
3.662742302
3.664198052
3.665759205
3.667435026
3.669236075
3.671174471
3.673264237
3.675521738
3.677966253
3.68062073
3.683512806
3.68667619
3.690152601
3.693994511
3.6982691
3.703064049
3.708496062
3.714723359
3.721963525
3.730517523
3.740797898
3.75335107
3.768846472
3.787980019
3.811179185
3.838071296
3.866908897
3.894625132
3.918197499
3.936450062
3.950248484
3.961190425
3.970534294
3.978938242
3.986645949
3.993727715
4.000231392
4.006227632
4.011796028
4.017003031
4.021895735
4.026507565
4.030865478
4.034993559
4.038913452
4.042643931
4.046200955
4.049598202
4.052847645
4.055959902
4.058944426
4.061809622
4.064562996
4.067211288
4.069760599
4.072216484
4.074584018
4.076867857
4.079072269
4.081201179
4.08325819
4.085246621
4.087169536
4.089029775
4.090829983
4.092572633
4.094260044
4.095894393
4.097477722
4.099011946
4.100498858
4.10194014
4.103337373
4.104692045
4.10600556
4.107279247
4.108514367
4.109712113
4.110873621
4.11199997
4.113092185
4.114151242
4.115178071
4.116173561
4.117138558
4.118073873
4.118980279
4.119858519
4.120709303
4.121533319
4.122331226
4.123103662
4.123851243
4.124574562
4.125274191
4.125950676
4.12660454
4.127236281
4.12784637
4.128435258
4.129003375
4.129551135
4.130078941
4.130587185
4.131076253
4.131546525
4.131998369
4.132432143
4.13284819
4.133246829
4.133628358
4.133993053
4.134341169
4.134672944
4.134988614
4.135288416
4.135572605
4.135841457
4.136095282
4.136334422
4.136559254
4.136770179
4.136967619
4.137151998
4.137323733
4.137483216
4.137630794
4.137766753
4.137891294
4.138004397
4.138105789
4.138193478
4.138263163
4.138304654
4.138318331
4.138320659
4.138320484
4.138319309
4.138315747
4.138308014
4.13829424
4.138272742
4.138242169
4.138201499
4.138149991
4.138087139
4.138012644
4.137926385
4.13782841
4.137718916
4.137598243
4.137466861
4.137325336
4.137174289
4.13701434
4.136846039
4.136669812
4.136485928
4.136294491
4.13609546
4.135888692
4.135673996
4.135451182
4.135220102
4.134980677
4.134732899
4.134476827
4.134212557
4.133940209
4.133659906
4.13337176
4.133075878
4.132772367
4.132461338
4.132142913
4.131817229
4.131484429
4.131144655
4.130798041
4.130444699
4.13008472
4.129718172
4.129345103
4.128965547
4.128579532
4.128187083
4.12778823
4.127383003
4.126971441
4.126553584
4.126129478
4.125699169
4.125262709
4.124820152
4.124371557
4.12391699
4.123456518
4.122990215
4.122518151
4.122040398
4.121557018
4.12106807
4.120573604
4.120073662
4.119568285
4.119057509
4.118541369
4.118019905
4.117493159
4.116961173
4.116423996
4.115881674
4.115334255
4.114781786
4.114224313
4.113661879
4.113094529
4.112522305
4.111945248
4.111363401
4.110776804
4.110185499
4.109589524
4.108988917
4.108383714
4.10777395
4.107159657
4.106540868
4.105917613
4.105289924
4.104657834
4.104021376
4.103380583
4.102735489
4.102086129
4.101432538
4.10077475
4.100112797
4.099446714
4.098776531
4.09810228
4.097423993
4.0967417
4.096055433
4.095365222
4.094671098
4.093973091
4.093271232
4.092565549
4.091856072
4.091142829
4.090425847
4.089705152
4.08898077
4.088252728
4.087521049
4.086785759
4.086046883
4.085304448
4.084558479
4.083809004
4.083056048
4.082299638
4.081539802
4.080776563
4.080009947
4.079239978
4.078466678
4.077690071
4.076910177
4.076127021
4.075340625
4.074551012
4.073758208
4.072962238
4.072163127
4.071360902
4.070555587
4.069747208
4.068935788
4.068121349
4.067303913
4.066483498
4.065660124
4.064833807
4.064004566
4.063172417
4.06233738
4.061499473
4.060658717
4.059815132
4.05896874
4.058119562
4.057267621
4.056412936
4.055555528
4.054695415
4.053832615
4.052967144
4.052099021
4.051228261
4.050354884
4.049478908
4.048600353
4.047719239
4.046835586
4.045949417
4.04506075
4.044169608
4.043276008
4.042379973
4.041481519
4.040580667
4.039677434
4.03877184
4.0378639
4.036953631
4.036041047
4.035126163
4.03420899
4.033289539
4.032367822
4.031443849
4.030517633
4.029589187
4.028658526
4.027725667
4.026790627
4.025853426
4.024914082
4.023972614
4.023029041
4.02208338
4.021135651
4.020185869
4.019234052
4.018280217
4.017324382
4.016366566
4.015406785
4.014445057
4.013481399
4.012515826
4.011548351
4.010578986
4.009607744
4.008634633
4.007659663
4.006682845
4.005704188
4.004723707
4.003741415
4.002757328
4.001771463
4.000783839
3.999794474
3.998803388
3.997810596
3.996816114
3.995819955
3.994822131
3.993822653
3.992821529
3.99181877
3.990814386
3.989808392
3.988800799
3.987791626
3.986780887
3.985768601
3.984754785
3.983739453
3.982722621
3.981704301
3.980684506
3.979663247
3.978640537
3.977616386
3.976590807
3.975563814
3.97453542
3.973505639
3.972474482
3.971441962
3.970408091
3.969372879
3.968336336
3.967298473
3.966259301
3.965218831
3.964177074
3.963134045
3.962089756
3.961044221
3.959997454
3.958949469
3.957900279
3.956849899
3.955798343
3.954745623
3.953691755
3.952636752
3.951580628
3.950523396
3.94946507
3.948405662
3.947345184
3.946283649
3.945221067
3.944157451
3.943092811
3.942027159
3.940960504
3.939892858
3.938824232
3.937754636
3.93668408
3.935612576
3.934540135
3.933466767
3.932392485
3.931317299
3.930241222
3.929164267
3.928086445
3.927007771
3.925928257
3.924847916
3.923766763
3.922684809
3.92160207
3.920518559
3.919434287
3.91834927
3.91726352
3.91617705
3.915089873
3.914002003
3.912913452
3.911824232
3.910734358
3.909643841
3.908552693
3.907460926
3.906368553
3.905275584
3.904182031
3.903087905
3.901993217
3.900897978
3.899802198
3.898705889
3.897609062
3.896511727
3.895413898
3.894315584
3.893216799
3.892117554
3.891017861
3.889917733
3.888817181
3.887716219
3.886614858
3.885513111
3.884410992
3.883308512
3.882205684
3.881102523
3.87999904
3.878895249
3.877791164
3.876686796
3.87558216
3.874477268
3.873372133
3.872266769
3.871161189
3.870055407
3.868949437
3.867843292
3.866736987
3.865630536
3.864523953
3.863417252
3.862310446
3.86120355
3.860096575
3.858989533
3.857882436
3.856775295
3.855668118
3.854560916
3.853453697
3.85234647
3.851239245
3.85013203
3.849024836
3.847917676
3.84681056
3.845703503
3.84459652
3.843489626
3.842382841
3.841276181
3.840169667
3.839063319
3.837957158
3.836851207
3.835745485
3.834640015
3.833534818
3.832429912
3.831325317
3.830221051
3.829117129
3.828013565
3.826910373
3.825807564
3.824705151
3.823603142
3.822501549
3.82140038
3.820299646
3.819199355
3.818099519
3.817000149
3.815901257
3.814802854
3.813704956
3.812607576
3.811510732
3.810414439
3.809318716
3.80822358
3.807129052
3.806035149
3.804941892
3.803849299
3.802757391
3.801666188
3.800575708
3.799485972
3.798397
3.797308813
3.796221431
3.795134875
3.794049166
3.792964326
3.791880374
3.790797332
3.789715219
3.788634055
3.787553859
3.78647465
3.785396444
3.784319261
3.783243115
3.782168026
3.781094008
3.780021079
3.778949256
3.777878556
3.776808997
3.775740596
3.774673372
3.773607344
3.772542533
3.771478959
3.770416643
3.769355608
3.768295879
3.76723748
3.766180439
3.765124782
3.764070537
3.763017733
3.761966399
3.760916563
3.759868254
3.758821497
3.75777632
3.756732748
3.755690805
3.754650514
3.753611897
3.752574976
3.751539772
3.750506306
3.749474601
3.748444679
3.747416564
3.746390281
3.745365859
3.744343324
3.743322708
3.742304042
3.741287359
3.740272692
3.739260075
3.738249542
3.737241127
3.736234863
3.735230783
3.734228921
3.733229308
3.732231977
3.73123696
3.730244289
3.729253998
3.72826612
3.727280689
3.726297739
3.725317306
3.724339427
3.723364137
3.722391475
3.721421478
3.720454185
3.719489635
3.718527867
3.717568921
3.716612838
3.715659659
3.714709426
3.71376218
3.712817963
3.711876819
3.71093879
3.710003919
3.70907225
3.708143827
3.707218694
3.706296898
3.705378486
3.704463506
3.703552007
3.702644041
3.701739658
3.700838911
3.699941854
3.699048541
3.698159026
3.697273363
3.69639161
3.695513822
3.694640056
3.693770371
3.692904825
3.692043482
3.691186401
3.690333646
3.689485282
3.688641374
3.687801988
3.686967192
3.686137052
3.685311637
3.684491017
3.683675262
3.682864442
3.682058631
3.681257902
3.680462329
3.67967199
3.678886963
3.678107326
3.677333161
3.676564551
3.67580158
3.675044334
3.674292898
3.673547363
3.672807818
3.672074354
3.671347065
3.670626047
3.669911398
3.669203218
3.668501609
3.667806676
3.667118529
3.666437277
3.665763033
3.665095915
3.664436041
3.663783532
3.663138512
3.662501107
3.661871446
3.66124966
3.660635882
3.660030247
3.659432894
3.658843961
3.658263592
3.657691929
3.657129118
3.656575308
3.656030649
3.655495294
3.6549694
3.654453128
3.653946642
3.653450113
3.652963712
3.652487617
3.652022008
3.651567066
3.651122972
3.65068991
3.650268062
3.649857607
3.649458723
3.649071588
3.648696375
3.648333257
3.647982406
3.647643996
3.647318203
3.64700521
3.646705217
3.646418453
3.646145193
3.645885796
3.645640736
3.645410664
3.645196447
3.644999218
3.644820384
3.644661671
3.644525417
3.644415005
3.644337579
3.644298226
3.644288259
3.644288199
3.64428953
3.644295146
3.64430827
3.644331844
3.64436853
3.644420765
3.644490928
3.644581398
3.644694511
3.644832459
3.644997141
3.645190041
3.645412178
3.645664135
3.645946166
3.646258352
3.64660075
3.646973504
3.647376897
3.647811352
3.648277387
3.648775581
3.649306536
3.649870876
3.650469261
3.65110241
3.651771131
3.652476334
3.653219033
3.65400034
3.654821444
3.655683595
3.65658808
3.657536206
3.658529295
3.659568681
3.660655719
3.661791795
3.662978342
3.664216843
3.665508838
3.666855919
3.668259722
3.669721922
3.671244232
3.672828396
3.674476195
3.676189454
3.677970039
3.679819861
3.681740874
3.683735072
3.685804481
3.687951154
3.690177163
3.692484588
3.694875511
3.697352
3.699916101
3.702569824
3.70531512
3.708153873
3.711087871
3.714118789
3.717248162
3.72047736
3.723807561
3.727239721
3.730774541
3.734412438
3.738153507
3.741997491
3.745943743
3.749991196
3.75413833
3.758383149
3.762723154
3.76715533
3.771676138
3.776281516
3.780966893
3.785727202
3.790556915
3.79545007
3.800400321
3.805400981
3.810445093
3.815525494
3.820634901
3.825765987
3.830911464
3.836064151
3.841217029
3.846363293
3.851496381
3.856610007
3.86169819
3.866755285
3.871776029
3.876755579
3.88168955
3.886574038
3.891405619
3.896181326
3.900898598
3.905555238
3.910149357
3.914679352
3.919143885
3.923541886
3.927872545
3.932135312
3.936329865
3.940456082
3.944514009
3.948503827
3.952425839
3.956280457
3.960068198
3.963789676
3.96744559
3.971036711
3.974563867
3.978027928
3.98142979
3.98477037
3.988050592
3.99127139
3.994433705
3.997538492
4.000586718
4.003579356
4.006517373
4.009401722
4.012233331
4.015013106
4.017741938
4.020420714
4.023050323
4.025631654
4.028165598
4.030653038
4.03309485
4.035491914
4.037845106
4.040155297
4.042423336
4.044650021
4.046836094
4.048982238
4.05108909
4.053157267
4.05518739
4.057180097
4.059136043
4.061055898
4.062940335
4.064790021
4.066605589
4.068387631
4.070136684
4.071853246
4.073537802
4.075190841
4.076812878
4.07840445
4.079966098
4.08149835
4.083001704
4.084476614
4.085923494
4.087342718
4.088734647
4.090099643
4.091438094
4.092750416
4.094037046
4.095298418
4.096534945
4.097746999
4.098934909
4.100098969
4.101239456
4.102356655
4.10345088
4.104522472
4.105571791
4.106599185
4.107604967
4.108589391
4.109552661
4.110494948
4.111416419
4.112317264
4.113197712
4.114058024
4.114898467
4.115719286
4.116520676
4.117302768
4.118065641
4.118809344
4.119533928
4.120239473
4.12092609
4.121593909
4.122243043
4.122873557
4.12348545
4.12407865
4.124653034
4.125208463
4.125744806
4.126261947
4.12675976
4.12723807
4.127696601
4.12813495
4.128552598
4.12894895
4.129323389
4.129675325
4.130004195
4.130309437
4.130590429
4.130846426
4.131076512
4.131279575
4.131454323
4.131599333
4.131713123
4.13179423
4.131841265
4.131852911
4.131827838
4.131764525
4.131661029
4.131514799
4.131322687
4.131081258
4.130787348
4.130438596
4.13003347
4.129570563
4.129047722
4.128463322
4.127819776
4.12712276
4.126354026
4.125484857
4.124526224
4.123460198
4.122317824
4.121098386
4.11978768
4.118390539
4.116901635
4.115314834
4.1136238
4.11182297
4.109908315
4.107876864
4.105725553
4.103450768
4.101048842
4.098516892
4.095853419
4.093058335
4.090132398
4.087076315
4.083890085
4.080573109
4.07712492
4.073546075
4.069838646
4.066005995
4.062052135
4.057981207
4.053797384
4.049505071
4.045109125
4.040615032
4.036029025
4.031358165
4.026610401
4.021794634
4.016920751
4.011999537
4.007042432
4.002061236
3.997067936
3.992074789
3.987094621
3.982141122
3.977228739
3.972372181
3.967586172
3.962885589
3.95828557
3.953801497
3.949448904
3.945243398
3.941200646
3.937336214
3.933664471
3.93020067
3.926958437
3.92395564
3.921201573
3.918728684
3.91653578
3.914748846
3.913592015
3.912762297
3.91216193
3.91168594
3.911415147
3.911460654
3.91185978
3.91263383
3.913796633
3.915354259
3.917309828
3.919665142
3.922421097
3.925578035
3.929135754
3.933093403
3.937449353
3.942201087
3.947345131
3.952877016
3.958791286
3.96508151
3.97174031
3.978759394
3.986129598
3.993840935
4.001882649
4.010243262
4.018910632
4.027872008
4.037114095
4.046623125
4.056384926
4.066384984
4.076608485
4.087040343
4.097665226
4.108467592
4.119431739
4.130541867
4.141782138
4.153136712
4.164589764
4.176125495
4.187728149
4.199382058
4.211071701
4.222781755
4.234497134
4.246202991
4.257884725
4.269527992
4.281118744
4.292643285
4.304088296
4.315440831
4.326688278
4.337818328
4.348818973
4.359678544
4.370385753
4.380929729
4.391300019
4.401486563
4.411479671
4.421269993
4.430848514
4.440206557
4.449335801
4.45822829
4.466876401
4.475272803
4.483410435
4.491282552
4.498882791
4.506205165
4.513243963
4.519993647
4.526448856
4.532604519
4.538455926
4.54399866
4.549228468
4.554141255
4.55873323
4.563001023
4.56694163
4.570552274
4.573830354
4.576773397
4.579379006
4.581644997
4.583569683
4.585151762
4.586390054
4.587282809
4.58782805
4.58802529
4.587872241
4.587356413
4.586422042
4.584991247
4.583186008
4.581209645
4.579095461
4.576757577
4.57405713
4.571083073
4.567742833
4.564026432
4.55996375
4.555549989
4.550790243
4.545691827
4.54026028
4.534501482
4.528421141
4.522024657
4.515317177
4.508303592
4.500988567
4.493376608
4.485472148
4.477279635
4.468803579
4.46004858
4.451019328
4.441720596
4.432157265
4.422334356
4.412257073
4.401930832
4.39136126
4.380554165
4.369515494
4.358251301
4.346767756
4.335071174
4.323168057
4.311065086
4.298769068
4.286286863
4.27362535
4.260791463
4.247792276
4.234635062
4.221327261
4.207876376
4.194289869
4.180575164
4.166739739
4.152791256
4.138737601
4.124586778
4.110346749
4.096025366
4.08163044
4.067169903
4.052651904
4.038084737
4.023476653
4.008835749
3.994170026
3.979487573
3.964796692
3.950105815
3.935423296
3.920757283
3.906115801
3.891506971
3.876939102
3.862420567
3.847959579
3.833564127
3.819242145
3.805001699
3.790850978
3.776798077
3.762850848
3.749016983
3.735304219
3.721720386
3.70827323
3.694970267
3.681818849
3.668826359
3.65600023
3.643347744
3.630875896
3.618591519
3.606501494
3.594612722
3.582931892
3.571465382
3.560219465
3.549200465
3.538414635
3.527867926
3.517566013
3.507514504
3.49771895
3.488184668
3.478916739
3.4699202
3.461200038
3.45276093
3.444607204
3.436743143
3.429173077
3.421901081
3.414930888
3.408266261
3.401911029
3.395868665
3.390142283
3.384735244
3.379651196
3.374893003
3.370463357
3.36636519
3.362605161
3.359184483
3.35609287
3.353383208
3.351140451
3.349269123
3.347817204
3.346541086
3.345404669
3.344514021
3.343933123
3.343679722
3.343762356
3.344183756
3.344942365
3.346035534
3.347460266
3.349213416
3.351291863
3.353692495
3.356412171
3.359447677
3.362795689
3.366452747
3.370415232
3.37467936
3.379241169
3.384096519
3.38924109
3.394670382
3.400379719
3.406364247
3.412618944
3.419138619
3.425917918
3.432951329
3.440233187
3.447757677
3.45551884
3.463510581
3.471726671
3.480160759
3.488806375
3.497656939
3.506705771
3.515946094
3.525371046
3.534973674
3.544746948
3.554683754
3.564776904
3.575019137
3.585403128
3.595921491
3.606566787
3.617331531
3.628208191
3.639189194
3.65026693
3.661433756
3.672682005
3.684003995
3.695392035
3.706838435
3.718335509
3.729875578
3.741450981
3.753054072
3.764677233
3.776312876
3.787953448
3.799591436
3.81121937
3.822829826
3.834415438
3.845968895
3.857482948
3.86895041
3.880364161
3.891717151
3.903002409
3.914213048
3.925342264
3.936383337
3.947329633
3.958174601
3.968911785
3.979534832
3.990037497
4.00041365
4.010657269
4.020762439
4.030723346
4.040534283
4.050189658
4.059684001
4.069011977
4.078168383
4.087148144
4.095946307
4.104558038
4.112978619
4.121203457
4.12922808
4.137048138
4.144659392
4.152057718
4.159239116
4.166199719
4.172935806
4.179443801
4.185720266
4.191761894
4.197565508
4.203128067
4.208446671
4.213518566
4.218341139
4.222911907
4.227228509
4.231288718
4.235090436
4.238631709
4.241910723
4.244925818
4.247675495
4.25015841
4.252373353
4.254319256
4.255995153
4.257400258
4.258533874
4.259395358
4.259984315
4.260299995
4.260341635
4.260108819
4.259600347
4.258798967
4.25763372
4.256050851
4.254200871
4.252230604
4.250140476
4.247862791
4.245321822
4.242503066
4.239483808
4.236148697
4.232549779
4.228689669
4.224563628
4.22017627
4.215529722
4.210626397
4.205468994
4.200060303
4.194403244
4.188500884
4.182356419
4.175973159
4.169354511
4.162503962
4.155425065
4.148121434
4.140596749
4.132854752
4.124899246
4.116734093
4.108363214
4.099790588
4.091020262
4.082056346
4.072903012
4.063564492
4.054045074
4.044349115
4.034481051
4.024445411
4.014246821
4.003889997
3.993379733
3.982720898
3.971918433
3.960977361
3.949902783
3.938699876
3.92737388
3.915930092
3.904373861
3.892710597
3.880945779
3.869084949
3.857133713
3.845097728
3.832982697
3.820794365
3.80853853
3.796221048
3.783847832
3.771424844
3.758958082
3.746453567
3.73391735
3.721355511
3.708774169
3.696179467
3.683577564
3.670974616
3.658376781
3.645790233
3.63322117
3.620675825
3.608160445
3.59568121
3.583243989
3.570853987
3.558515601
3.546233246
3.534013315
3.521866914
3.50981019
3.497858145
3.486015336
3.47427774
3.462642076
3.451110676
3.439690178
3.42838893
3.417217225
3.40618314
3.395283216
3.384516347
3.373900943
3.363447582
3.353197757
3.343105999
3.333181892
3.323432186
3.313865276
3.304488329
3.295306671
3.286325395
3.277550725
3.268989902
3.260650269
3.252538436
3.244659871
3.23701904
3.229619889
3.222466313
3.215562286
3.208911639
3.202517835
3.196384036
3.190513501
3.184909978
3.179577771
3.174521462
3.169745541
3.165254154
3.161051064
3.157139739
3.153523459
3.150205335
3.147188296
3.144475207
3.14206899
3.139972738
3.138189439
3.136722157
3.135573474
3.134746117
3.134243459
3.134075436
3.134285446
3.13491212
3.135820456
3.136876639
3.138097145
3.139604944
3.141419166
3.1435417
3.14603672
3.148870073
3.152039316
3.155541874
3.159370449
3.163521315
3.167991359
3.172778009
3.177879199
3.183293036
3.189017651
3.195051117
3.201391392
3.208036288
3.214983454
3.222230365
3.229774309
3.23761239
3.245741521
3.254158435
3.262859692
3.271841687
3.281100662
3.290632705
3.300433756
3.310499607
3.320825902
3.331408143
3.342241696
3.353321789
3.364643524
3.37620187
3.387991671
3.400007635
3.412244341
3.424696232
3.437357628
3.45022272
3.463285584
3.476540184
3.48998038
3.503599933
3.517392505
3.531351667
3.545470893
3.559743563
3.574162965
3.588722295
3.60341466
3.618233091
3.633170544
3.648219909
3.663374008
3.6786256
3.693967374
3.709391949
3.724891867
3.74045961
3.756087601
3.77176822
3.787493808
3.803256664
3.819049049
3.834863183
3.850691258
3.866525452
3.882357937
3.898180875
3.913986407
3.929766642
3.945513653
3.961219482
3.976876159
3.992475719
4.008010231
4.023471816
4.03885266
4.054145013
4.069341188
4.084433553
4.09941453
4.114276584
4.129012204
4.143613865
4.158074002
4.172384997
4.186539216
4.20052907
4.214347091
4.227985985
4.241438661
4.254698192
4.267757757
4.280610589
4.29324995
4.30566914
4.317861509
4.329820486
4.341539625
4.353012619
4.364233292
4.37519563
4.385893852
4.396322353
4.406475626
4.416348341
4.425935329
4.435231578
4.444232216
4.452932082
4.461326302
4.469410204
4.477176856
4.484623649
4.491753859
4.49850317
4.504931324
4.511025566
4.516729814
4.522024176
4.526852799
4.531250214
4.535399822
4.53939494
4.543155814
4.546582812
4.549634799
4.55230151
4.554582114
4.556481095
4.558004266
4.559156372
4.559940567
4.560358527
4.560410818
4.560097328
4.559417658
4.558371381
4.556958182
4.555177921
4.553030684
4.550516851
4.547637171
4.544392811
4.540785357
4.536816766
4.532489292
4.52780544
4.52276793
4.517379723
4.511644055
4.505564486
4.499144905
4.492389478
4.485302557
4.477888602
4.470152167
4.46209795
4.453730877
4.445056158
4.436079296
4.426806066
4.417242478
4.407394751
4.397269295
4.38687269
4.376211657
4.36529304
4.354123801
4.342711053
4.331062123
4.319184607
4.307086383
4.294775571
4.282260474
4.269549526
4.256651288
4.243574464
4.230327944
4.216920815
4.203362347
4.18966195
4.175829138
4.161873525
4.147804855
4.133633038
4.119368156
4.105020447
4.090600268
4.076118067
4.061584371
4.047009784
4.032404998
4.017780813
4.003148129
3.988517917
3.973901178
3.959308908
3.944752116
3.930241853
3.91578924
3.901405466
3.887101764
3.872889375
3.858779495
3.844783212
3.830911498
3.817175268
3.803585502
3.790153285
3.776889691
3.763805588
3.750911554
3.73821804
3.72573556
3.713474668
3.701445762
3.689658973
3.678124253
3.666851506
3.655850554
3.645131009
3.634702225
3.624573384
3.614753562
3.60525168
3.596076401
3.587236037
3.578738518
3.570591561
3.56280289
3.555380208
3.54833079
3.541661234
3.535377617
3.529485777
3.523991331
3.518899588
3.514215513
3.509943708
3.506088389
3.50265342
3.499642885
3.497061602
3.494917639
3.493222104
3.492016846
3.491468949
3.491628477
3.492082875
3.492733912
3.493594829
3.494808502
3.496469341
3.498565408
3.50111508
3.504121673
3.507581127
3.511490853
3.515846848
3.520644712
3.525879989
3.531547944
3.53764356
3.544161523
3.55109622
3.558441754
3.566191959
3.574340393
3.582880323
3.591804733
3.601106363
3.610777789
3.620811483
3.631199794
3.641934787
3.653007947
3.664409859
3.676130105
3.688157676
3.700482059
3.713094333
3.725987184
3.739153646
3.752585696
3.76627372
3.780206437
3.79437114
3.808756383
3.823355664
3.838160904
3.853126153
3.868264937
3.883582368
3.899048335
3.914659525
3.930406436
3.946276749
3.96224864
3.978302778
3.994429369
4.010627902
4.026894598
4.043215536
4.059573354
4.075953755
4.092346011
4.10874062
4.12512713
4.141494034
4.157829624
4.174122485
4.190361378
4.206534958
4.222631731
4.238640268
4.254549491
4.270348838
4.286028216
4.301577799
4.316987764
4.332248106
4.347348624
4.362279077
4.377029418
4.391590021
4.405951778
4.420106046
4.434044488
4.447758882
4.461240991
4.474482533
4.487475252
4.50021104
4.512682034
4.524880625
4.536799414
4.548431173
4.559768881
4.570805797
4.581535499
4.591951844
4.602048882
4.611820814
4.621261992
4.630366929
4.639130281
4.647546837
4.655611573
4.663319712
4.670666715
4.677648185
4.684259782
4.690497263
4.696356648
4.701834359
4.706927183
4.711632103
4.715946075
4.719865929
4.723388532
4.726511186
4.729231803
4.731548523
4.733459201
4.734961268
4.736052046
4.736729017
4.736982734
4.736759403
4.735964056
4.73471294
4.73325427
4.731639397
4.729728699
4.727437706
4.724811057
4.721706789
4.718177536
4.714225731
4.709851842
4.705066637
4.699877993
4.694293436
4.688319934
4.681963629
4.675230049
4.668124285
4.660651122
4.65281516
4.644620898
4.636072803
4.627175389
4.617933283
4.608351278
4.598434353
4.58818767
4.577616567
4.56672658
4.555523469
4.544013239
4.53220213
4.520096584
4.507703186
4.495028633
4.482079716
4.468863343
4.455386591
4.441656766
4.427681444
4.413468446
4.399025764
4.384361465
4.369483645
4.354400434
4.339120061
4.323650923
4.308001629
4.292180994
4.276197979
4.260061625
4.243781009
4.227365258
4.210823613
4.194165497
4.177400535
4.160538494
4.143589194
4.12656241
4.109467857
4.092315247
4.075114428
4.05787551
4.040608891
4.023325119
4.006034695
3.988747957
3.971475122
3.954226437
3.937012285
3.919843158
3.902729537
3.885681819
3.868710336
3.851825417
3.835037402
3.818356575
3.801793149
3.785357339
3.769059477
3.752910035
3.736919482
3.721098086
3.705455813
3.690002361
3.674747289
3.659700114
3.644870343
3.630267476
3.615900994
3.60178029
3.587914511
3.57431243
3.560982451
3.547932798
3.535171707
3.522707457
3.510548249
3.498701997
3.487176215
3.475978027
3.465114281
3.454591695
3.444416949
3.434596626
3.425136993
3.416043843
3.407322546
3.398978341
3.391016674
3.383443252
3.37626359
3.369482637
3.363104851
3.357134651
3.351577456
3.346439271
3.341726428
3.337445961
3.333596457
3.330176497
3.327386414
3.325054932
3.323301706
3.321843875
3.320541268
3.319515852
3.318870011
3.318635818
3.318826063
3.319446522
3.320495983
3.321971117
3.323867932
3.326182045
3.328908955
3.332044056
3.335582575
3.339519514
3.34384961
3.348567311
3.353666756
3.359141785
3.364985934
3.37119246
3.37775436
3.384664393
3.391915111
3.399498878
3.407407889
3.415634173
3.424169595
3.433005856
3.442134486
3.451546857
3.461234194
3.471187601
3.48139809
3.491856597
3.502553989
3.513481066
3.524628533
3.53598699
3.547546918
3.559298691
3.571232593
3.58333885
3.595607666
3.608029233
3.620593736
3.633291329
3.646112114
3.659046126
3.672083336
3.685213694
3.69842718
3.711713874
3.72506401
3.738467999
3.751916407
3.765399889
3.778909115
3.792434695
3.80596714
3.819496869
3.833014263
3.846509764
3.859973975
3.873397734
3.886772152
3.900088606
3.913338691
3.926514164
3.939606894
3.952608835
3.965512023
3.978308574
3.990990706
4.003550749
4.015981163
4.028274553
4.040423677
4.052421464
4.06426101
4.07593558
4.087438606
4.098763682
4.109904575
4.120855219
4.131609727
4.142162379
4.152507624
4.162640081
4.172554542
4.18224597
4.1917095
4.200940446
4.20993431
4.218686798
4.227193834
4.235451535
4.243456167
4.251204071
4.258691609
4.265915133
4.272871014
4.279555747
4.285966094
4.292099259
4.297952986
4.303525538
4.308815522
4.313821611
4.318542247
4.322975469
4.327118941
4.330970192
4.334526989
4.337787647
4.340751199
4.343417303
4.345785893
4.347856737
4.349629124
4.351101847
4.352273469
4.353142801
4.353709068
4.353972105
4.353932293
4.353589188
4.352943327
4.351994629
4.350742982
4.349168754
4.347184629
4.344737102
4.342000991
4.339138099
4.336143675
4.332938948
4.3294666
4.325648057
4.321640757
4.317287276
4.312631772
4.307694185
4.302465618
4.296950896
4.291154045
4.285078517
4.278728519
4.272108613
4.265223445
4.258077446
4.250674594
4.243018467
4.235112538
4.226960557
4.218566751
4.209935702
4.201071994
4.191979833
4.182662884
4.173124406
4.163367601
4.153396
4.143213685
4.132825185
4.122235155
4.111448075
4.100468164
4.089299593
4.077946781
4.066414519
4.054707777
4.042831392
4.030789955
4.01858803
4.006230482
3.993722583
3.981069762
3.968277277
3.955350168
3.942293566
3.92911306
3.91581471
3.902404643
3.888888586
3.875271782
3.861559376
3.84775689
3.833870343
3.819905923
3.805869671
3.79176758
3.777606
3.763391782
3.749131878
3.73483277
3.720500334
3.706140273
3.691758653
3.677362088
3.662957493
3.648551826
3.634152078
3.61976539
3.605398978
3.591059839
3.5767545
3.562489178
3.548270285
3.534104878
3.520000597
3.505965148
3.492005827
3.478129412
3.464342566
3.450652716
3.437067252
3.423585453
3.410209074
3.39697952
3.383891778
3.370970834
3.358179861
3.345527978
3.333026539
3.320684702
3.308516775
3.296553332
3.284774561
3.273194853
3.26182202
3.250660731
3.239715489
3.228992486
3.218499154
3.208242904
3.198230504
3.18846836
3.178963015
3.169721179
3.160749297
3.152053107
3.143637563
3.135507198
3.127666801
3.120122228
3.112881026
3.105951913
3.099342604
3.093057052
3.087094394
3.081452597
3.076134156
3.071147504
3.066502283
3.062203809
3.058252477
3.054648059
3.051393416
3.04849331
3.045950895
3.043766561
3.041938982
3.040466254
3.03934711
3.038589567
3.038260562
3.038485413
3.039128817
3.039958466
3.041029051
3.042380987
3.044108842
3.046304714
3.04893498
3.051994754
3.055466547
3.059331002
3.063575586
3.068186972
3.073074535
3.077833115
3.082381617
3.084404514
3.077552206
3.045983592
2.938684734
2.629955712
1.92722614
1.093763762
0.8353444972
0.8252420078
0.8258227082
0.8264404635
0.8270650039
0.8276962995
0.8283343257
0.8289790575
0.8296304697
0.830288537
0.8309532335
0.8316245334
0.8323024104
0.832986838
0.8336777895
0.8343752379
0.835079156
0.8357895162
0.8365062909
0.837229452
0.8379589712
0.8386948202
0.83943697
0.8401853918
0.8409400563
0.841700934
0.8424679952
0.84324121
0.844020548
0.844805979
0.8455974722
0.8463949967
0.8471985213
0.8480080147
0.8488234452
0.849644781
0.85047199
0.8513050399
0.8521438981
0.8529885319
0.8538389083
0.854694994
0.8555567557
0.8564241596
0.8572971719
0.8581757585
0.859059885
0.8599495169
0.8608446196
0.8617451579
0.8626510967
0.8635624007
0.8644790343
0.8654009615
0.8663281465
0.867260553
0.8681981446
0.8691408846
0.8700887363
0.8710416626
0.8719996263
0.8729625899
0.8739305159
0.8749033664
0.8758811034
0.8768636888
0.8778510842
0.8788432509
0.8798401503
0.8808417433
0.881847991
0.8828588539
0.8838742926
0.8848942674
0.8859187384
0.8869476657
0.8879810091
0.8890187282
0.8900607824
0.891107131
0.8921577333
0.8932125481
0.8942715342
0.8953346503
0.8964018548
0.8974731061
0.8985483623
0.8996275814
0.9007107213
0.9017977396
0.9028885938
0.9039832415
0.9050816397
0.9061837457
0.9072895163
0.9083989083
0.9095118785
0.9106283833
0.9117483792
0.9128718223
0.9139986689
0.9151288748
0.9162623959
0.917399188
0.9185392067
0.9196824073
0.9208287454
0.921978176
0.9231306543
0.9242861352
0.9254445737
0.9266059245
0.9277701422
0.9289371813
0.9301069962
0.9312795413
0.9324547708
0.9336326387
0.934813099
0.9359961057
0.9371816124
0.938369573
0.939559941
0.9407526698
0.941947713
0.9431450238
0.9443445554
0.945546261
0.9467500937
0.9479560065
0.9491639521
0.9503738835
0.9515857534
0.9527995144
0.9540151192
0.9552325201
0.9564516698
0.9576725206
0.9588950247
0.9601191344
0.961344802
0.9625719795
0.9638006189
0.9650306724
0.9662620918
0.9674948291
0.9687288361
0.9699640645
0.9712004662
0.9724379928
0.9736765961
0.9749162275
0.9761568388
0.9773983814
0.9786408068
0.9798840665
0.981128112
0.9823728946
0.9836183658
0.9848644768
0.986111179
0.9873584237
0.9886061622
0.9898543457
0.9911029255
0.9923518528
0.9936010788
0.9948505547
0.9961002318
0.9973500611
0.9985999939
0.9998499814
1.001099975
1.002349925
1.003599784
1.004849501
1.00609903
1.00734832
1.008597323
1.00984599
1.011094272
1.012342121
1.013589488
1.014836325
1.016082581
1.017328209
1.018573161
1.019817386
1.021060838
1.022303467
1.023545224
1.024786062
1.026025932
1.027264785
1.028502573
1.029739247
1.03097476
1.032209063
1.033442107
1.034673846
1.035904229
1.037133211
1.038360741
1.039586773
1.040811259
1.042034151
1.0432554
1.04447496
1.045692783
1.04690882
1.048123026
1.049335351
1.050545749
1.051754173
1.052960575
1.054164908
1.055367126
1.05656718
1.057765025
1.058960614
1.060153899
1.061344834
1.062533374
1.06371947
1.064903077
1.06608415
1.06726264
1.068438503
1.069611693
1.070782164
1.071949869
1.073114764
1.074276803
1.075435941
1.076592131
1.07774533
1.078895492
1.080042572
1.081186525
1.082327307
1.083464873
1.084599179
1.08573018
1.086857832
1.087982091
1.089102913
1.090220255
1.091334072
1.092444322
1.093550961
1.094653945
1.095753232
1.096848778
1.097940541
1.099028479
1.100112548
1.101192706
1.102268912
1.103341123
1.104409296
1.105473392
1.106533367
1.107589181
1.108640792
1.109688159
1.110731242
1.111769999
1.11280439
1.113834375
1.114859913
1.115880964
1.116897488
1.117909447
1.118916799
1.119919506
1.120917529
1.121910828
1.122899366
1.123883102
1.124862
1.12583602
1.126805124
1.127769275
1.128728435
1.129682567
1.130631632
1.131575595
1.132514419
1.133448066
1.1343765
1.135299685
1.136217585
1.137130164
1.138037386
1.138939216
1.139835619
1.140726559
1.141612002
1.142491914
1.143366259
1.144235004
1.145098115
1.145955558
1.1468073
1.147653307
1.148493546
1.149327985
1.15015659
1.15097933
1.151796173
1.152607086
1.153412037
1.154210996
1.155003931
1.155790811
1.156571606
1.157346285
1.158114817
1.158877172
1.159633322
1.160383236
1.161126885
1.16186424
1.162595272
1.163319953
1.164038254
1.164750147
1.165455605
1.166154599
1.166847103
1.16753309
1.168212532
1.168885404
1.169551678
1.17021133
1.170864332
1.17151066
1.172150288
1.172783192
1.173409346
1.174028727
1.17464131
1.17524707
1.175845985
1.176438031
1.177023185
1.177601424
1.178172725
1.178737067
1.179294426
1.179844782
1.180388113
1.180924397
1.181453614
1.181975743
1.182490763
1.182998655
1.183499398
1.183992974
1.184479362
1.184958544
1.185430501
1.185895215
1.186352667
1.186802839
1.187245715
1.187681277
1.188109507
1.188530389
1.188943906
1.189350043
1.189748784
1.190140112
1.190524013
1.190900471
1.191269473
1.191631003
1.191985048
1.192331593
1.192670625
1.193002131
1.193326098
1.193642512
1.193951363
1.194252638
1.194546324
1.194832411
1.195110888
1.195381743
1.195644965
1.195900546
1.196148474
1.19638874
1.196621334
1.196846248
1.197063473
1.197273
1.197474821
1.197668928
1.197855313
1.19803397
1.198204891
1.19836807
1.1985235
1.198671175
1.198811089
1.198943238
1.199067615
1.199184216
1.199293036
1.199394072
1.199487319
1.199572773
1.199650431
1.199720291
1.199782349
1.199836603
1.199883051
1.199921691
1.199952521
1.199975541
1.199990749
1.199998145
1.199997729
1.1999895
1.19997346
1.199949607
1.199917944
1.199878472
1.199831192
1.199776106
1.199713217
1.199642526
1.199564037
1.199477752
1.199383675
1.199281809
1.199172159
1.199054729
1.198929523
1.198796547
1.198655805
1.198507303
1.198351047
1.198187043
1.198015297
1.197835816
1.197648607
1.197453678
1.197251035
1.197040688
1.196822643
1.19659691
1.196363498
1.196122415
1.19587367
1.195617275
1.195353238
1.195081571
1.194802283
1.194515385
1.194220889
1.193918807
1.193609149
1.193291929
1.192967158
1.192634849
1.192295016
1.191947671
1.191592828
1.191230501
1.190860704
1.190483451
1.190098758
1.189706639
1.189307109
1.188900185
1.188485882
1.188064216
1.187635204
1.187198862
1.186755208
1.186304258
1.185846031
1.185380545
1.184907817
1.184427866
1.183940711
1.183446371
1.182944864
1.182436212
1.181920433
1.181397548
1.180867577
1.18033054
1.17978646
1.179235357
1.178677252
1.178112168
1.177540126
1.176961149
1.176375259
1.17578248
1.175182834
1.174576346
1.173963037
1.173342934
1.172716059
1.172082437
1.171442094
1.170795053
1.170141341
1.169480982
1.168814004
1.16814043
1.167460289
1.166773607
1.16608041
1.165380725
1.16467458
1.163962003
1.16324302
1.162517661
1.161785954
1.161047927
1.160303609
1.159553029
1.158796216
1.158033201
1.157264012
1.15648868
1.155707236
1.154919709
1.15412613
1.153326531
1.152520943
1.151709396
1.150891924
1.150068557
1.149239328
1.14840427
1.147563414
1.146716795
1.145864444
1.145006395
1.144142682
1.143273338
1.142398398
1.141517895
1.140631865
1.13974034
1.138843358
1.137940951
1.137033156
1.136120009
1.135201544
1.134277798
1.133348806
1.132414606
1.131475233
1.130530724
1.129581117
1.128626448
1.127666754
1.126702073
1.125732443
1.124757901
1.123778487
1.122794237
1.12180519
1.120811385
1.119812861
1.118809657
1.117801812
1.116789365
1.115772356
1.114750825
1.113724811
1.112694355
1.111659497
1.110620277
1.109576735
1.108528914
1.107476853
1.106420594
1.105360177
1.104295645
1.103227039
1.102154401
1.101077772
1.099997195
1.098912711
1.097824364
1.096732196
1.095636248
1.094536566
1.09343319
1.092326164
1.091215532
1.090101337
1.088983622
1.087862432
1.086737809
1.085609798
1.084478442
1.083343787
1.082205876
1.081064754
1.079920466
1.078773055
1.077622567
1.076469047
1.075312541
1.074153092
1.072990746
1.071825549
1.070657547
1.069486785
1.068313308
1.067137162
1.065958394
1.06477705
1.063593175
1.062406816
1.061218019
1.060026831
1.058833298
1.057637467
1.056439384
1.055239097
1.054036652
1.052832096
1.051625476
1.05041684
1.049206234
1.047993706
1.046779303
1.045563073
1.044345063
1.043125321
1.041903894
1.04068083
1.039456177
1.038229983
1.037002295
1.035773163
1.034542632
1.033310752
1.032077571
1.030843137
1.029607498
1.028370703
1.027132799
1.025893836
1.024653861
1.023412922
1.02217107
1.020928351
1.019684814
1.018440509
1.017195483
1.015949785
1.014703465
1.01345657
1.012209149
1.010961252
1.009712926
1.008464221
1.007215185
1.005965867
1.004716316
1.003466581
1.00221671
1.000966753
0.9997167581
0.9984667741
0.99721685
0.9959670345
0.9947173766
0.993467925
0.9922187285
0.9909698359
0.989721296
0.9884731576
0.9872254694
0.9859782802
0.9847316387
0.9834855936
0.9822401935
0.9809954871
0.9797515231
0.97850835
0.9772660163
0.9760245707
0.9747840616
0.9735445374
0.9723060466
0.9710686375
0.9698323586
0.968597258
0.9673633841
0.966130785
0.9648995089
0.9636696038
0.9624411179
0.961214099
0.9599885952
0.9587646543
0.9575423242
0.9563216525
0.9551026869
0.9538854751
0.9526700646
0.9514565029
0.9502448373
0.9490351153
0.9478273841
0.9466216908
0.9454180826
0.9442166064
0.9430173092
0.9418202379
0.9406254392
0.9394329597
0.9382428461
0.9370551449
0.9358699024
0.9346871649
0.9335069787
0.9323293898
0.9311544442
0.9299821879
0.9288126667
0.9276459261
0.9264820118
0.9253209693
0.9241628438
0.9230076807
0.9218555251
0.920706422
0.9195604162
0.9184175525
0.9172778757
0.9161414301
0.9150082601
0.9138784102
0.9127519243
0.9116288464
0.9105092206
0.9093930904
0.9082804995
0.9071714914
0.9060661093
0.9049643964
0.9038663959
0.9027721505
0.9016817031
0.9005950961
0.8995123721
0.8984335734
0.897358742
0.89628792
0.8952211492
0.8941584713
0.8930999278
0.8920455601
0.8909954092
0.8899495163
0.8889079222
0.8878706675
0.8868377929
0.8858093386
0.8847853449
0.8837658516
0.8827508988
0.8817405259
0.8807347724
0.8797336778
0.8787372809
0.8777456209
0.8767587363
0.8757766658
0.8747994478
0.8738271203
0.8728597214
0.8718972889
0.8709398603
0.8699874731
0.8690401645
0.8680979714
0.8671609307
0.866229079
0.8653024527
0.8643810879
0.8634650207
0.8625542868
0.8616489218
0.8607489612
0.8598544399
0.8589653931
0.8580818554
0.8572038613
0.8563314451
0.8554646409
0.8546034826
0.8537480037
0.8528982378
0.852054218
0.8512159773
0.8503835484
0.8495569638
0.8487362559
0.8479214566
0.8471125979
0.8463097113
0.8455128281
0.8447219795
0.8439371965
0.8431585096
0.8423859492
0.8416195456
0.8408593287
0.8401053281
0.8393575734
0.8386160937
0.8378809181
0.8371520751
0.8364295934
0.835713501
0.835003826
0.8343005962
0.8336038389
0.8329135814
0.8322298507
0.8315526734
0.8308820761
0.8302180849
0.8295607257
0.8289100242
0.8282660059
0.8276286959
0.8269981191
0.8263743001
0.8257572633
0.8251470328
0.8245436325
0.8239470858
0.8233574162
0.8227746466
0.8221987998
0.8216298984
0.8210679644
0.8205130199
0.8199650866
0.8194241858
0.8188903387
0.8183635662
0.8178438887
0.8173313267
0.8168259001
0.8163276287
0.815836532
0.8153526291
0.8148759389
0.81440648
0.8139442708
0.8134893294
0.8130416735
0.8126013206
0.8121682879
0.8117425923
0.8113242505
0.8109132787
0.8105096931
0.8101135094
0.8097247431
0.8093434093
0.808969523
0.8086030988
0.808244151
0.8078926935
0.8075487402
0.8072123045
0.8068833995
0.806562038
0.8062482326
0.8059419957
0.805643339
0.8053522743
0.805068813
0.8047929662
0.8045247446
0.8042641586
0.8040112185
0.8037659342
0.8035283152
0.8032983708
0.8030761101
0.8028615416
0.8026546737
0.8024555146
0.8022640721
0.8020803535
0.8019043661
0.8017361167
0.801575612
0.8014228582
0.8012778612
0.8011406267
0.8010111602
0.8008894666
0.8007755506
0.8006694168
0.8005710693
0.800480512
0.8003977483
0.8003227815
0.8002556145
0.80019625
0.8001446903
0.8001009374
0.8000649929
0.8000368584
0.8000165348
0.8000040231
0.7999993236
0.8000024366
0.8000133619
0.8000320992
0.8000586476
0.8000930062
0.8001351736
0.8001851482
0.8002429279
0.8003085107
0.8003818938
0.8004630744
0.8005520494
0.8006488152
0.8007533682
0.8008657041
0.8009858187
0.8011137072
0.8012493647
0.8013927857
0.8015439649
0.8017028961
0.8018695733
0.8020439899
0.802226139
0.8024160137
0.8026136064
0.8028189095
0.8030319149
0.8032526143
0.803480999
0.8037170603
0.8039607888
0.804212175
0.8044712091
0.804737881
0.8050121802
0.8052940962
0.8055836177
0.8058807336
0.8061854322
0.8064977016
0.8068175297
0.8071449039
0.8074798114
0.8078222392
0.8081721739
0.8085296017
0.8088945089
0.809266881
0.8096467036
0.8100339618
0.8104286405
0.8108307243
0.8112401974
0.8116570439
0.8120812475
0.8125127916
0.8129516594
0.8133978337
0.8138512971
0.8143120318
0.81478002
0.8152552432
0.8157376829
0.8162273204
0.8167241364
0.8172281116
0.8177392262
0.8182574603
0.8187827937
0.8193152059
0.819854676
0.8204011829
0.8209547054
0.8215152217
0.8220827101
0.8226571483
0.8232385139
0.8238267842
0.8244219362
0.8250239467
0.8256327921
0.8262484487
0.8268708923
0.8275000988
0.8281360435
0.8287787016
0.829428048
0.8300840572
0.8307467038
0.8314159617
0.8320918049
0.832774207
0.8334631413
0.8341585808
0.8348604985
0.8355688669
0.8362836583
0.8370048449
0.8377323983
0.8384662904
0.8392064922
0.839952975
0.8407057096
0.8414646665
0.8422298162
0.8430011288
0.843778574
0.8445621216
0.8453517409
0.8461474011
0.8469490712
0.8477567197
0.8485703152
0.8493898258
0.8502152196
0.8510464644
0.8518835275
0.8527263764
0.8535749781
0.8544292995
0.8552893073
0.8561549677
0.857026247
0.8579031111
0.8587855259
0.8596734568
0.8605668692
0.8614657281
0.8623699984
0.8632796449
0.864194632
0.8651149239
0.8660404847
0.8669712782
0.8679072682
0.8688484179
0.8697946907
0.8707460496
0.8717024575
0.8726638769
0.8736302703
0.8746016
0.875577828
0.8765589162
0.8775448262
0.8785355197
0.8795309577
0.8805311016
0.8815359121
0.8825453501
0.8835593762
0.8845779506
0.8856010337
0.8866285854
0.8876605656
0.8886969341
0.8897376503
0.8907826735
0.891831963
0.8928854778
0.8939431767
0.8950050184
0.8960709614
0.8971409641
0.8982149846
0.8992929811
0.9003749114
0.9014607333
0.9025504043
0.9036438819
0.9047411233
0.9058420858
0.9069467263
0.9080550016
0.9091668684
0.9102822834
0.9114012029
0.9125235833
0.9136493807
0.9147785511
0.9159110504
0.9170468344
0.9181858587
0.9193280788
0.9204734501
0.9216219279
0.9227734673
0.9239280233
0.9250855508
0.9262460047
0.9274093395
0.9285755098
0.9297444701
0.9309161747
0.9320905778
0.9332676337
0.9344472962
0.9356295193
0.9368142569
0.9380014626
0.93919109
0.9403830928
0.9415774243
0.9427740379
0.9439728869
0.9451739244
0.9463771035
0.9475823771
0.9487896983
0.9499990199
0.9512102946
0.9524234751
0.953638514
0.9548553638
0.9560739771
0.9572943062
0.9585163035
0.9597399212
0.9609651114
0.9621918265
0.9634200184
0.9646496392
0.9658806407
0.9671129751
0.968346594
0.9695814494
0.970817493
0.9720546764
0.9732929515
0.9745322697
0.9757725828
0.9770138421
0.9782559994
0.979499006
0.9807428133
0.9819873729
0.983232636
0.9844785541
0.9857250784
0.9869721604
0.9882197512
0.9894678021
0.9907162644
0.9919650893
0.993214228
0.9944636318
0.9957132518
0.9969630392
0.9982129452
0.999462921
1.000712918
1.001962887
1.003212779
1.004462545
1.005712137
1.006961507
1.008210604
1.00945938
1.010707787
1.011955775
1.013203297
1.014450302
1.015696744
1.016942572
1.018187738
1.019432193
1.02067589
1.021918779
1.023160811
1.024401939
1.025642114
1.026881287
1.02811941
1.029356434
1.030592312
1.031826994
1.033060434
1.034292582
1.03552339
1.03675281
1.037980795
1.039207297
1.040432266
1.041655657
1.04287742
1.044097508
1.045315874
1.046532469
1.047747247
1.048960159
1.050171159
1.0513802
1.052587233
1.053792212
1.054995089
1.056195818
1.057394353
1.058590645
1.059784648
1.060976316
1.062165602
1.06335246
1.064536843
1.065718705
1.066898
1.068074682
1.069248704
1.070420022
1.071588588
1.072754359
1.073917287
1.075077327
1.076234435
1.077388566
1.078539673
1.079687712
1.080832638
1.081974407
1.083112973
1.084248293
1.085380322
1.086509016
1.08763433
1.088756222
1.089874646
1.090989559
1.092100918
1.09320868
1.0943128
1.095413236
1.096509946
1.097602885
1.098692011
1.099777283
1.100858657
1.101936091
1.103009543
1.104078971
1.105144334
1.10620559
1.107262696
1.108315613
1.109364299
1.110408713
1.111448813
1.112484561
1.113515914
1.114542833
1.115565278
1.116583209
1.117596585
1.118605368
1.119609518
1.120608995
1.121603761
1.122593777
1.123579005
1.124559404
1.125534939
1.126505569
1.127471258
1.128431968
1.12938766
1.130338299
1.131283846
1.132224264
1.133159518
1.13408957
1.135014385
1.135933925
1.136848155
1.13775704
1.138660543
1.13955863
1.140451266
1.141338415
1.142220043
1.143096116
1.143966599
1.144831458
1.14569066
1.14654417
1.147391956
1.148233985
1.149070223
1.149900639
1.150725198
1.15154387
1.152356623
1.153163424
1.153964242
1.154759045
1.155547804
1.156330486
1.157107062
1.1578775
1.158641772
1.159399846
1.160151694
1.160897286
1.161636593
1.162369586
1.163096236
1.163816516
1.164530396
1.16523785
1.165938848
1.166633365
1.167321373
1.168002845
1.168677754
1.169346074
1.170007779
1.170662843
1.17131124
1.171952946
1.172587934
1.173216181
1.173837662
1.174452352
1.175060228
1.175661265
1.17625544
1.176842731
1.177423113
1.177996565
1.178563064
1.179122588
1.179675115
1.180220623
1.180759092
1.181290499
1.181814825
1.182332049
1.18284215
1.183345109
1.183840906
1.184329522
1.184810937
1.185285133
1.185752092
1.186211794
1.186664223
1.18710936
1.187547188
1.18797769
1.188400849
1.188816649
1.189225073
1.189626105
1.190019731
1.190405933
1.190784698
1.19115601
1.191519855
1.191876219
1.192225088
1.192566448
1.192900285
1.193226588
1.193545343
1.193856537
1.194160159
1.194456196
1.194744638
1.195025472
1.195298688
1.195564275
1.195822223
1.196072522
1.196315161
1.196550132
1.196777425
1.196997032
1.197208943
1.197413151
1.197609647
1.197798425
1.197979475
1.198152793
1.198318369
1.198476199
1.198626276
1.198768595
1.198903148
1.199029932
1.199148942
1.199260172
1.199363619
1.199459278
1.199547145
1.199627218
1.199699493
1.199763967
1.199820638
1.199869503
1.199910561
1.199943809
1.199969248
1.199986875
1.19999669
1.199998693
1.199992883
1.199979262
1.199957828
1.199928584
1.199891529
1.199846667
1.199793998
1.199733525
1.199665249
1.199589174
1.199505303
1.199413638
1.199314184
1.199206944
1.199091922
1.198969124
1.198838553
1.198700215
1.198554116
1.19840026
1.198238654
1.198069305
1.197892219
1.197707402
1.197514862
1.197314607
1.197106645
1.196890983
1.196667629
1.196436594
1.196197885
1.195951512
1.195697485
1.195435813
1.195166507
1.194889578
1.194605035
1.194312891
1.194013157
1.193705843
1.193390963
1.193068529
1.192738553
1.192401048
1.192056028
1.191703505
1.191343494
1.190976009
1.190601063
1.190218672
1.189828851
1.189431614
1.189026978
1.188614958
1.18819557
1.187768831
1.187334757
1.186893365
1.186444673
1.185988698
1.185525457
1.18505497
1.184577253
1.184092327
1.18360021
1.18310092
1.182594478
1.182080904
1.181560217
1.181032438
1.180497587
1.179955686
1.179406755
1.178850816
1.17828789
1.177718001
1.177141169
1.176557417
1.175966769
1.175369247
1.174764874
1.174153675
1.173535673
1.172910892
1.172279357
1.171641092
1.170996123
1.170344474
1.169686171
1.169021239
1.168349705
1.167671595
1.166986935
1.166295752
1.165598073
1.164893926
1.164183337
1.163466335
1.162742948
1.162013203
1.16127713
1.160534757
1.159786113
1.159031227
1.158270129
1.157502849
1.156729416
1.155949861
1.155164214
1.154372506
1.153574768
1.152771031
1.151961326
1.151145685
1.15032414
1.149496723
1.148663466
1.147824402
1.146979564
1.146128984
1.145272696
1.144410733
1.14354313
1.142669919
1.141791135
1.140906812
1.140016985
1.139121689
1.138220958
1.137314828
1.136403334
1.135486512
1.134564397
1.133637026
1.132704435
1.13176666
1.130823737
1.129875705
1.128922599
1.127964457
1.127001316
1.126033215
1.12506019
1.12408228
1.123099523
1.122111958
1.121119622
1.120122555
1.119120796
1.118114384
1.117103358
1.116087757
1.115067622
1.114042992
1.113013907
1.111980408
1.110942534
1.109900326
1.108853826
1.107803073
1.10674811
1.105688976
1.104625714
1.103558365
1.102486971
1.101411573
1.100332214
1.099248936
1.09816178
1.09707079
1.095976009
1.094877478
1.093775241
1.092669341
1.091559821
1.090446725
1.089330095
1.088209976
1.087086411
1.085959445
1.08482912
1.083695482
1.082558575
1.081418442
1.080275129
1.079128681
1.077979141
1.076826555
1.075670968
1.074512426
1.073350972
1.072186654
1.071019515
1.069849602
1.068676961
1.067501637
1.066323676
1.065143125
1.063960029
1.062774434
1.061586387
1.060395934
1.059203122
1.058007998
1.056810607
1.055610998
1.054409216
1.053205308
1.051999323
1.050791306
1.049581304
1.048369367
1.047155539
1.04593987
1.044722406
1.043503195
1.042282285
1.041059723
1.039835557
1.038609835
1.037382605
1.036153914
1.034923811
1.033692344
1.032459561
1.03122551
1.029990239
1.028753796
1.027516231
1.02627759
1.025037923
1.023797278
1.022555703
1.021313247
1.020069959
1.018825886
1.017581078
1.016335584
1.015089451
1.013842728
1.012595465
1.01134771
1.010099512
1.008850919
1.00760198
1.006352744
1.00510326
1.003853577
1.002603743
1.001353808
1.000103819
0.9988538265
0.9976038786
0.9963540243
0.9951043123
0.9938547916
0.9926055109
0.991356519
0.9901078647
0.9888595968
0.987611764
0.986364415
0.9851175987
0.9838713637
0.9826257587
0.9813808323
0.9801366332
0.97889321
0.9776506112
0.9764088854
0.9751680811
0.9739282468
0.9726894308
0.9714516817
0.9702150476
0.968979577
0.9677453181
0.9665123191
0.9652806282
0.9640502934
0.9628213629
0.9615938847
0.9603679066
0.9591434767
0.9579206426
0.9566994523
0.9554799533
0.9542621934
0.95304622
0.9518320807
0.950619823
0.9494094941
0.9482011414
0.946994812
0.9457905531
0.9445884118
0.9433884348
0.9421906693
0.9409951619
0.9398019593
0.9386111081
0.9374226549
0.9362366461
0.935053128
0.9338721469
0.9326937488
0.9315179798
0.9303448859
0.9291745128
0.9280069063
0.926842112
0.9256801754
0.9245211419
0.9233650567
0.922211965
0.9210619118
0.9199149422
0.9187711008
0.9176304323
0.9164929814
0.9153587924
0.9142279097
0.9131003774
0.9119762396
0.9108555402
0.9097383229
0.9086246314
0.9075145092
0.9064079997
0.9053051461
0.9042059915
0.9031105787
0.9020189507
0.90093115
0.8998472191
0.8987672004
0.897691136
0.8966190681
0.8955510384
0.8944870887
0.8934272605
0.8923715953
0.8913201343
0.8902729186
0.889229989
0.8881913863
0.8871571511
0.8861273237
0.8851019445
0.8840810534
0.8830646904
0.8820528951
0.881045707
0.8800431656
0.8790453099
0.8780521789
0.8770638115
0.8760802463
0.8751015216
0.8741276757
0.8731587466
0.8721947722
0.8712357902
0.8702818379
0.8693329528
0.8683891717
0.8674505317
0.8665170693
0.865588821
0.8646658231
0.8637481117
0.8628357226
0.8619286913
0.8610270535
0.8601308442
0.8592400985
0.8583548512
0.8574751368
0.8566009898
0.8557324442
0.854869534
0.854012293
0.8531607545
0.8523149519
0.8514749182
0.8506406861
0.8498122884
0.8489897573
0.8481731251
0.8473624235
0.8465576842
0.8457589387
0.8449662183
0.8441795537
0.8433989759
0.8426245152
0.841856202
0.8410940662
0.8403381376
0.8395884457
0.8388450198
0.8381078891
0.8373770821
0.8366526276
0.8359345538
0.8352228887
0.8345176602
0.8338188958
0.8331266227
0.8324408681
0.8317616587
0.8310890211
0.8304229815
0.829763566
0.8291108002
0.8284647098
0.8278253199
0.8271926555
0.8265667413
0.8259476019
0.8253352613
0.8247297434
0.824131072
0.8235392705
0.8229543618
0.822376369
0.8218053145
0.8212412207
0.8206841096
0.820134003
0.8195909223
0.8190548888
0.8185259235
0.8180040468
0.8174892794
0.8169816412
0.8164811521
0.8159878317
0.8155016991
0.8150227735
0.8145510735
0.8140866176
0.8136294238
0.81317951
0.8127368939
0.8123015927
0.8118736234
0.8114530027
0.8110397471
0.8106338726
0.8102353953
0.8098443305
0.8094606937
0.8090844997
0.8087157633
0.8083544989
0.8080007206
0.8076544422
0.8073156772
0.806984439
0.8066607403
0.8063445938
0.806036012
0.8057350069
0.8054415901
0.8051557732
0.8048775674
0.8046069835
0.8043440321
0.8040887234
0.8038410674
0.8036010739
0.8033687521
0.8031441111
0.8029271598
0.8027179066
0.8025163597
0.8023225269
0.8021364158
0.8019580337
0.8017873875
0.801624484
0.8014693295
0.80132193
0.8011822913
0.8010504188
0.8009263178
0.800809993
0.800701449
0.8006006901
0.8005077201
0.8004225428
0.8003451614
0.8002755789
0.8002137981
0.8001598214
0.8001136509
0.8000752884
0.8000447354
0.8000219931
0.8000070623
0.7999999438
0.8000006376
0.8000091439
0.8000254623
0.8000495921
0.8000815324
0.800121282
0.8001688393
0.8002242024
0.8002873692
0.8003583372
0.8004371036
0.8005236655
0.8006180193
0.8007201614
0.8008300878
0.8009477942
0.801073276
0.8012065284
0.8013475461
0.8014963235
0.801652855
0.8018171343
0.8019891551
0.8021689106
0.8023563939
0.8025515975
0.8027545139
0.8029651352
0.803183453
0.803409459
0.8036431442
0.8038844995
0.8041335156
0.8043901826
0.8046544905
0.8049264291
0.8052059877
0.8054931554
0.8057879209
0.8060902728
0.8064001992
0.8067176881
0.8070427269
0.8073753032
0.8077154037
0.8080630153
0.8084181244
0.8087807171
0.8091507793
0.8095282964
0.8099132538
0.8103056364
0.8107054289
0.8111126156
0.8115271807
0.8119491079
0.8123783808
0.8128149826
0.8132588963
0.8137101045
0.8141685896
0.8146343337
0.8151073185
0.8155875257
0.8160749364
0.8165695316
0.8170712921
0.8175801981
0.8180962298
0.8186193671
0.8191495896
0.8196868764
0.8202312067
0.8207825591
0.8213409121
0.821906244
0.8224785325
0.8230577555
0.8236438902
0.8242369138
0.824836803
0.8254435345
0.8260570846
0.8266774292
0.8273045442
0.8279384051
0.828578987
0.8292262651
0.8298802139
0.830540808
0.8312080215
0.8318818284
0.8325622024
0.8332491168
0.8339425449
0.8346424596
0.8353488334
0.8360616389
0.8367808482
0.8375064332
0.8382383656
0.8389766167
0.8397211577
0.8404719595
0.8412289929
0.8419922282
0.8427616356
0.8435371851
0.8443188464
0.8451065889
0.8459003818
0.8467001943
0.8475059949
0.8483177523
0.8491354348
0.8499590103
0.8507884467
0.8516237117
0.8524647726
0.8533115965
0.8541641503
0.8550224008
0.8558863145
0.8567558576
0.857630996
0.8585116957
0.8593979223
0.860289641
0.8611868172
0.8620894156
0.8629974012
0.8639107384
0.8648293915
0.8657533246
0.8666825017
0.8676168865
0.8685564424
0.8695011328
0.8704509208
0.8714057692
0.8723656408
0.873330498
0.8743003032
0.8752750185
0.8762546059
0.877239027
0.8782282433
0.8792222164
0.8802209073
0.881224277
0.8822322863
0.8832448959
0.8842620661
0.8852837574
0.8863099297
0.8873405429
0.8883755569
0.8894149311
0.8904586251
0.8915065979
0.8925588087
0.8936152164
0.8946757797
0.8957404572
0.8968092072
0.8978819881
0.898958758
0.9000394747
0.9011240961
0.9022125798
0.9033048832
0.9044009638
0.9055007786
0.9066042848
0.9077114392
0.9088221985
0.9099365195
0.9110543585
0.9121756719
0.9133004159
0.9144285465
0.9155600198
0.9166947914
0.9178328171
0.9189740524
0.9201184528
0.9212659734
0.9224165696
0.9235701963
0.9247268086
0.9258863611
0.9270488086
0.9282141058
0.9293822071
0.9305530668
0.9317266392
0.9329028786
0.9340817389
0.935263174
0.9364471379
0.9376335843
0.9388224668
0.9400137391
0.9412073545
0.9424032665
0.9436014282
0.9448017931
0.946004314
0.9472089441
0.9484156363
0.9496243435
0.9508350185
0.9520476139
0.9532620824
0.9544783766
0.9556964489
0.9569162518
0.9581377377
0.9593608587
0.9605855671
0.9618118151
0.9630395549
0.9642687383
0.9654993175
0.9667312443
0.9679644706
0.9691989482
0.970434629
0.9716714647
0.9729094069
)
;

boundaryField
{
    sides
    {
        type            calculated;
        value           nonuniform List<scalar> 2(3.857139545 0.9729094069);
    }
    empty
    {
        type            empty;
    }
}


// ************************************************************************* //
