/*--------------------------------*- C++ -*----------------------------------*\
| =========                 |                                                 |
| \\      /  F ield         | OpenFOAM: The Open Source CFD Toolbox           |
|  \\    /   O peration     | Version:  v1812                                 |
|   \\  /    A nd           | Web:      www.OpenFOAM.com                      |
|    \\/     M anipulation  |                                                 |
\*---------------------------------------------------------------------------*/
FoamFile
{
    version     2.0;
    format      ascii;
    class       volScalarField;
    location    "0.0035";
    object      p;
}
// * * * * * * * * * * * * * * * * * * * * * * * * * * * * * * * * * * * * * //

dimensions      [1 -1 -2 0 0 0 0];


internalField   nonuniform List<scalar> 
8475
(
101350
101350
101350
101350
101350
101350
101350
101350
101350
101350
101350
101350
101350
101350
101350
101350
101350
101350
101350
101350
101350
101350
101350
101350
101350
101350
101350
101350
101350
101350
101350
101350
101350
101350
101350
101350
101358
101865
101350
101350
101350
101350
101350
101350
101350
101350
101350
101350
101350
101350
101350
101350
101350
101350
101350
101350
101350
101350
101350
101350
101350
101350
101350
101350
101350
101350
101350
101350
101350
101350
101350
101350
101350
101350
101353
101473
101350
101350
101350
101350
101350
101350
101350
101350
101350
101350
101350
101350
101350
101350
101350
101350
101350
101350
101350
101350
101350
101350
101350
101350
101350
101350
101350
101350
101350
101350
101350
101350
101350
101350
101350
101350
101350
101367
101350
101350
101350
101350
101350
101350
101350
101350
101350
101350
101350
101350
101350
101350
101350
101350
101350
101350
101350
101350
101350
101350
101350
101350
101350
101350
101350
101350
101350
101350
101350
101350
101350
101350
101350
101350
101350
101351
101350
101350
101350
101350
101350
101350
101350
101350
101350
101350
101350
101350
101350
101350
101350
101350
101350
101350
101350
101350
101350
101350
101350
101350
101350
101350
101350
101350
101350
101350
101350
101350
101350
101350
101350
101350
101350
101350
101350
101350
101350
101350
101350
101350
101350
101350
101350
101350
101350
101350
101350
101350
101350
101350
101350
101350
101350
101350
101350
101350
101350
101350
101350
101350
101350
101350
101350
101350
101350
101350
101350
101350
101350
101350
101350
101350
101350
101350
101350
101350
101350
101350
101350
101350
101350
101350
101350
101350
101350
101350
101350
101350
101350
101350
101350
101350
101350
101350
101350
101350
101350
101350
101350
101350
101350
101350
101350
101350
101350
101350
101350
101350
101350
101350
101350
101350
101350
101350
101350
101350
101350
101350
101350
101350
101350
101350
101350
101350
101350
101350
101350
101350
101350
101350
101350
101350
101350
101350
101350
101350
101350
101350
101350
101350
101350
101350
101350
101350
101350
101350
101350
101350
101350
101350
101350
101350
101350
101350
101350
101350
101350
101350
101350
101350
101350
101350
101350
101350
101350
101350
101350
101350
101350
101350
101350
101350
101350
101350
101350
101350
101350
101350
101350
101350
101350
101350
101350
101350
101350
101350
101350
101350
101350
101350
101350
101350
101350
101350
101350
101350
101350
101350
101350
101350
101350
101350
101350
101350
101350
101350
101350
101350
101350
101350
101350
101350
101350
101350
101350
101350
101350
101350
101350
101350
101350
101350
101350
101350
101350
101350
101350
101350
101350
101350
101350
101350
101350
101350
101350
101350
101350
101350
101350
101350
101350
101350
101350
101350
101350
101350
101350
101350
101350
101350
101350
101350
101350
101350
101350
101350
101350
101350
101350
101350
101350
101350
101350
101350
101350
101350
101350
101350
101350
101350
101350
101350
101350
101350
101350
101350
101350
101350
101350
101350
101350
101350
101350
101350
101350
101350
101350
101350
101350
101350
101350
101350
101350
101350
101350
101350
101350
101350
101350
101350
101350
101350
101350
101350
101350
101350
101350
101350
101350
101350
101350
101350
101350
101350
101350
101350
101350
101350
101350
101350
101350
101350
101350
101350
101350
101350
101350
101350
101350
101350
101350
101350
101350
101350
101350
101350
101350
101350
101350
101350
101350
101350
101350
101350
101350
101350
101350
101350
101350
101350
101350
101350
101350
101350
101350
101350
101350
101350
101350
101350
101350
101350
101350
101350
101350
101350
101350
101350
101350
101350
101350
101350
101350
101350
101350
101350
101350
101350
101350
101350
101350
101350
101350
101350
101350
101350
101350
101350
101350
101350
101350
101350
101350
101350
101350
101350
101350
101350
101350
101350
101350
101350
101350
101350
101350
101350
101350
101350
101350
101350
101350
101350
101350
101350
101350
101350
101350
101350
101350
101350
101350
101350
101350
101350
101350
101350
101350
101350
101350
101350
101350
101350
101350
101350
101350
101350
101350
101350
101350
101350
101350
101350
101350
101350
101350
101350
101350
101350
101350
101350
101350
101350
101350
101350
101350
101350
101350
101350
101350
101350
101350
101350
101350
101350
101350
101350
101350
101350
101350
101350
101350
101350
101350
101350
101350
101350
101350
101350
101350
101350
101350
101350
101350
101350
101350
101350
101350
101350
101350
101350
101350
101350
101350
101350
101350
101350
101350
101350
101350
101350
101350
101350
101350
101350
101350
101350
101350
101350
101350
101350
101350
101350
101350
101350
101350
101350
101350
101350
101350
101350
101350
101350
101350
101350
101350
101350
101350
101350
101350
101350
101350
101350
101350
101350
101350
101350
101350
101350
101350
101350
101350
101350
101350
101350
101350
101350
101350
101350
101350
101350
101350
101350
101350
101350
101350
101350
101350
101350
101350
101350
101350
101350
101350
101350
101350
101350
101350
101350
101350
101350
101350
101350
101350
101350
101350
101350
101350
101350
101350
101350
101350
101350
101350
101350
101350
101350
101350
101350
101350
101350
101350
101350
101350
101350
101350
101350
101350
101350
101350
101350
101350
101350
101350
101350
101350
101350
101350
101350
101350
101350
101350
101350
101350
101350
101350
101350
101350
101350
101350
101350
101350
101350
101350
101350
101350
101350
101350
101350
101350
101350
101350
101350
101350
101350
101350
101350
101350
101350
101350
101350
101350
101350
101350
101350
101350
101350
101350
101350
101350
101350
101350
101350
101350
101350
101350
101350
101350
101350
101350
101350
101350
101350
101350
101350
101350
101350
101350
101350
101350
101350
101350
101350
101350
101350
101350
101350
101350
101350
101350
101350
101350
101350
101350
101350
101350
101350
101350
101350
101350
101350
101350
101350
101350
101350
101350
101350
101350
101350
101350
101350
101350
101350
101350
101350
101350
101350
101350
101350
101350
101350
101350
101350
101350
101350
101350
101350
101350
101350
101350
101350
101350
101350
101350
101350
101350
101350
101350
101350
101350
101350
101350
101350
101350
101350
101350
101350
101350
101350
101350
101350
101350
101350
101350
101350
101350
101350
101350
101350
101350
101350
101350
101350
101350
101350
101350
101350
101350
101350
101350
101350
101350
101350
101350
101350
101350
101350
101350
101350
101350
101350
101350
101350
101350
101350
101350
101350
101350
101350
101350
101350
101350
101350
101350
101350
101350
101350
101350
101350
101350
101350
101350
101350
101350
101350
101350
101350
101350
101350
101350
101350
101350
101350
101350
101350
101350
101350
101350
101350
101350
101350
101350
101350
101350
101350
101350
101350
101350
101350
101350
101350
101350
101350
101350
101350
101350
101350
101350
101350
101350
101350
101350
101350
101350
101350
101350
101350
101350
101350
101350
101350
101350
101350
101350
101350
101350
101350
101350
101350
101350
101350
101350
101350
101350
101350
101350
101350
101350
101350
101350
101350
101350
101350
101350
101350
101350
101350
101350
101350
101350
101350
101350
101350
101350
101350
101350
101350
101350
101350
101350
101350
101350
101350
101350
101350
101350
101350
101350
101350
101350
101350
101350
101350
101350
101350
101350
101350
101350
101350
101350
101350
101350
101350
101350
101350
101350
101350
101350
101350
101350
101350
101350
101350
101350
101350
101350
101350
101350
101350
101350
101350
101350
101350
101350
101350
101350
101350
101350
101350
101350
101350
101350
101350
101350
101350
101350
101350
101350
101350
101350
101350
101350
101350
101350
101350
101350
101350
101350
101350
101350
101350
101350
101350
101350
101350
101350
101350
101350
101350
101350
101350
101350
101350
101350
101350
101350
101350
101350
101350
101350
101350
101350
101350
101350
101350
101350
101350
101350
101350
101350
101350
101350
101350
101350
101350
101350
101350
101350
101350
101350
101350
101350
101350
101350
101350
101350
101350
101350
101350
101350
101350
101350
101350
101350
101350
101350
101350
101350
101350
101350
101350
101350
101350
101350
101350
101350
101350
101350
101350
101350
101350
101350
101350
101350
101350
101350
101350
101350
101350
101350
101350
101350
101350
101350
101350
101350
101350
101350
101350
101350
101350
101350
101350
101350
101350
101350
101350
101350
101350
101350
101350
101350
101350
101350
101350
101350
101350
101350
101350
101350
101350
101350
101350
101350
101350
101350
101350
101350
101350
101350
101350
101350
101350
101350
101350
101350
101350
101350
101350
101350
101350
101350
101350
101350
101350
101350
101350
101350
101350
101350
101350
101350
101350
101350
101350
101350
101350
101350
101350
101350
101350
101350
101350
101350
101350
101350
101350
101350
101350
101350
101350
101350
101350
101350
101350
101350
101350
101350
101350
101350
101350
101350
101350
101350
101350
101350
101350
101350
101350
101350
101350
101350
101350
101350
101350
101350
101350
101350
101350
101350
101350
101350
101350
101350
101350
101350
101350
101350
101350
101350
101350
101350
101350
101350
101350
101350
101350
101350
101350
101350
101350
101350
101350
101350
101350
101350
101350
101350
101350
101350
101350
101350
101350
101350
101350
101350
101350
101350
101350
101350
101350
101350
101350
101350
101350
101350
101350
101350
101350
101350
101350
101350
101350
101350
101350
101350
101350
101350
101350
101350
101350
101350
101350
101350
101350
101350
101350
101350
101350
101350
101350
101350
101350
101350
101350
101350
101350
101350
101350
101350
101350
101350
101350
101350
101350
101350
101350
101350
101350
101350
101350
101350
101350
101350
101350
101350
101350
101350
101350
101350
101350
101350
101350
101350
101350
101350
101350
101350
101350
101350
101350
101350
101350
101350
101350
101350
101350
101350
101350
101350
101350
101350
101350
101350
101350
101350
101350
101350
101350
101350
101350
101350
101350
101350
101350
101350
101350
101350
101350
101350
101350
101350
101350
101350
101350
101350
101350
101350
101350
101350
101350
101350
101350
101350
101350
101350
101350
101350
101350
101350
101350
101350
101350
101350
101350
101350
101350
101350
101350
101350
101350
101350
101350
101350
101350
101350
101350
101350
101350
101350
101350
101350
101350
101350
101350
101350
101350
101350
101350
101350
101350
101350
101350
101350
101350
101350
101350
101350
101350
101350
101350
101350
101350
101350
101350
101350
101350
101350
101350
101350
101350
101350
101350
101350
101350
101350
101350
101350
101350
101350
101350
101350
101350
101350
101350
101350
101350
101350
101350
101350
101350
101350
101350
101350
101350
101350
101350
101350
101350
101350
101350
101350
101350
101350
101350
101350
101350
101350
101350
101350
101350
101350
101350
101350
101350
101350
101350
101350
101350
101350
101350
101350
101350
101350
101350
101350
101350
101350
101350
101350
101350
101350
101350
101350
101350
101350
101350
101350
101350
101350
101350
101350
101350
101350
101350
101350
101350
101350
101350
101350
101350
101350
101350
101350
101350
101350
101350
101350
101350
101350
101350
101350
101350
101350
101350
101350
101350
101350
101350
101350
101350
101350
101350
101350
101350
101350
101350
101350
101350
101350
101350
101350
101350
101350
101350
101350
101350
101350
101350
101350
101350
101350
101350
101350
101350
101350
101350
101350
101350
101350
101350
101350
101350
101350
101350
101350
101350
101350
101350
101350
101350
101350
101350
101350
101350
101350
101350
101350
101350
101350
101350
101350
101350
101350
101350
101350
101350
101350
101350
101350
101350
101350
101350
101350
101350
101350
101350
101350
101350
101350
101350
101350
101350
101350
101350
101350
101350
101350
101350
101350
101350
101350
101350
101350
101350
101350
101350
101350
101350
101350
101350
101350
101350
101350
101350
101350
101350
101350
101350
101350
101350
101350
101350
101350
101350
101350
101350
101350
101350
101350
101350
101350
101350
101350
101350
101350
101350
101350
101350
101350
101350
101350
101350
101350
101350
101350
101350
101350
101350
101350
101350
101350
101350
101350
101350
101350
101350
101350
101350
101350
101350
101350
101350
101350
101350
101350
101350
101350
101350
101350
101350
101350
101350
101350
101350
101350
101350
101350
101350
101350
101350
101350
101350
101350
101350
101350
101350
101350
101350
101350
101350
101350
101350
101350
101350
101350
101350
101350
101350
101350
101350
101350
101350
101350
101350
101350
101350
101350
101350
101350
101350
101350
101350
101350
101350
101350
101350
101350
101350
101350
101350
101350
101350
101350
101350
101350
101350
101350
101350
101350
101350
101350
101350
101350
101350
101350
101350
101350
101350
101350
101350
101350
101350
101350
101350
101350
101350
101350
101350
101350
101350
101350
101350
101350
101350
101350
101350
101350
101350
101350
101350
101350
101350
101350
101350
101350
101350
101350
101350
101350
101350
101350
101350
101350
101350
101350
101350
101350
101350
101350
101350
101350
101350
101350
101350
101350
101350
101350
101350
101350
101350
101350
101350
101350
101350
101350
101350
101350
101350
101350
101350
101350
101350
101350
101350
101350
101350
101350
101350
101350
101350
101350
101350
101350
101350
101350
101350
101350
101350
101350
101350
101350
101350
101350
101350
101350
101350
101350
101350
101350
101350
101350
101350
101350
101350
101350
101350
101350
101350
101350
101350
101350
101350
101350
101350
101350
101350
101350
101350
101350
101350
101350
101350
101350
101350
101350
101350
101350
101350
101350
101350
101350
101350
101350
101350
101350
101350
101350
101350
101350
101350
101350
101350
101350
101350
101350
101350
101350
101350
101350
101350
101350
101350
101350
101350
101350
101350
101350
101350
101350
101350
101350
101350
101350
101350
101350
101350
101350
101350
101350
101350
101350
101350
101350
101350
101350
101350
101350
101350
101350
101350
101350
101350
101350
101350
101350
101350
101350
101350
101350
101350
101350
101350
101350
101350
101350
101350
101350
101350
101350
101350
101350
101350
101350
101350
101350
101350
101350
101350
101350
101350
101350
101350
101350
101350
101350
101350
101350
101350
101350
101350
101350
101350
101350
101350
101350
101350
101350
101350
101350
101350
101350
101350
101350
101350
101350
101350
101350
101350
101350
101350
101350
101350
101350
101350
101350
101350
101350
101350
101350
101350
101350
101350
101350
101350
101350
101350
101350
101350
101350
101350
101350
101350
101350
101350
101350
101350
101350
101350
101350
101350
101350
101350
101350
101350
101350
101350
101350
101350
101350
101350
101350
101350
101350
101350
101350
101350
101350
101350
101350
101350
101350
101350
101350
101350
101350
101350
101350
101350
101350
101350
101350
101350
101350
101350
101350
101350
101350
101350
101350
101350
101350
101350
101350
101350
101350
101350
101350
101350
101350
101350
101350
101350
101350
101350
101350
101350
101350
101350
101350
101350
101350
101350
101350
101350
101350
101350
101350
101350
101350
101350
101350
101350
101350
101350
101350
101350
101350
101350
101350
101350
101350
101350
101350
101350
101350
101350
101350
101350
101350
101350
101350
101350
101350
101350
101350
101350
101350
101350
101350
101350
101350
101350
101350
101350
101350
101350
101350
101350
101350
101350
101350
101350
101350
101350
101350
101350
101350
101350
101350
101350
101350
101350
101350
101350
101350
101350
101350
101350
101350
101350
101350
101350
101350
101350
101350
101350
101350
101350
101350
101350
101350
101350
101350
101350
101350
101350
101350
101350
101350
101350
101350
101350
101350
101350
101350
101350
101350
101350
101350
101350
101350
101350
101350
101350
101350
101350
101350
101350
101350
101350
101350
101350
101350
101350
101350
101350
101350
101350
101350
101350
101350
101350
101350
101350
101350
101350
101350
101350
101350
101350
101350
101350
101350
101350
101350
101350
101350
101350
101350
101350
101350
101350
101350
101350
101350
101350
101350
101350
101350
101350
101350
101350
101350
101350
101350
101350
101350
101350
101350
101350
101350
101350
101350
101350
101350
101350
101350
101350
101350
101350
101350
101350
101350
101350
101350
101350
101350
101350
101350
101350
101350
101350
101350
101350
101350
101350
101350
101350
101350
101350
101350
101350
101350
101350
101350
101350
101350
101350
101350
101350
101350
101350
101350
101350
101350
101350
101350
101350
101350
101350
101350
101350
101350
101350
101350
101350
101350
101350
101350
101350
101350
101350
101350
101350
101350
101350
101350
101350
101350
101350
101350
101350
101350
101350
101350
101350
101350
101350
101350
101350
101350
101350
101350
101350
101350
101350
101350
101350
101350
101350
101350
101350
101350
101350
101350
101350
101350
101350
101350
101350
101350
101350
101350
101350
101350
101350
101350
101350
101350
101350
101350
101350
101350
101350
101350
101350
101350
101350
101350
101350
101350
101350
101350
101350
101350
101350
101350
101350
101350
101350
101350
101350
101350
101350
101350
101350
101350
101350
101350
101350
101350
101350
101350
101350
101350
101350
101350
101350
101350
101350
101350
101350
101350
101350
101350
101350
101350
101350
101350
101350
101350
101350
101350
101350
101350
101350
101350
101350
101350
101350
101350
101350
101350
101350
101350
101350
101350
101350
101350
101350
101350
101350
101350
101350
101350
101350
101350
101350
101350
101350
101350
101350
101350
101350
101350
101350
101350
101350
101350
101350
101350
101350
101350
101350
101350
101350
101350
101350
101350
101350
101350
101350
101350
101350
101350
101350
101350
101350
101350
101350
101350
101350
101350
101350
101350
101350
101350
101350
101350
101350
101350
101350
101350
101350
101350
101350
101350
101350
101350
101350
101350
101350
101350
101350
101350
101350
101350
101350
101350
101350
101350
101350
101350
101350
101350
101350
101350
101350
101350
101350
101350
101350
101350
101350
101350
101350
101350
101350
101350
101350
101350
101350
101350
101350
101350
101350
101350
101350
101350
101350
101350
101350
101350
101350
101350
101350
101350
101350
101350
101350
101350
101350
101350
101350
101350
101350
101350
101350
101350
101350
101350
101350
101350
101350
101350
101350
101350
101350
101350
101350
101350
101350
101350
101350
101350
101350
101350
101350
101350
101350
101350
101350
101350
101350
101350
101350
101350
101350
101350
101350
101350
101350
101350
101350
101350
101350
101350
101350
101350
101350
101350
101350
101350
101350
101350
101350
101350
101350
101350
101350
101350
101350
101350
101350
101350
101350
101350
101350
101350
101350
101350
101350
101350
101350
101350
101350
101350
101350
101350
101350
101350
101350
101350
101350
101350
101350
101350
101350
101350
101350
101350
101350
101350
101350
101350
101350
101350
101350
101350
101350
101350
101350
101350
101350
101350
101350
101350
101350
101350
101350
101350
101350
101350
101350
101350
101350
101350
101350
101350
101350
101350
101350
101350
101350
101350
101350
101350
101350
101350
101350
101350
101350
101350
101350
101350
101350
101350
101350
101350
101350
101350
101350
101350
101350
101350
101350
101350
101350
101350
101350
101350
101350
101350
101350
101350
101350
101350
101350
101350
101350
101350
101350
101350
101350
101350
101350
101350
101350
101350
101350
101350
101350
101350
101350
101350
101350
101350
101350
101350
101350
101350
101350
101350
101350
101350
101350
101350
101350
101350
101350
101350
101350
101350
101350
101350
101350
101350
101350
101350
101350
101350
101350
101350
101350
101350
101350
101350
101350
101350
101350
101350
101350
101350
101350
101350
101350
101350
101350
101350
101350
101350
101350
101350
101350
101350
101350
101350
101350
101350
101350
101350
101350
101350
101350
101350
101350
101350
101350
101350
101350
101350
101350
101350
101350
101350
101350
101350
101350
101350
101350
101350
101350
101350
101350
130290
179288
224354
286674
305282
324232
312704
284466
244255
239755
244071
248686
247558
245325
244455
245936
248754
251908
253831
253568
253249
252477
251228
250904
251017
250856
250370
250283
250327
250561
251038
251107
251000
250662
250102
249330
248947
249017
249228
249643
250090
250282
250282
250138
249892
249534
249468
249549
249777
250109
250427
250404
250276
250069
250096
250089
250214
250461
250794
250715
250444
250037
249572
249088
248718
248552
248583
248760
249083
249592
250150
250673
250945
250896
250525
104350
110239
129222
152075
190224
236610
251848
257437
262601
266108
262202
257278
249999
244696
244714
246568
249088
250155
250358
250036
250225
250930
251011
251122
251016
250643
249936
249660
249862
250304
250815
250937
250838
250518
249908
249166
248993
248938
249092
249438
249793
249923
249991
249987
249822
249498
249541
249612
249846
250116
250296
250255
250060
249800
249826
249973
250191
250466
250620
250542
250221
249860
249477
249069
248714
248688
248764
248954
249305
249837
250441
250814
250892
250800
250375
101439
101753
102939
106300
124862
144577
206961
278554
293991
281683
262172
254037
246522
245489
246292
247671
249837
248705
247888
247350
247924
249004
250126
250519
250377
250188
249915
249894
250197
250667
251093
251202
251098
250731
250087
249525
249117
248886
248989
249223
249457
249607
249706
249704
249592
249528
249801
250370
250665
250724
250664
250599
250451
250249
250136
250335
250344
250361
250311
250322
250205
249931
249622
249324
249047
249045
249092
249216
249496
249899
250320
250667
250726
250644
250269
101353
101362
101399
101550
102378
105013
119720
160914
237660
238800
256804
261500
256825
256407
256746
253339
249237
245697
245881
247190
248278
249781
250855
250819
250395
249915
249711
249719
249978
250497
251017
251100
250985
250627
250046
249421
248927
248485
248456
248627
249078
249287
249483
249841
250149
250400
250413
250482
250564
250410
250271
250184
250150
250032
249924
249952
250013
250045
250019
249804
249887
249791
249580
249452
249260
249272
249331
249468
249743
250038
250331
250572
250537
250388
250112
101350
101350
101351
101356
101378
101488
102170
107283
124412
175758
258071
277144
272796
269077
265320
256352
247737
248289
248736
248216
248046
248745
249556
249966
249857
249536
249209
249265
249655
250445
251116
251132
251037
250647
249977
249213
248350
248039
248088
248251
248774
249160
249561
250084
250633
250976
250886
250738
250536
249923
249965
249937
249962
249983
249923
249843
249786
249744
249757
249747
249715
249738
249781
249737
249630
249522
249504
249542
249685
249936
250302
250268
250235
250114
250009
101350
101350
101350
101350
101351
101354
101377
101561
102468
115816
132984
183998
245077
251996
253953
255552
258588
257284
252891
250228
248959
249753
250224
249542
249132
248731
248343
248592
249241
250081
250748
250798
250458
249940
249397
248616
247747
247465
247682
248050
248562
249172
249901
250220
250418
250566
250625
250462
250128
249685
249681
249734
249861
249988
249929
249824
249690
249527
249542
249735
249746
249855
249953
249886
249824
249650
249629
249691
249790
249982
250131
250071
249854
249909
249982
101350
101350
101350
101350
101350
101350
101351
101356
101399
101835
103331
113476
150280
201011
236085
259452
263973
257289
249642
249646
249746
250063
249805
248766
248127
248265
248327
248863
249434
249873
250317
250428
250127
249762
249489
248680
247926
247706
247788
248062
248599
249314
250010
250504
250722
250736
250530
250093
249432
249177
249182
249378
249710
250039
249926
249808
249620
249548
249602
249686
249829
249994
250079
250022
249890
249778
249745
249749
249681
249729
249732
249780
249748
249769
249867
101350
101350
101350
101350
101350
101350
101350
101350
101352
101362
101417
101849
104494
120738
155137
205135
241288
245370
250899
259992
259436
255677
251043
248343
247574
248381
249261
249763
249670
249596
249452
249587
249877
249946
249680
248976
247938
247728
247848
248189
248864
249813
250536
250950
250956
250834
250451
249670
249124
249156
249204
249412
249879
250190
250086
249833
249460
249485
249751
249905
250138
250332
250318
250150
249791
249789
249764
249681
249735
249726
249637
249541
249500
249545
249786
101350
101350
101350
101350
101350
101350
101350
101350
101350
101350
101352
101365
101457
102181
106207
122452
161863
228460
257426
261906
257944
252366
247668
247768
249276
251756
251667
250829
250022
249898
249650
249465
249527
249535
249474
249164
248463
248296
248413
248790
249554
250490
251164
251404
251370
251123
250506
249806
249315
249329
249366
249636
250198
250275
250180
249965
249678
249723
249986
250326
250638
250641
250485
250183
249940
249712
249696
249668
249610
249441
249243
249158
249224
249411
249755
101350
101350
101350
101350
101350
101350
101350
101350
101350
101350
101350
101350
101353
101373
101513
102384
109862
131831
177316
232436
231882
245829
249637
256875
256561
255836
253006
250709
250616
250316
250028
249482
249285
249191
249182
249186
248955
248676
248814
249141
249763
250765
251487
251666
251568
251414
250847
250211
249739
249732
249798
250023
250383
250449
250202
249883
249919
250098
250315
250533
250701
250643
250471
250211
249984
249777
249685
249617
249517
249345
249162
249063
249082
249254
249680
101350
101350
101350
101350
101350
101350
101350
101350
101350
101350
101350
101350
101350
101351
101355
101387
101694
103326
114399
143835
193539
233446
256479
261255
260288
252850
248896
248014
251263
252060
251263
249573
249172
249282
249386
249470
249445
249111
249146
249369
249716
250317
250902
251281
251305
251017
250522
250172
249992
250137
250265
250237
250105
250078
250113
250063
250226
250435
250570
250786
250791
250639
250316
250042
249957
249836
249729
249694
249570
249358
249115
249075
249099
249291
249715
101350
101350
101350
101350
101350
101350
101350
101350
101350
101350
101350
101350
101350
101350
101350
101351
101360
101423
101981
104729
126549
156054
200950
226898
242800
248967
251327
254164
256153
254543
251418
250100
249821
249827
249929
249859
249739
249298
249052
249043
249134
249107
249269
249694
249984
249959
250015
249984
250040
250362
250570
250348
249849
249733
249723
250023
250441
250609
250720
250715
250585
250250
249884
249888
249923
249886
249869
249837
249728
249446
249183
249164
249267
249546
249838
101350
101350
101350
101350
101350
101350
101350
101350
101350
101350
101350
101350
101350
101350
101350
101350
101350
101352
101369
101494
102743
107661
127916
168130
219798
251330
256412
259543
256905
253065
251259
251966
251681
250740
250030
249713
249636
249467
249202
248862
248564
248526
248691
249144
249503
249543
249548
249549
249712
250009
250042
249834
249489
249434
249709
250299
250672
250794
250684
250479
250176
249857
249813
249871
249963
249952
249975
249796
249559
249361
249307
249393
249577
249794
249960
101350
101350
101350
101350
101350
101350
101350
101350
101350
101350
101350
101350
101350
101350
101350
101350
101350
101350
101351
101355
101389
101608
102906
111389
135494
181346
227818
243283
243183
246309
251775
254380
253127
251044
250072
249684
249727
249854
249658
249349
249008
248831
248968
249238
249433
249314
249201
249318
249545
249741
249684
249517
249256
249319
249814
250498
250851
250782
250519
250101
249534
249482
249598
249751
249965
250104
250104
249891
249614
249424
249472
249634
249818
250051
250040
101350
101350
101350
101350
101350
101350
101350
101350
101350
101350
101350
101350
101350
101350
101350
101350
101350
101350
101350
101350
101351
101357
101403
101763
103860
117146
155754
204390
225359
244126
253328
249048
247841
248477
249193
249436
249483
249670
249698
249617
249554
249770
249856
249684
249274
248872
249008
249361
249427
249349
249306
249330
249409
249906
250904
250968
250893
250561
249996
249465
249150
249232
249481
249687
249898
250105
250050
249959
249831
249704
249739
249856
249988
250192
250137
101350
101350
101350
101350
101350
101350
101350
101350
101350
101350
101350
101350
101350
101350
101350
101350
101350
101350
101350
101350
101350
101350
101352
101362
101445
102186
106583
127131
170642
226937
237022
246551
250365
254476
251582
249135
249212
249615
249620
249334
249608
249521
249285
248726
248245
248309
248774
249149
249129
249161
249325
249574
249927
250733
251407
251325
250884
250293
249632
249090
249091
249184
249413
249664
249773
249940
249886
249854
249736
249671
249819
249949
250102
250301
250213
101350
101350
101350
101350
101350
101350
101350
101350
101350
101350
101350
101350
101350
101350
101350
101350
101350
101350
101350
101350
101350
101350
101350
101350
101353
101377
101568
103041
112565
138513
186370
236274
259717
254102
243374
245687
247898
249152
249612
249276
248708
248395
247791
247085
247395
247911
248632
248652
248649
248837
249333
250077
251127
251664
251629
251334
250755
250153
249717
249238
249212
249326
249493
249632
249692
249738
249699
249673
249656
249727
250011
250220
250297
250446
250324
101350
101350
101350
101350
101350
101350
101350
101350
101350
101350
101350
101350
101350
101350
101350
101350
101350
101350
101350
101350
101350
101350
101350
101350
101350
101351
101357
101408
101843
104351
121670
153010
213615
224469
240287
248210
252172
251944
250486
248678
246934
246903
246958
247059
247376
247984
247932
247982
248185
248669
249746
250900
251671
251706
251517
251059
250563
250240
249999
249802
249850
250034
249985
249772
249688
249650
249611
249600
249524
249741
250119
250314
250382
250449
250318
101350
101350
101350
101350
101350
101350
101350
101350
101350
101350
101350
101350
101350
101350
101350
101350
101350
101350
101350
101350
101350
101350
101350
101350
101350
101350
101350
101352
101364
101467
102478
108228
125184
178196
241229
244046
256104
253004
250195
247198
247686
248815
248478
248074
248033
247948
247455
247496
247900
248777
249926
250954
251533
251540
251370
250978
250696
250563
250502
250416
250436
250475
250337
250161
250031
249843
249758
249670
249707
249966
250373
250566
250519
250472
250336
101350
101350
101350
101350
101350
101350
101350
101350
101350
101350
101350
101350
101350
101350
101350
101350
101350
101350
101350
101350
101350
101350
101350
101350
101350
101350
101350
101350
101350
101354
101385
101650
103188
119481
152167
190354
250279
251156
247858
247360
250092
251659
249870
248308
248538
248505
247700
247462
247892
249187
250159
250895
251080
251165
251092
251006
251045
251037
250970
250847
250746
250665
250636
250637
250528
250394
250331
250153
250312
250498
250644
250641
250579
250478
250300
101350
101350
101350
101350
101350
101350
101350
101350
101350
101350
101350
101350
101350
101350
101350
101350
101350
101350
101350
101350
101350
101350
101350
101350
101350
101350
101350
101350
101350
101350
101351
101359
101433
102354
106071
130624
156793
213426
242173
249080
254095
252361
247933
247911
249816
249848
248507
247874
248498
249463
249986
250716
251094
251314
251403
251485
251472
251297
250949
250726
250603
250700
250868
250876
250863
250800
250696
250751
250913
250901
250787
250752
250627
250222
250218
101350
101350
101350
101350
101350
101350
101350
101350
101350
101350
101350
101350
101350
101350
101350
101350
101350
101350
101350
101350
101350
101350
101350
101350
101350
101350
101350
101350
101350
101350
101350
101350
101353
101377
101543
103013
109526
136123
194910
231890
250779
250387
248693
252458
253971
252048
249640
248967
249525
249995
250373
250975
251599
252017
251976
251779
251516
250955
250456
250439
250534
250701
250957
251042
251136
251125
251006
251090
251101
251023
250843
250645
250397
250010
250194
101350
101350
101350
101350
101350
101350
101350
101350
101350
101350
101350
101350
101350
101350
101350
101350
101350
101350
101350
101350
101350
101350
101350
101350
101350
101350
101350
101350
101350
101350
101350
101350
101350
101351
101356
101404
101757
104367
122529
168919
216393
238157
248068
253630
253456
251248
250298
250170
250540
250891
250853
251022
251442
251766
251743
251376
250789
250331
250126
250229
250424
250617
250907
251059
251181
251210
251044
251089
251158
250920
250462
250175
250035
250014
250173
101350
101350
101350
101350
101350
101350
101350
101350
101350
101350
101350
101350
101350
101350
101350
101350
101350
101350
101350
101350
101350
101350
101350
101350
101350
101350
101350
101350
101350
101350
101350
101350
101350
101350
101350
101352
101364
101481
102721
112439
140590
193619
240054
238987
246525
249795
251172
251113
251218
250849
250053
249865
250252
250120
249864
249992
249823
249890
250148
250201
250247
250369
250616
250958
251039
251018
250875
250941
250714
250326
249970
249891
249844
249978
250264
101350
101350
101350
101350
101350
101350
101350
101350
101350
101350
101350
101350
101350
101350
101350
101350
101350
101350
101350
101350
101350
101350
101350
101350
101350
101350
101350
101350
101350
101350
101350
101350
101350
101350
101350
101350
101350
101355
101401
101908
105109
123463
174737
209101
241508
252380
244467
244641
247041
248378
248488
248795
249457
249376
249055
249145
249498
249927
250325
250153
250107
250284
250564
250911
251078
251061
250957
250739
250427
250014
249986
249787
249839
250089
250328
101350
101350
101350
101350
101350
101350
101350
101350
101350
101350
101350
101350
101350
101350
101350
101350
101350
101350
101350
101350
101350
101350
101350
101350
101350
101350
101350
101350
101350
101350
101350
101350
101350
101350
101350
101350
101350
101350
101352
101367
101503
102865
111467
146906
195157
231494
236514
242247
248001
249254
251420
252019
250605
248793
247593
248120
249001
249589
249874
249818
249901
250317
250970
251375
251471
251451
251290
250913
250475
250022
249738
249694
249935
250226
250406
101350
101350
101350
101350
101350
101350
101350
101350
101350
101350
101350
101350
101350
101350
101350
101350
101350
101350
101350
101350
101350
101350
101350
101350
101350
101350
101350
101350
101350
101350
101350
101350
101350
101350
101350
101350
101350
101350
101350
101350
101355
101404
101840
107203
118990
162161
238311
250376
246157
249237
254477
253344
249654
246344
246984
247433
248308
249302
249581
249739
250023
250575
251239
251603
251676
251822
251572
251160
250641
250192
249598
249568
250215
250339
250146
101350
101350
101350
101350
101350
101350
101350
101350
101350
101350
101350
101350
101350
101350
101350
101350
101350
101350
101350
101350
101350
101350
101350
101350
101350
101350
101350
101350
101350
101350
101350
101350
101350
101350
101350
101350
101350
101350
101350
101350
101350
101352
101368
101556
102532
112905
145058
209743
216556
254847
253870
243851
240861
243745
246854
247923
248889
249714
249783
249935
250268
250806
251245
251454
251577
251531
251346
250921
250392
249884
249262
249497
250205
250050
249460
101350
101350
101350
101350
101350
101350
101350
101350
101350
101350
101350
101350
101350
101350
101350
101350
101350
101350
101350
101350
101350
101350
101350
101350
101350
101350
101350
101350
101350
101350
101350
101350
101350
101350
101350
101350
101350
101350
101350
101350
101350
101350
101351
101355
101400
101970
106349
127288
174165
236709
242959
244646
253247
254856
252704
249820
249362
249729
249933
249678
249425
249813
249760
250089
250586
250726
250738
250376
249694
249178
249141
249465
249841
249652
248894
101350
101350
101350
101350
101350
101350
101350
101350
101350
101350
101350
101350
101350
101350
101350
101350
101350
101350
101350
101350
101350
101350
101350
101350
101350
101350
101350
101350
101350
101350
101350
101350
101350
101350
101350
101350
101350
101350
101350
101350
101350
101350
101350
101350
101352
101373
101574
103257
124484
140637
203640
252094
255224
253463
251670
249005
249299
249822
249647
249077
248381
247687
247571
248208
249263
249549
249375
248881
248550
248596
249460
249705
249157
248811
248083
101350
101350
101350
101350
101350
101350
101350
101350
101350
101350
101350
101350
101350
101350
101350
101350
101350
101350
101350
101350
101350
101350
101350
101350
101350
101350
101350
101350
101350
101350
101350
101350
101350
101350
101350
101350
101350
101350
101350
101350
101350
101350
101350
101350
101350
101351
101357
101430
102523
106424
127383
186155
224256
241977
247611
245883
247604
249746
249413
248721
247872
246938
246844
247618
248498
248385
247672
247552
247828
248477
249921
249875
249069
248157
247794
101350
101350
101350
101350
101350
101350
101350
101350
101350
101350
101350
101350
101350
101350
101350
101350
101350
101350
101350
101350
101350
101350
101350
101350
101350
101350
101350
101350
101350
101350
101350
101350
101350
101350
101350
101350
101350
101350
101350
101350
101350
101350
101350
101350
101350
101350
101350
101353
101381
101588
103582
117938
166764
226354
248622
249687
253916
256204
253378
250398
248740
247425
247832
248521
248501
247705
246669
247110
247949
249626
250176
249754
248891
248027
247667
101350
101350
101350
101350
101350
101350
101350
101350
101350
101350
101350
101350
101350
101350
101350
101350
101350
101350
101350
101350
101350
101350
101350
101350
101350
101350
101350
101350
101350
101350
101350
101350
101350
101350
101350
101350
101350
101350
101350
101350
101350
101350
101350
101350
101350
101350
101350
101350
101351
101359
101446
102591
112097
142454
210333
248505
255275
252161
251001
249532
247797
248129
249405
249481
248759
246953
246805
247684
249785
251273
250538
249431
248450
247519
247542
101350
101350
101350
101350
101350
101350
101350
101350
101350
101350
101350
101350
101350
101350
101350
101350
101350
101350
101350
101350
101350
101350
101350
101350
101350
101350
101350
101350
101350
101350
101350
101350
101350
101350
101350
101350
101350
101350
101350
101350
101350
101350
101350
101350
101350
101350
101350
101350
101350
101350
101354
101399
101927
106906
132977
189397
217831
244570
246895
244891
244936
248517
251943
251526
249841
248342
249182
251216
252606
252120
250410
249024
248155
247509
247734
101350
101350
101350
101350
101350
101350
101350
101350
101350
101350
101350
101350
101350
101350
101350
101350
101350
101350
101350
101350
101350
101350
101350
101350
101350
101350
101350
101350
101350
101350
101350
101350
101350
101350
101350
101350
101350
101350
101350
101350
101350
101350
101350
101350
101350
101350
101350
101350
101350
101350
101350
101352
101372
101631
104065
121782
167219
225481
249729
249299
251022
254323
253940
252031
249592
250060
251534
252659
252889
251624
249667
248530
248292
247990
248207
101350
101350
101350
101350
101350
101350
101350
101350
101350
101350
101350
101350
101350
101350
101350
101350
101350
101350
101350
101350
101350
101350
101350
101350
101350
101350
101350
101350
101350
101350
101350
101350
101350
101350
101350
101350
101350
101350
101350
101350
101350
101350
101350
101350
101350
101350
101350
101350
101350
101350
101350
101350
101351
101360
101466
102900
114628
139328
206730
254180
255977
252078
249117
249428
249879
251268
252984
252925
251714
249252
248286
248354
248784
249641
250004
101350
101350
101350
101350
101350
101350
101350
101350
101350
101350
101350
101350
101350
101350
101350
101350
101350
101350
101350
101350
101350
101350
101350
101350
101350
101350
101350
101350
101350
101350
101350
101350
101350
101350
101350
101350
101350
101350
101350
101350
101350
101350
101350
101350
101350
101350
101350
101350
101350
101350
101350
101350
101350
101350
101354
101409
102065
107048
133102
201566
220529
250220
249320
248060
250650
250941
251150
250145
247883
247269
247810
248693
249958
251022
250938
101350
101350
101350
101350
101350
101350
101350
101350
101350
101350
101350
101350
101350
101350
101350
101350
101350
101350
101350
101350
101350
101350
101350
101350
101350
101350
101350
101350
101350
101350
101350
101350
101350
101350
101350
101350
101350
101350
101350
101350
101350
101350
101350
101350
101350
101350
101350
101350
101350
101350
101350
101350
101350
101350
101350
101352
101376
101661
105060
123374
181634
246198
249963
250065
254061
252968
248789
247054
245937
246402
247486
248925
250545
250899
250809
101350
101350
101350
101350
101350
101350
101350
101350
101350
101350
101350
101350
101350
101350
101350
101350
101350
101350
101350
101350
101350
101350
101350
101350
101350
101350
101350
101350
101350
101350
101350
101350
101350
101350
101350
101350
101350
101350
101350
101350
101350
101350
101350
101350
101350
101350
101350
101350
101350
101350
101350
101350
101350
101350
101350
101350
101351
101364
101545
103402
126153
163975
201841
242543
255186
249242
244096
245062
246892
246915
247702
249335
250803
250963
250749
101350
101350
101350
101350
101350
101350
101350
101350
101350
101350
101350
101350
101350
101350
101350
101350
101350
101350
101350
101350
101350
101350
101350
101350
101350
101350
101350
101350
101350
101350
101350
101350
101350
101350
101350
101350
101350
101350
101350
101350
101350
101350
101350
101350
101350
101350
101350
101350
101350
101350
101350
101350
101350
101350
101350
101350
101350
101351
101358
101459
103336
111143
149546
222763
250619
248071
245965
248935
250261
248694
249106
250592
251043
250795
250627
101350
101350
101350
101350
101350
101350
101350
101350
101350
101350
101350
101350
101350
101350
101350
101350
101350
101350
101350
101350
101350
101350
101350
101350
101350
101350
101350
101350
101350
101350
101350
101350
101350
101350
101350
101350
101350
101350
101350
101350
101350
101350
101350
101350
101350
101350
101350
101350
101350
101350
101350
101350
101350
101350
101350
101350
101350
101350
101350
101354
101422
101972
111149
129309
191159
234454
256070
255833
250494
249272
251318
252474
251690
250519
250216
101350
101350
101350
101350
101350
101350
101350
101350
101350
101350
101350
101350
101350
101350
101350
101350
101350
101350
101350
101350
101350
101350
101350
101350
101350
101350
101350
101350
101350
101350
101350
101350
101350
101350
101350
101350
101350
101350
101350
101350
101350
101350
101350
101350
101350
101350
101350
101350
101350
101350
101350
101350
101350
101350
101350
101350
101350
101350
101350
101350
101352
101378
101865
104518
121265
183791
236267
241469
241686
248635
254280
253978
251316
249765
249765
101350
101350
101350
101350
101350
101350
101350
101350
101350
101350
101350
101350
101350
101350
101350
101350
101350
101350
101350
101350
101350
101350
101350
101350
101350
101350
101350
101350
101350
101350
101350
101350
101350
101350
101350
101350
101350
101350
101350
101350
101350
101350
101350
101350
101350
101350
101350
101350
101350
101350
101350
101350
101350
101350
101350
101350
101350
101350
101350
101350
101350
101351
101367
101511
103257
125697
178998
212362
236957
253556
256376
252542
250201
249579
249803
101350
101350
101350
101350
101350
101350
101350
101350
101350
101350
101350
101350
101350
101350
101350
101350
101350
101350
101350
101350
101350
101350
101350
101350
101350
101350
101350
101350
101350
101350
101350
101350
101350
101350
101350
101350
101350
101350
101350
101350
101350
101350
101350
101350
101350
101350
101350
101350
101350
101350
101350
101350
101350
101350
101350
101350
101350
101350
101350
101350
101350
101350
101350
101357
101466
103578
116704
162568
226768
239881
244052
247763
250580
250395
250034
101350
101350
101350
101350
101350
101350
101350
101350
101350
101350
101350
101350
101350
101350
101350
101350
101350
101350
101350
101350
101350
101350
101350
101350
101350
101350
101350
101350
101350
101350
101350
101350
101350
101350
101350
101350
101350
101350
101350
101350
101350
101350
101350
101350
101350
101350
101350
101350
101350
101350
101350
101350
101350
101350
101350
101350
101350
101350
101350
101350
101350
101350
101350
101350
101355
101450
102555
115084
159907
198618
232628
248685
251564
248828
249226
101350
101350
101350
101350
101350
101350
101350
101350
101350
101350
101350
101350
101350
101350
101350
101350
101350
101350
101350
101350
101350
101350
101350
101350
101350
101350
101350
101350
101350
101350
101350
101350
101350
101350
101350
101350
101350
101350
101350
101350
101350
101350
101350
101350
101350
101350
101350
101350
101350
101350
101350
101350
101350
101350
101350
101350
101350
101350
101350
101350
101350
101350
101350
101350
101350
101354
101406
102503
109455
148312
217585
244788
248253
249279
250080
101350
101350
101350
101350
101350
101350
101350
101350
101350
101350
101350
101350
101350
101350
101350
101350
101350
101350
101350
101350
101350
101350
101350
101350
101350
101350
101350
101350
101350
101350
101350
101350
101350
101350
101350
101350
101350
101350
101350
101350
101350
101350
101350
101350
101350
101350
101350
101350
101350
101350
101350
101350
101350
101350
101350
101350
101350
101350
101350
101350
101350
101350
101350
101350
101350
101350
101352
101399
101945
111372
129113
183880
232211
251413
250336
101350
101350
101350
101350
101350
101350
101350
101350
101350
101350
101350
101350
101350
101350
101350
101350
101350
101350
101350
101350
101350
101350
101350
101350
101350
101350
101350
101350
101350
101350
101350
101350
101350
101350
101350
101350
101350
101350
101350
101350
101350
101350
101350
101350
101350
101350
101350
101350
101350
101350
101350
101350
101350
101350
101350
101350
101350
101350
101350
101350
101350
101350
101350
101350
101350
101350
101350
101352
101377
101869
104546
127486
183824
241592
243037
101350
101350
101350
101350
101350
101350
101350
101350
101350
101350
101350
101350
101350
101350
101350
101350
101350
101350
101350
101350
101350
101350
101350
101350
101350
101350
101350
101350
101350
101350
101350
101350
101350
101350
101350
101350
101350
101350
101350
101350
101350
101350
101350
101350
101350
101350
101350
101350
101350
101350
101350
101350
101350
101350
101350
101350
101350
101350
101350
101350
101350
101350
101350
101350
101350
101350
101350
101350
101351
101366
101517
104190
120629
171156
235529
101350
101350
101350
101350
101350
101350
101350
101350
101350
101350
101350
101350
101350
101350
101350
101350
101350
101350
101350
101350
101350
101350
101350
101350
101350
101350
101350
101350
101350
101350
101350
101350
101350
101350
101350
101350
101350
101350
101350
101350
101350
101350
101350
101350
101350
101350
101350
101350
101350
101350
101350
101350
101350
101350
101350
101350
101350
101350
101350
101350
101350
101350
101350
101350
101350
101350
101350
101350
101350
101350
101357
101483
103168
118043
187629
101350
101350
101350
101350
101350
101350
101350
101350
101350
101350
101350
101350
101350
101350
101350
101350
101350
101350
101350
101350
101350
101350
101350
101350
101350
101350
101350
101350
101350
101350
101350
101350
101350
101350
101350
101350
101350
101350
101350
101350
101350
101350
101350
101350
101350
101350
101350
101350
101350
101350
101350
101350
101350
101350
101350
101350
101350
101350
101350
101350
101350
101350
101350
101350
101350
101350
101350
101350
101350
101350
101350
101355
101445
103244
135970
101350
101350
101350
101350
101350
101350
101350
101350
101350
101350
101350
101350
101350
101350
101350
101350
101350
101350
101350
101350
101350
101350
101350
101350
101350
101350
101350
101350
101350
101350
101350
101350
101350
101350
101350
101350
101350
101350
101350
101350
101350
101350
101350
101350
101350
101350
101350
101350
101350
101350
101350
101350
101350
101350
101350
101350
101350
101350
101350
101350
101350
101350
101350
101350
101350
101350
101350
101350
101350
101350
101350
101350
101356
101539
109126
101350
101350
101350
101350
101350
101350
101350
101350
101350
101350
101350
101350
101350
101350
101350
101350
101350
101350
101350
101350
101350
101350
101350
101350
101350
101350
101350
101350
101350
101350
101350
101350
101350
101350
101350
101350
101350
101350
101350
101350
101350
101350
101350
101350
101350
101350
101350
101350
101350
101350
101350
101350
101350
101350
101350
101350
101350
101350
101350
101350
101350
101350
101350
101350
101350
101350
101350
101350
101350
101350
101350
101350
101351
101371
102407
101350
101350
101350
101350
101350
101350
101350
101350
101350
101350
101350
101350
101350
101350
101350
101350
101350
101350
101350
101350
101350
101350
101350
101350
101350
101350
101350
101350
101350
101350
101350
101350
101350
101350
101350
101350
101350
101350
101350
101350
101350
101350
101350
101350
101350
101350
101350
101350
101350
101350
101350
101350
101350
101350
101350
101350
101350
101350
101350
101350
101350
101350
101350
101350
101350
101350
101350
101350
101350
101350
101350
101350
101350
101352
101449
101350
101350
101350
101350
101350
101350
101350
101350
101350
101350
101350
101350
101350
101350
101350
101350
101350
101350
101350
101350
101350
101350
101350
101350
101350
101350
101350
101350
101350
101350
101350
101350
101350
101350
101350
101350
101350
101350
101350
101350
101350
101350
101350
101350
101350
101350
101350
101350
101350
101350
101350
101350
101350
101350
101350
101350
101350
101350
101350
101350
101350
101350
101350
101350
101350
101350
101350
101350
101350
101350
101350
101350
101350
101350
101358
101350
101350
101350
101350
101350
101350
101350
101350
101350
101350
101350
101350
101350
101350
101350
101350
101350
101350
101350
101350
101350
101350
101350
101350
101350
101350
101350
101350
101350
101350
101350
101350
101350
101350
101350
101350
101350
101350
101350
101350
101350
101350
101350
101350
101350
101350
101350
101350
101350
101350
101350
101350
101350
101350
101350
101350
101350
101350
101350
101350
101350
101350
101350
101350
101350
101350
101350
101350
101350
101350
101350
101350
101350
101350
101351
101350
101350
101350
101350
101350
101350
101350
101350
101350
101350
101350
101350
101350
101350
101350
101350
101350
101350
101350
101350
101350
101350
101350
101350
101350
101350
101350
101350
101350
101350
101350
101350
101350
101350
101350
101350
101350
101350
101350
101350
101350
101350
101350
101350
101350
101350
101350
101350
101350
101350
101350
101350
101350
101350
101350
101350
101350
101350
101350
101350
101350
101350
101350
101350
101350
101350
101350
101350
101350
101350
101350
101350
101350
101350
101350
101350
101350
101350
101350
101350
101350
101350
101350
101350
101350
101350
101350
101350
101350
101350
101350
101350
101350
101350
101350
101350
101350
101350
101350
101350
101350
101350
101350
101350
101350
101350
101350
101350
101350
101350
101350
101350
101350
101350
101350
101350
101350
101350
101350
101350
101350
101350
101350
101350
101350
101350
101350
101350
101350
101350
101350
101350
101350
101350
101350
101350
101350
101350
101350
101350
101350
101350
101350
101350
101350
101350
101350
101350
101350
101350
101350
101350
101350
101350
101350
101350
101350
101350
101350
101350
101350
101350
101350
101350
101350
101350
101350
101350
101350
101350
101350
101350
101350
101350
101350
101350
101350
101350
101350
101350
101350
101350
101350
101350
101350
101350
101350
101350
101350
101350
101350
101350
101350
101350
101350
101350
101350
101350
101350
101350
101350
101350
101350
101350
101350
101350
101350
101350
101350
101350
101350
101350
101350
101350
101350
101350
101350
101350
101350
101350
101350
101350
101350
101350
101350
101350
101350
101350
101350
101350
101350
101350
101350
101350
101350
101350
101350
101350
101350
101350
101350
101350
101350
101350
101350
101350
101350
101350
101350
101350
101350
101350
101350
101350
101350
101350
101350
101350
101350
101350
101350
101350
101350
101350
101350
101350
101350
101350
101350
101350
101350
101350
101350
101350
101350
101350
101350
101350
101350
101350
101350
101350
101350
101350
101350
101350
101350
101350
101350
101350
101350
101350
101350
101350
101350
101350
101350
101350
101350
101350
101350
101350
101350
101350
101350
101350
101350
101350
101350
101350
101350
101350
101350
101350
101350
101350
101350
101350
101350
101350
101350
101350
101350
101350
101350
101350
101350
101350
101350
101350
101350
101350
101350
101350
101350
101350
101350
101350
101350
101350
101350
101350
101350
101350
101350
101350
101350
101350
101350
101350
101350
101350
101350
101350
101350
101350
101350
101350
101350
101350
101350
101350
101350
101350
101350
101350
101350
101350
101350
101350
101350
101350
101350
101350
101350
101350
101350
101350
101350
101350
101350
101350
101350
101350
101350
101350
101350
101350
101350
101350
101350
101350
101350
101350
101350
101350
101350
101350
101350
101350
101350
101350
101350
101350
101350
101350
101350
101350
101350
101350
101350
101350
101350
101350
101350
101350
101350
101350
101350
101350
101350
101350
101350
101350
101350
101350
101350
101350
101350
101350
101350
101350
101350
101350
101350
101350
101350
101350
101350
101350
101350
101350
101350
101350
101350
101350
101350
101350
101350
101350
101350
101350
101350
101350
101350
101350
101350
101350
101350
101350
101350
101350
101350
101350
101350
101350
101350
101350
101350
101350
101350
101350
101350
101350
101350
101350
101350
101350
101350
101350
101350
101350
101350
101350
101350
101350
101350
101350
101350
101350
101350
101350
101350
101350
101350
101350
101350
101350
101350
101350
101350
101350
101350
101350
101350
101350
101350
101350
101350
101350
101350
101350
101350
101350
101350
101350
101350
101350
101350
101350
101350
101350
101350
101350
101350
101350
101350
101350
101350
101350
101350
101350
101350
101350
101350
101350
101350
101350
101350
101350
101350
101350
101350
101350
101350
101350
101350
101350
101350
101350
101350
101350
101350
101350
101350
101350
101350
101350
101350
101350
101350
101350
101350
101350
101350
101350
101350
101350
101350
101350
101350
101350
101350
101350
101350
101350
101350
101350
101350
101350
101350
101350
101350
101350
101350
101350
101350
101350
101350
101350
101350
101350
101350
101350
101350
101350
101350
101350
101350
101350
101350
101350
101350
101350
101350
101350
101350
101350
101350
101350
101350
101350
101350
101350
101350
101350
101350
101350
101350
101350
101350
101350
101350
101350
101350
101350
101350
101350
101350
101350
101350
101350
101350
101350
101350
101350
101350
101350
101350
101350
101350
101350
101350
101350
101350
101350
101350
101350
101350
101350
101350
101350
101350
101350
101350
101350
101350
101350
101350
101350
101350
101350
101350
101350
101350
101350
101350
101350
101350
101350
101350
101350
101350
101350
101350
101350
101350
101350
101350
101350
101350
101350
101350
101350
101350
101350
101350
101350
101350
101350
101350
101350
101350
101350
101350
101350
101350
101350
101350
101350
101350
101350
101350
101350
101350
101350
101350
101350
101350
101350
101350
101350
101350
101350
101350
101350
101350
101350
101350
101350
101350
101350
101350
101350
101350
101350
101350
101350
101350
101350
101350
101350
101350
101350
101350
101350
101350
101350
101350
101350
101350
101350
101350
101350
101350
101350
101350
101350
101350
101350
101350
101350
101350
101350
101350
101350
101350
101350
101350
101350
101350
101350
101350
101350
101350
101350
101350
101350
101350
101350
101350
101350
101350
101350
101350
101350
101350
101350
101350
101350
101350
101350
101350
101350
101350
101350
101350
101350
101350
101350
101350
101350
101350
101350
101350
101350
101350
101350
101350
101350
101350
101350
101350
101350
101350
101350
101350
101350
101350
101350
101350
101350
101350
101350
101350
101350
101350
101350
101350
101350
101350
101350
101350
101350
101350
101350
101350
101350
101350
101350
101350
101350
101350
101350
101350
101350
101350
101350
101350
101350
101350
101350
101350
101350
101350
101350
101350
101350
101350
101350
101350
101350
101350
101350
101350
101350
101350
101350
101350
101350
101350
101350
101350
101350
101350
101350
101350
101350
101350
101350
101350
101350
101350
101350
101350
101350
101350
101350
101350
101350
101350
101350
101350
101350
101350
101350
101350
101350
101350
101350
101350
101350
101350
101350
101350
101350
101350
101350
101350
101350
101350
101350
101350
101350
101350
101350
101350
101350
101350
101350
101350
101350
101350
101350
101350
101350
101350
101350
101350
101350
101350
101350
101350
101350
101350
101350
101350
101350
101350
101350
101350
101350
101350
101350
101350
101350
101350
101350
101350
101350
101350
101350
101350
101350
101350
101350
101350
101350
101350
101350
101350
101350
101350
101350
101350
101350
101350
101350
101350
101350
101350
101350
101350
101350
101350
101350
101350
101350
101350
101350
101350
101350
101350
101350
101350
101350
101350
101350
101350
101350
101350
101350
101350
101350
101350
101350
101350
101350
101350
101350
101350
101350
101350
101350
101350
101350
101350
101350
101350
101350
101350
101350
101350
101350
101350
101350
101350
101350
101350
101350
101350
101350
101350
101350
101350
101350
101350
101350
101350
101350
101350
101350
101350
101350
101350
101350
101350
101350
101350
101350
101350
101350
101350
101350
101350
101350
101350
101350
101350
101350
101350
101350
101350
101350
101350
101350
101350
101350
101350
101350
101350
101350
101350
101350
101350
101350
101350
101350
101350
101350
101350
101350
101350
101350
101350
101350
101350
101350
101350
101350
101350
101350
101350
101350
101350
101350
101350
101350
101350
101350
101350
101350
101350
101350
101350
101350
101350
101350
101350
101350
101350
101350
101350
101350
101350
101350
101350
101350
101350
101350
101350
101350
101350
101350
101350
101350
101350
101350
101350
101350
101350
101350
101350
101350
101350
101350
101350
101350
101350
101350
101350
101350
101350
101350
101350
101350
101350
101350
101350
101350
101350
101350
101350
101350
101350
101350
101350
101350
101350
101350
101350
101350
101350
101350
101350
101350
101350
101350
101350
101350
101350
101350
101350
101350
101350
101350
101350
101350
101350
101350
101350
101350
101350
101350
101350
101350
101350
101350
101350
101350
101350
101350
101350
101350
101350
101350
101350
101350
101350
101350
101350
101350
101350
101350
101350
101350
101350
101350
101350
101350
101350
101350
101350
101350
101350
101350
101350
101350
101350
101350
101350
101350
101350
101350
101350
101350
101350
101350
101350
101350
101350
101350
101350
101350
101350
101350
101350
101350
101350
101350
101350
101350
101350
101350
101350
101350
101350
101350
101350
101350
101350
101350
101350
101350
101350
101350
101350
101350
101350
101350
101350
101350
101350
101350
101350
101350
101350
101350
101350
101350
101350
101350
101350
101350
101350
101350
101350
101350
101350
101350
101350
101350
101350
101350
101350
101350
101350
101350
101350
101350
101350
101350
101350
101350
101350
101350
101350
101350
101350
101350
101350
101350
101350
101350
101350
101350
101350
101350
101350
101350
101350
101350
101350
101350
101350
101350
101350
101350
101350
101350
101350
101350
101350
101350
101350
101350
101350
101350
101350
101350
101350
101350
101350
101350
101350
101350
101350
101350
101350
101350
101350
101350
101350
101350
101350
101350
101350
101350
101350
101350
101350
101350
101350
101350
101350
101350
101350
101350
101350
101350
101350
101350
101350
101350
101350
101350
101350
101350
101350
101350
101350
101350
101350
101350
101350
101350
101350
101350
101350
101350
101350
101350
101350
101350
101350
101350
101350
101350
101350
101350
101350
101350
101350
101350
101350
101350
101350
101350
101350
101350
101350
101350
101350
101350
101350
101350
101350
101350
101350
101350
101350
101350
101350
101350
101350
101350
101350
101350
101350
101350
101350
101350
101350
101350
101350
101350
101350
101350
101350
101350
101350
101350
101350
101350
101350
101350
101350
101350
101350
101350
101350
101350
101350
101350
101350
)
;

boundaryField
{
    inlet
    {
        type            fixedValue;
        value           uniform 101350;
    }
    outlet
    {
        type            zeroGradient;
    }
    bottom
    {
        type            symmetryPlane;
    }
    top
    {
        type            symmetryPlane;
    }
    obstacle
    {
        type            zeroGradient;
    }
    defaultFaces
    {
        type            empty;
    }
}


// ************************************************************************* //
