/*--------------------------------*- C++ -*----------------------------------*\
| =========                 |                                                 |
| \\      /  F ield         | OpenFOAM: The Open Source CFD Toolbox           |
|  \\    /   O peration     | Version:  v1812                                 |
|   \\  /    A nd           | Web:      www.OpenFOAM.com                      |
|    \\/     M anipulation  |                                                 |
\*---------------------------------------------------------------------------*/
FoamFile
{
    version     2.0;
    format      ascii;
    class       volScalarField;
    location    "0.0035";
    object      rho;
}
// * * * * * * * * * * * * * * * * * * * * * * * * * * * * * * * * * * * * * //

dimensions      [1 -3 0 0 0 0 0];


internalField   nonuniform List<scalar> 
8475
(
1.22191
1.22191
1.22191
1.22191
1.22191
1.22191
1.22191
1.22191
1.22191
1.22191
1.22191
1.22191
1.22191
1.22191
1.22191
1.22191
1.22191
1.22191
1.22191
1.22191
1.22191
1.22191
1.22191
1.22191
1.22191
1.22191
1.22191
1.22191
1.22191
1.22191
1.22191
1.22191
1.22191
1.22191
1.22191
1.22191
1.22198
1.22637
1.22191
1.22191
1.22191
1.22191
1.22191
1.22191
1.22191
1.22191
1.22191
1.22191
1.22191
1.22191
1.22191
1.22191
1.22191
1.22191
1.22191
1.22191
1.22191
1.22191
1.22191
1.22191
1.22191
1.22191
1.22191
1.22191
1.22191
1.22191
1.22191
1.22191
1.22191
1.22191
1.22191
1.22191
1.22191
1.22191
1.22194
1.22297
1.22191
1.22191
1.22191
1.22191
1.22191
1.22191
1.22191
1.22191
1.22191
1.22191
1.22191
1.22191
1.22191
1.22191
1.22191
1.22191
1.22191
1.22191
1.22191
1.22191
1.22191
1.22191
1.22191
1.22191
1.22191
1.22191
1.22191
1.22191
1.22191
1.22191
1.22191
1.22191
1.22191
1.22191
1.22191
1.22191
1.22192
1.22206
1.22191
1.22191
1.22191
1.22191
1.22191
1.22191
1.22191
1.22191
1.22191
1.22191
1.22191
1.22191
1.22191
1.22191
1.22191
1.22191
1.22191
1.22191
1.22191
1.22191
1.22191
1.22191
1.22191
1.22191
1.22191
1.22191
1.22191
1.22191
1.22191
1.22191
1.22191
1.22191
1.22191
1.22191
1.22191
1.22191
1.22191
1.22193
1.22191
1.22191
1.22191
1.22191
1.22191
1.22191
1.22191
1.22191
1.22191
1.22191
1.22191
1.22191
1.22191
1.22191
1.22191
1.22191
1.22191
1.22191
1.22191
1.22191
1.22191
1.22191
1.22191
1.22191
1.22191
1.22191
1.22191
1.22191
1.22191
1.22191
1.22191
1.22191
1.22191
1.22191
1.22191
1.22191
1.22191
1.22191
1.22191
1.22191
1.22191
1.22191
1.22191
1.22191
1.22191
1.22191
1.22191
1.22191
1.22191
1.22191
1.22191
1.22191
1.22191
1.22191
1.22191
1.22191
1.22191
1.22191
1.22191
1.22191
1.22191
1.22191
1.22191
1.22191
1.22191
1.22191
1.22191
1.22191
1.22191
1.22191
1.22191
1.22191
1.22191
1.22191
1.22191
1.22191
1.22191
1.22191
1.22191
1.22191
1.22191
1.22191
1.22191
1.22191
1.22191
1.22191
1.22191
1.22191
1.22191
1.22191
1.22191
1.22191
1.22191
1.22191
1.22191
1.22191
1.22191
1.22191
1.22191
1.22191
1.22191
1.22191
1.22191
1.22191
1.22191
1.22191
1.22191
1.22191
1.22191
1.22191
1.22191
1.22191
1.22191
1.22191
1.22191
1.22191
1.22191
1.22191
1.22191
1.22191
1.22191
1.22191
1.22191
1.22191
1.22191
1.22191
1.22191
1.22191
1.22191
1.22191
1.22191
1.22191
1.22191
1.22191
1.22191
1.22191
1.22191
1.22191
1.22191
1.22191
1.22191
1.22191
1.22191
1.22191
1.22191
1.22191
1.22191
1.22191
1.22191
1.22191
1.22191
1.22191
1.22191
1.22191
1.22191
1.22191
1.22191
1.22191
1.22191
1.22191
1.22191
1.22191
1.22191
1.22191
1.22191
1.22191
1.22191
1.22191
1.22191
1.22191
1.22191
1.22191
1.22191
1.22191
1.22191
1.22191
1.22191
1.22191
1.22191
1.22191
1.22191
1.22191
1.22191
1.22191
1.22191
1.22191
1.22191
1.22191
1.22191
1.22191
1.22191
1.22191
1.22191
1.22191
1.22191
1.22191
1.22191
1.22191
1.22191
1.22191
1.22191
1.22191
1.22191
1.22191
1.22191
1.22191
1.22191
1.22191
1.22191
1.22191
1.22191
1.22191
1.22191
1.22191
1.22191
1.22191
1.22191
1.22191
1.22191
1.22191
1.22191
1.22191
1.22191
1.22191
1.22191
1.22191
1.22191
1.22191
1.22191
1.22191
1.22191
1.22191
1.22191
1.22191
1.22191
1.22191
1.22191
1.22191
1.22191
1.22191
1.22191
1.22191
1.22191
1.22191
1.22191
1.22191
1.22191
1.22191
1.22191
1.22191
1.22191
1.22191
1.22191
1.22191
1.22191
1.22191
1.22191
1.22191
1.22191
1.22191
1.22191
1.22191
1.22191
1.22191
1.22191
1.22191
1.22191
1.22191
1.22191
1.22191
1.22191
1.22191
1.22191
1.22191
1.22191
1.22191
1.22191
1.22191
1.22191
1.22191
1.22191
1.22191
1.22191
1.22191
1.22191
1.22191
1.22191
1.22191
1.22191
1.22191
1.22191
1.22191
1.22191
1.22191
1.22191
1.22191
1.22191
1.22191
1.22191
1.22191
1.22191
1.22191
1.22191
1.22191
1.22191
1.22191
1.22191
1.22191
1.22191
1.22191
1.22191
1.22191
1.22191
1.22191
1.22191
1.22191
1.22191
1.22191
1.22191
1.22191
1.22191
1.22191
1.22191
1.22191
1.22191
1.22191
1.22191
1.22191
1.22191
1.22191
1.22191
1.22191
1.22191
1.22191
1.22191
1.22191
1.22191
1.22191
1.22191
1.22191
1.22191
1.22191
1.22191
1.22191
1.22191
1.22191
1.22191
1.22191
1.22191
1.22191
1.22191
1.22191
1.22191
1.22191
1.22191
1.22191
1.22191
1.22191
1.22191
1.22191
1.22191
1.22191
1.22191
1.22191
1.22191
1.22191
1.22191
1.22191
1.22191
1.22191
1.22191
1.22191
1.22191
1.22191
1.22191
1.22191
1.22191
1.22191
1.22191
1.22191
1.22191
1.22191
1.22191
1.22191
1.22191
1.22191
1.22191
1.22191
1.22191
1.22191
1.22191
1.22191
1.22191
1.22191
1.22191
1.22191
1.22191
1.22191
1.22191
1.22191
1.22191
1.22191
1.22191
1.22191
1.22191
1.22191
1.22191
1.22191
1.22191
1.22191
1.22191
1.22191
1.22191
1.22191
1.22191
1.22191
1.22191
1.22191
1.22191
1.22191
1.22191
1.22191
1.22191
1.22191
1.22191
1.22191
1.22191
1.22191
1.22191
1.22191
1.22191
1.22191
1.22191
1.22191
1.22191
1.22191
1.22191
1.22191
1.22191
1.22191
1.22191
1.22191
1.22191
1.22191
1.22191
1.22191
1.22191
1.22191
1.22191
1.22191
1.22191
1.22191
1.22191
1.22191
1.22191
1.22191
1.22191
1.22191
1.22191
1.22191
1.22191
1.22191
1.22191
1.22191
1.22191
1.22191
1.22191
1.22191
1.22191
1.22191
1.22191
1.22191
1.22191
1.22191
1.22191
1.22191
1.22191
1.22191
1.22191
1.22191
1.22191
1.22191
1.22191
1.22191
1.22191
1.22191
1.22191
1.22191
1.22191
1.22191
1.22191
1.22191
1.22191
1.22191
1.22191
1.22191
1.22191
1.22191
1.22191
1.22191
1.22191
1.22191
1.22191
1.22191
1.22191
1.22191
1.22191
1.22191
1.22191
1.22191
1.22191
1.22191
1.22191
1.22191
1.22191
1.22191
1.22191
1.22191
1.22191
1.22191
1.22191
1.22191
1.22191
1.22191
1.22191
1.22191
1.22191
1.22191
1.22191
1.22191
1.22191
1.22191
1.22191
1.22191
1.22191
1.22191
1.22191
1.22191
1.22191
1.22191
1.22191
1.22191
1.22191
1.22191
1.22191
1.22191
1.22191
1.22191
1.22191
1.22191
1.22191
1.22191
1.22191
1.22191
1.22191
1.22191
1.22191
1.22191
1.22191
1.22191
1.22191
1.22191
1.22191
1.22191
1.22191
1.22191
1.22191
1.22191
1.22191
1.22191
1.22191
1.22191
1.22191
1.22191
1.22191
1.22191
1.22191
1.22191
1.22191
1.22191
1.22191
1.22191
1.22191
1.22191
1.22191
1.22191
1.22191
1.22191
1.22191
1.22191
1.22191
1.22191
1.22191
1.22191
1.22191
1.22191
1.22191
1.22191
1.22191
1.22191
1.22191
1.22191
1.22191
1.22191
1.22191
1.22191
1.22191
1.22191
1.22191
1.22191
1.22191
1.22191
1.22191
1.22191
1.22191
1.22191
1.22191
1.22191
1.22191
1.22191
1.22191
1.22191
1.22191
1.22191
1.22191
1.22191
1.22191
1.22191
1.22191
1.22191
1.22191
1.22191
1.22191
1.22191
1.22191
1.22191
1.22191
1.22191
1.22191
1.22191
1.22191
1.22191
1.22191
1.22191
1.22191
1.22191
1.22191
1.22191
1.22191
1.22191
1.22191
1.22191
1.22191
1.22191
1.22191
1.22191
1.22191
1.22191
1.22191
1.22191
1.22191
1.22191
1.22191
1.22191
1.22191
1.22191
1.22191
1.22191
1.22191
1.22191
1.22191
1.22191
1.22191
1.22191
1.22191
1.22191
1.22191
1.22191
1.22191
1.22191
1.22191
1.22191
1.22191
1.22191
1.22191
1.22191
1.22191
1.22191
1.22191
1.22191
1.22191
1.22191
1.22191
1.22191
1.22191
1.22191
1.22191
1.22191
1.22191
1.22191
1.22191
1.22191
1.22191
1.22191
1.22191
1.22191
1.22191
1.22191
1.22191
1.22191
1.22191
1.22191
1.22191
1.22191
1.22191
1.22191
1.22191
1.22191
1.22191
1.22191
1.22191
1.22191
1.22191
1.22191
1.22191
1.22191
1.22191
1.22191
1.22191
1.22191
1.22191
1.22191
1.22191
1.22191
1.22191
1.22191
1.22191
1.22191
1.22191
1.22191
1.22191
1.22191
1.22191
1.22191
1.22191
1.22191
1.22191
1.22191
1.22191
1.22191
1.22191
1.22191
1.22191
1.22191
1.22191
1.22191
1.22191
1.22191
1.22191
1.22191
1.22191
1.22191
1.22191
1.22191
1.22191
1.22191
1.22191
1.22191
1.22191
1.22191
1.22191
1.22191
1.22191
1.22191
1.22191
1.22191
1.22191
1.22191
1.22191
1.22191
1.22191
1.22191
1.22191
1.22191
1.22191
1.22191
1.22191
1.22191
1.22191
1.22191
1.22191
1.22191
1.22191
1.22191
1.22191
1.22191
1.22191
1.22191
1.22191
1.22191
1.22191
1.22191
1.22191
1.22191
1.22191
1.22191
1.22191
1.22191
1.22191
1.22191
1.22191
1.22191
1.22191
1.22191
1.22191
1.22191
1.22191
1.22191
1.22191
1.22191
1.22191
1.22191
1.22191
1.22191
1.22191
1.22191
1.22191
1.22191
1.22191
1.22191
1.22191
1.22191
1.22191
1.22191
1.22191
1.22191
1.22191
1.22191
1.22191
1.22191
1.22191
1.22191
1.22191
1.22191
1.22191
1.22191
1.22191
1.22191
1.22191
1.22191
1.22191
1.22191
1.22191
1.22191
1.22191
1.22191
1.22191
1.22191
1.22191
1.22191
1.22191
1.22191
1.22191
1.22191
1.22191
1.22191
1.22191
1.22191
1.22191
1.22191
1.22191
1.22191
1.22191
1.22191
1.22191
1.22191
1.22191
1.22191
1.22191
1.22191
1.22191
1.22191
1.22191
1.22191
1.22191
1.22191
1.22191
1.22191
1.22191
1.22191
1.22191
1.22191
1.22191
1.22191
1.22191
1.22191
1.22191
1.22191
1.22191
1.22191
1.22191
1.22191
1.22191
1.22191
1.22191
1.22191
1.22191
1.22191
1.22191
1.22191
1.22191
1.22191
1.22191
1.22191
1.22191
1.22191
1.22191
1.22191
1.22191
1.22191
1.22191
1.22191
1.22191
1.22191
1.22191
1.22191
1.22191
1.22191
1.22191
1.22191
1.22191
1.22191
1.22191
1.22191
1.22191
1.22191
1.22191
1.22191
1.22191
1.22191
1.22191
1.22191
1.22191
1.22191
1.22191
1.22191
1.22191
1.22191
1.22191
1.22191
1.22191
1.22191
1.22191
1.22191
1.22191
1.22191
1.22191
1.22191
1.22191
1.22191
1.22191
1.22191
1.22191
1.22191
1.22191
1.22191
1.22191
1.22191
1.22191
1.22191
1.22191
1.22191
1.22191
1.22191
1.22191
1.22191
1.22191
1.22191
1.22191
1.22191
1.22191
1.22191
1.22191
1.22191
1.22191
1.22191
1.22191
1.22191
1.22191
1.22191
1.22191
1.22191
1.22191
1.22191
1.22191
1.22191
1.22191
1.22191
1.22191
1.22191
1.22191
1.22191
1.22191
1.22191
1.22191
1.22191
1.22191
1.22191
1.22191
1.22191
1.22191
1.22191
1.22191
1.22191
1.22191
1.22191
1.22191
1.22191
1.22191
1.22191
1.22191
1.22191
1.22191
1.22191
1.22191
1.22191
1.22191
1.22191
1.22191
1.22191
1.22191
1.22191
1.22191
1.22191
1.22191
1.22191
1.22191
1.22191
1.22191
1.22191
1.22191
1.22191
1.22191
1.22191
1.22191
1.22191
1.22191
1.22191
1.22191
1.22191
1.22191
1.22191
1.22191
1.22191
1.22191
1.22191
1.22191
1.22191
1.22191
1.22191
1.22191
1.22191
1.22191
1.22191
1.22191
1.22191
1.22191
1.22191
1.22191
1.22191
1.22191
1.22191
1.22191
1.22191
1.22191
1.22191
1.22191
1.22191
1.22191
1.22191
1.22191
1.22191
1.22191
1.22191
1.22191
1.22191
1.22191
1.22191
1.22191
1.22191
1.22191
1.22191
1.22191
1.22191
1.22191
1.22191
1.22191
1.22191
1.22191
1.22191
1.22191
1.22191
1.22191
1.22191
1.22191
1.22191
1.22191
1.22191
1.22191
1.22191
1.22191
1.22191
1.22191
1.22191
1.22191
1.22191
1.22191
1.22191
1.22191
1.22191
1.22191
1.22191
1.22191
1.22191
1.22191
1.22191
1.22191
1.22191
1.22191
1.22191
1.22191
1.22191
1.22191
1.22191
1.22191
1.22191
1.22191
1.22191
1.22191
1.22191
1.22191
1.22191
1.22191
1.22191
1.22191
1.22191
1.22191
1.22191
1.22191
1.22191
1.22191
1.22191
1.22191
1.22191
1.22191
1.22191
1.22191
1.22191
1.22191
1.22191
1.22191
1.22191
1.22191
1.22191
1.22191
1.22191
1.22191
1.22191
1.22191
1.22191
1.22191
1.22191
1.22191
1.22191
1.22191
1.22191
1.22191
1.22191
1.22191
1.22191
1.22191
1.22191
1.22191
1.22191
1.22191
1.22191
1.22191
1.22191
1.22191
1.22191
1.22191
1.22191
1.22191
1.22191
1.22191
1.22191
1.22191
1.22191
1.22191
1.22191
1.22191
1.22191
1.22191
1.22191
1.22191
1.22191
1.22191
1.22191
1.22191
1.22191
1.22191
1.22191
1.22191
1.22191
1.22191
1.22191
1.22191
1.22191
1.22191
1.22191
1.22191
1.22191
1.22191
1.22191
1.22191
1.22191
1.22191
1.22191
1.22191
1.22191
1.22191
1.22191
1.22191
1.22191
1.22191
1.22191
1.22191
1.22191
1.22191
1.22191
1.22191
1.22191
1.22191
1.22191
1.22191
1.22191
1.22191
1.22191
1.22191
1.22191
1.22191
1.22191
1.22191
1.22191
1.22191
1.22191
1.22191
1.22191
1.22191
1.22191
1.22191
1.22191
1.22191
1.22191
1.22191
1.22191
1.22191
1.22191
1.22191
1.22191
1.22191
1.22191
1.22191
1.22191
1.22191
1.22191
1.22191
1.22191
1.22191
1.22191
1.22191
1.22191
1.22191
1.22191
1.22191
1.22191
1.22191
1.22191
1.22191
1.22191
1.22191
1.22191
1.22191
1.22191
1.22191
1.22191
1.22191
1.22191
1.22191
1.22191
1.22191
1.22191
1.22191
1.22191
1.22191
1.22191
1.22191
1.22191
1.22191
1.22191
1.22191
1.22191
1.22191
1.22191
1.22191
1.22191
1.22191
1.22191
1.22191
1.22191
1.22191
1.22191
1.22191
1.22191
1.22191
1.22191
1.22191
1.22191
1.22191
1.22191
1.22191
1.22191
1.22191
1.22191
1.22191
1.22191
1.22191
1.22191
1.22191
1.22191
1.22191
1.22191
1.22191
1.22191
1.22191
1.22191
1.22191
1.22191
1.22191
1.22191
1.22191
1.22191
1.22191
1.22191
1.22191
1.22191
1.22191
1.22191
1.22191
1.22191
1.22191
1.22191
1.22191
1.22191
1.22191
1.22191
1.22191
1.22191
1.22191
1.22191
1.22191
1.22191
1.22191
1.22191
1.22191
1.22191
1.22191
1.22191
1.22191
1.22191
1.22191
1.22191
1.22191
1.22191
1.22191
1.22191
1.22191
1.22191
1.22191
1.22191
1.22191
1.22191
1.22191
1.22191
1.22191
1.22191
1.22191
1.22191
1.22191
1.22191
1.22191
1.22191
1.22191
1.22191
1.22191
1.22191
1.22191
1.22191
1.22191
1.22191
1.22191
1.22191
1.22191
1.22191
1.22191
1.22191
1.22191
1.22191
1.22191
1.22191
1.22191
1.22191
1.22191
1.22191
1.22191
1.22191
1.22191
1.22191
1.22191
1.22191
1.22191
1.22191
1.22191
1.22191
1.22191
1.22191
1.22191
1.22191
1.22191
1.22191
1.22191
1.22191
1.22191
1.22191
1.22191
1.22191
1.22191
1.22191
1.22191
1.22191
1.22191
1.22191
1.22191
1.22191
1.22191
1.22191
1.22191
1.22191
1.22191
1.22191
1.22191
1.22191
1.22191
1.22191
1.22191
1.22191
1.22191
1.22191
1.22191
1.22191
1.22191
1.22191
1.22191
1.22191
1.22191
1.22191
1.22191
1.22191
1.22191
1.22191
1.22191
1.22191
1.22191
1.22191
1.22191
1.22191
1.22191
1.22191
1.22191
1.22191
1.22191
1.22191
1.22191
1.22191
1.22191
1.22191
1.22191
1.22191
1.22191
1.22191
1.22191
1.22191
1.22191
1.22191
1.22191
1.22191
1.22191
1.22191
1.22191
1.22191
1.22191
1.22191
1.22191
1.22191
1.22191
1.22191
1.22191
1.22191
1.22191
1.22191
1.22191
1.22191
1.22191
1.22191
1.22191
1.22191
1.22191
1.22191
1.22191
1.22191
1.22191
1.22191
1.22191
1.22191
1.22191
1.22191
1.22191
1.22191
1.22191
1.22191
1.22191
1.22191
1.22191
1.22191
1.22191
1.22191
1.22191
1.22191
1.22191
1.22191
1.22191
1.22191
1.22191
1.22191
1.22191
1.22191
1.22191
1.22191
1.22191
1.22191
1.22191
1.22191
1.22191
1.22191
1.22191
1.22191
1.22191
1.22191
1.22191
1.22191
1.22191
1.22191
1.22191
1.22191
1.22191
1.22191
1.22191
1.22191
1.22191
1.22191
1.22191
1.22191
1.22191
1.22191
1.22191
1.22191
1.22191
1.22191
1.22191
1.22191
1.22191
1.22191
1.22191
1.22191
1.22191
1.22191
1.22191
1.22191
1.22191
1.22191
1.22191
1.22191
1.22191
1.22191
1.22191
1.22191
1.22191
1.22191
1.22191
1.22191
1.22191
1.22191
1.22191
1.22191
1.22191
1.22191
1.22191
1.22191
1.22191
1.22191
1.22191
1.22191
1.22191
1.22191
1.22191
1.22191
1.22191
1.22191
1.22191
1.22191
1.22191
1.22191
1.22191
1.22191
1.22191
1.22191
1.22191
1.22191
1.22191
1.22191
1.22191
1.22191
1.22191
1.22191
1.22191
1.22191
1.22191
1.22191
1.22191
1.22191
1.22191
1.22191
1.22191
1.22191
1.22191
1.22191
1.22191
1.22191
1.22191
1.22191
1.22191
1.22191
1.22191
1.22191
1.22191
1.22191
1.22191
1.22191
1.22191
1.22191
1.22191
1.22191
1.22191
1.22191
1.22191
1.22191
1.22191
1.22191
1.22191
1.22191
1.22191
1.22191
1.22191
1.22191
1.22191
1.22191
1.22191
1.22191
1.22191
1.22191
1.22191
1.22191
1.22191
1.22191
1.22191
1.22191
1.22191
1.22191
1.22191
1.22191
1.22191
1.22191
1.22191
1.22191
1.22191
1.22191
1.22191
1.22191
1.22191
1.22191
1.22191
1.22191
1.22191
1.22191
1.22191
1.22191
1.22191
1.22191
1.22191
1.22191
1.22191
1.22191
1.22191
1.22191
1.22191
1.22191
1.22191
1.22191
1.22191
1.22191
1.22191
1.22191
1.22191
1.22191
1.22191
1.22191
1.22191
1.22191
1.22191
1.22191
1.22191
1.22191
1.22191
1.22191
1.22191
1.22191
1.22191
1.22191
1.22191
1.22191
1.22191
1.22191
1.22191
1.22191
1.22191
1.22191
1.22191
1.22191
1.22191
1.22191
1.22191
1.22191
1.22191
1.22191
1.22191
1.22191
1.22191
1.22191
1.22191
1.22191
1.22191
1.22191
1.22191
1.22191
1.22191
1.22191
1.22191
1.22191
1.22191
1.22191
1.22191
1.22191
1.22191
1.22191
1.22191
1.22191
1.22191
1.22191
1.22191
1.22191
1.22191
1.22191
1.22191
1.22191
1.22191
1.22191
1.22191
1.22191
1.22191
1.22191
1.22191
1.22191
1.22191
1.22191
1.22191
1.22191
1.22191
1.22191
1.22191
1.22191
1.22191
1.22191
1.22191
1.22191
1.22191
1.22191
1.22191
1.22191
1.22191
1.22191
1.22191
1.22191
1.22191
1.22191
1.22191
1.22191
1.22191
1.22191
1.22191
1.22191
1.22191
1.22191
1.22191
1.22191
1.22191
1.22191
1.22191
1.22191
1.22191
1.22191
1.22191
1.22191
1.22191
1.22191
1.22191
1.22191
1.22191
1.22191
1.22191
1.22191
1.22191
1.22191
1.22191
1.22191
1.22191
1.22191
1.22191
1.22191
1.22191
1.22191
1.22191
1.22191
1.22191
1.22191
1.22191
1.22191
1.22191
1.22191
1.22191
1.22191
1.22191
1.22191
1.22191
1.22191
1.22191
1.22191
1.22191
1.22191
1.22191
1.22191
1.22191
1.22191
1.22191
1.22191
1.22191
1.22191
1.22191
1.22191
1.22191
1.22191
1.22191
1.22191
1.22191
1.22191
1.22191
1.22191
1.22191
1.22191
1.22191
1.22191
1.22191
1.22191
1.22191
1.22191
1.22191
1.22191
1.22191
1.22191
1.22191
1.22191
1.22191
1.22191
1.22191
1.22191
1.22191
1.22191
1.22191
1.22191
1.22191
1.22191
1.22191
1.22191
1.22191
1.22191
1.22191
1.22191
1.22191
1.22191
1.22191
1.22191
1.22191
1.22191
1.22191
1.22191
1.22191
1.22191
1.22191
1.22191
1.22191
1.22191
1.22191
1.22191
1.22191
1.22191
1.22191
1.22191
1.22191
1.22191
1.22191
1.22191
1.22191
1.22191
1.22191
1.22191
1.22191
1.22191
1.22191
1.22191
1.22191
1.22191
1.22191
1.22191
1.22191
1.22191
1.22191
1.22191
1.22191
1.22191
1.22191
1.22191
1.22191
1.22191
1.22191
1.22191
1.22191
1.22191
1.22191
1.22191
1.22191
1.22191
1.22191
1.22191
1.22191
1.22191
1.22191
1.22191
1.22191
1.22191
1.22191
1.22191
1.22191
1.22191
1.22191
1.22191
1.22191
1.22191
1.22191
1.22191
1.22191
1.22191
1.22191
1.22191
1.22191
1.22191
1.22191
1.22191
1.22191
1.22191
1.22191
1.22191
1.22191
1.22191
1.22191
1.22191
1.22191
1.22191
1.22191
1.22191
1.22191
1.22191
1.22191
1.22191
1.22191
1.22191
1.22191
1.22191
1.22191
1.22191
1.22191
1.22191
1.22191
1.22191
1.22191
1.22191
1.22191
1.22191
1.22191
1.22191
1.22191
1.22191
1.22191
1.22191
1.22191
1.22191
1.22191
1.22191
1.22191
1.22191
1.22191
1.22191
1.22191
1.22191
1.22191
1.22191
1.22191
1.22191
1.22191
1.22191
1.22191
1.22191
1.22191
1.22191
1.22191
1.22191
1.22191
1.22191
1.22191
1.22191
1.22191
1.22191
1.22191
1.22191
1.22191
1.22191
1.22191
1.22191
1.22191
1.22191
1.22191
1.22191
1.22191
1.22191
1.22191
1.22191
1.22191
1.22191
1.22191
1.22191
1.22191
1.22191
1.22191
1.22191
1.22191
1.22191
1.22191
1.22191
1.22191
1.22191
1.22191
1.22191
1.22191
1.22191
1.22191
1.22191
1.22191
1.22191
1.22191
1.22191
1.22191
1.22191
1.22191
1.22191
1.22191
1.22191
1.22191
1.22191
1.22191
1.22191
1.22191
1.22191
1.22191
1.22191
1.22191
1.22191
1.22191
1.22191
1.22191
1.22191
1.22191
1.22191
1.22191
1.22191
1.22191
1.22191
1.22191
1.22191
1.22191
1.22191
1.22191
1.22191
1.22191
1.22191
1.22191
1.22191
1.22191
1.22191
1.22191
1.22191
1.22191
1.22191
1.22191
1.22191
1.22191
1.22191
1.22191
1.22191
1.22191
1.22191
1.22191
1.22191
1.22191
1.22191
1.22191
1.22191
1.22191
1.22191
1.22191
1.22191
1.22191
1.22191
1.22191
1.22191
1.22191
1.22191
1.22191
1.22191
1.22191
1.22191
1.22191
1.22191
1.22191
1.22191
1.22191
1.22191
1.22191
1.22191
1.22191
1.22191
1.22191
1.22191
1.22191
1.22191
1.22191
1.22191
1.22191
1.22191
1.22191
1.22191
1.22191
1.22191
1.22191
1.22191
1.22191
1.22191
1.22191
1.22191
1.22191
1.22191
1.22191
1.22191
1.22191
1.22191
1.22191
1.22191
1.22191
1.22191
1.22191
1.22191
1.22191
1.22191
1.22191
1.22191
1.22191
1.22191
1.22191
1.22191
1.22191
1.22191
1.22191
1.22191
1.22191
1.22191
1.22191
1.22191
1.22191
1.22191
1.22191
1.22191
1.22191
1.22191
1.22191
1.22191
1.22191
1.22191
1.22191
1.22191
1.22191
1.22191
1.22191
1.22191
1.22191
1.22191
1.22191
1.22191
1.22191
1.22191
1.22191
1.22191
1.22191
1.22191
1.22191
1.22191
1.22191
1.22191
1.22191
1.22191
1.22191
1.22191
1.22191
1.22191
1.22191
1.22191
1.22191
1.22191
1.22191
1.22191
1.22191
1.22191
1.22191
1.22191
1.22191
1.22191
1.22191
1.22191
1.22191
1.22191
1.22191
1.22191
1.22191
1.22191
1.22191
1.22191
1.22191
1.22191
1.22191
1.22191
1.22191
1.22191
1.22191
1.22191
1.22191
1.22191
1.22191
1.22191
1.22191
1.22191
1.22191
1.22191
1.22191
1.22191
1.22191
1.22191
1.22191
1.22191
1.22191
1.22191
1.22191
1.22191
1.22191
1.22191
1.22191
1.22191
1.22191
1.22191
1.22191
1.22191
1.22191
1.22191
1.22191
1.22191
1.22191
1.22191
1.22191
1.22191
1.22191
1.22191
1.22191
1.22191
1.22191
1.22191
1.22191
1.22191
1.22191
1.22191
1.22191
1.22191
1.22191
1.22191
1.22191
1.22191
1.22191
1.22191
1.22191
1.22191
1.22191
1.22191
1.22191
1.22191
1.22191
1.22191
1.22191
1.22191
1.22191
1.22191
1.22191
1.22191
1.22191
1.22191
1.22191
1.22191
1.22191
1.22191
1.22191
1.22191
1.22191
1.22191
1.22191
1.22191
1.22191
1.22191
1.22191
1.22191
1.22191
1.22191
1.22191
1.22191
1.22191
1.22191
1.22191
1.22191
1.22191
1.22191
1.22191
1.22191
1.22191
1.22191
1.22191
1.22191
1.22191
1.22191
1.22191
1.22191
1.22191
1.22191
1.22191
1.22191
1.22191
1.22191
1.22191
1.22191
1.22191
1.22191
1.22191
1.22191
1.22191
1.22191
1.22191
1.22191
1.22191
1.22191
1.22191
1.22191
1.22191
1.22191
1.22191
1.22191
1.22191
1.22191
1.22191
1.22191
1.22191
1.22191
1.22191
1.22191
1.22191
1.22191
1.22191
1.22191
1.22191
1.22191
1.22191
1.22191
1.22191
1.22191
1.22191
1.22191
1.22191
1.22191
1.22191
1.22191
1.22191
1.22191
1.22191
1.22191
1.22191
1.22191
1.22191
1.22191
1.22191
1.22191
1.22191
1.22191
1.22191
1.22191
1.22191
1.22191
1.22191
1.22191
1.22191
1.22191
1.22191
1.22191
1.22191
1.22191
1.22191
1.22191
1.22191
1.22191
1.22191
1.22191
1.22191
1.22191
1.22191
1.22191
1.22191
1.22191
1.22191
1.22191
1.22191
1.22191
1.22191
1.22191
1.22191
1.22191
1.22191
1.22191
1.22191
1.22191
1.22191
1.22191
1.22191
1.22191
1.22191
1.22191
1.22191
1.22191
1.22191
1.22191
1.22191
1.22191
1.22191
1.22191
1.22191
1.22191
1.22191
1.22191
1.22191
1.22191
1.22191
1.22191
1.22191
1.22191
1.22191
1.22191
1.22191
1.22191
1.22191
1.22191
1.22191
1.22191
1.22191
1.22191
1.22191
1.22191
1.22191
1.22191
1.22191
1.22191
1.22191
1.22191
1.22191
1.22191
1.22191
1.22191
1.22191
1.22191
1.22191
1.22191
1.22191
1.22191
1.22191
1.22191
1.22191
1.22191
1.22191
1.22191
1.22191
1.22191
1.22191
1.22191
1.22191
1.22191
1.22191
1.22191
1.22191
1.22191
1.22191
1.22191
1.22191
1.22191
1.22191
1.22191
1.22191
1.22191
1.22191
1.22191
1.22191
1.22191
1.22191
1.22191
1.22191
1.22191
1.22191
1.22191
1.22191
1.22191
1.22191
1.22191
1.22191
1.22191
1.22191
1.22191
1.22191
1.22191
1.22191
1.22191
1.22191
1.22191
1.22191
1.22191
1.22191
1.22191
1.22191
1.22191
1.22191
1.22191
1.22191
1.22191
1.22191
1.22191
1.22191
1.22191
1.22191
1.22191
1.22191
1.22191
1.22191
1.22191
1.22191
1.22191
1.22191
1.22191
1.22191
1.22191
1.22191
1.22191
1.22191
1.22191
1.22191
1.22191
1.22191
1.22191
1.22191
1.22191
1.22191
1.22191
1.22191
1.22191
1.22191
1.22191
1.22191
1.22191
1.22191
1.22191
1.22191
1.22191
1.22191
1.22191
1.22191
1.22191
1.22191
1.22191
1.22191
1.22191
1.22191
1.22191
1.22191
1.22191
1.22191
1.22191
1.22191
1.22191
1.22191
1.22191
1.22191
1.22191
1.22191
1.22191
1.22191
1.22191
1.22191
1.22191
1.22191
1.22191
1.22191
1.22191
1.22191
1.22191
1.22191
1.22191
1.22191
1.22191
1.22191
1.22191
1.22191
1.22191
1.22191
1.22191
1.22191
1.22191
1.22191
1.22191
1.22191
1.22191
1.22191
1.22191
1.22191
1.22191
1.46051
1.83243
2.1343
2.54339
2.61759
2.73096
2.66151
2.50156
2.23529
2.19338
2.20752
2.23716
2.23579
2.23351
2.23255
2.2401
2.25167
2.26267
2.27526
2.27541
2.27697
2.2768
2.27142
2.26873
2.2682
2.26498
2.25956
2.25741
2.2577
2.25954
2.2635
2.26422
2.26372
2.26174
2.25834
2.25356
2.25263
2.25473
2.25664
2.25987
2.26279
2.26286
2.26054
2.2576
2.25464
2.25131
2.25064
2.2512
2.25289
2.25537
2.25801
2.25804
2.25756
2.25662
2.25775
2.25849
2.25952
2.2614
2.2637
2.2624
2.26005
2.25678
2.25332
2.25007
2.24783
2.24756
2.24828
2.24966
2.25196
2.25528
2.25861
2.26138
2.26218
2.26157
2.2593
1.24705
1.29614
1.44026
1.63715
1.90844
2.27905
2.38467
2.34877
2.372
2.38797
2.37131
2.34607
2.30938
2.26165
2.25839
2.26161
2.28068
2.29333
2.30147
2.30747
2.31076
2.31432
2.30886
2.30006
2.29094
2.28681
2.28185
2.28313
2.29057
2.29997
2.30779
2.30984
2.30881
2.30493
2.29802
2.28974
2.28627
2.28366
2.28225
2.28182
2.2817
2.2817
2.28238
2.28298
2.28351
2.28377
2.2877
2.29071
2.29364
2.2963
2.29776
2.2969
2.29479
2.29188
2.29114
2.29099
2.29121
2.29192
2.29198
2.29081
2.28829
2.28558
2.2829
2.28036
2.27781
2.27747
2.2776
2.27814
2.27943
2.28169
2.28396
2.28522
2.28574
2.28529
2.28332
1.22268
1.22539
1.23556
1.2643
1.4133
1.56865
2.00908
2.47357
2.55691
2.48289
2.35073
2.33148
2.27417
2.26409
2.26432
2.27296
2.28576
2.27877
2.27552
2.27583
2.28064
2.2882
2.29453
2.29339
2.2861
2.28094
2.27733
2.27719
2.28005
2.28556
2.29188
2.29555
2.29685
2.29554
2.29172
2.28828
2.28628
2.28651
2.2882
2.29028
2.29211
2.29276
2.29218
2.28983
2.28662
2.2846
2.28492
2.28836
2.29018
2.2902
2.28965
2.2891
2.28815
2.28714
2.28735
2.29014
2.29235
2.2947
2.2953
2.29575
2.29512
2.29297
2.29005
2.28684
2.2833
2.28181
2.28075
2.28056
2.28171
2.2838
2.28651
2.2898
2.29093
2.2913
2.29085
1.22194
1.22202
1.22234
1.22364
1.23073
1.25325
1.37334
1.67489
2.18825
2.20078
2.34299
2.34503
2.31524
2.30971
2.31142
2.28955
2.26646
2.24533
2.2463
2.25354
2.25817
2.26507
2.27202
2.27274
2.27201
2.27135
2.27211
2.27266
2.27412
2.2765
2.27803
2.27688
2.27593
2.27388
2.27148
2.27001
2.27037
2.2718
2.27687
2.28013
2.28402
2.28566
2.2864
2.28718
2.28716
2.2873
2.28656
2.28653
2.28663
2.28507
2.28311
2.28082
2.27862
2.27698
2.27612
2.27685
2.27855
2.28072
2.28264
2.28246
2.28296
2.28171
2.27907
2.27627
2.27248
2.27019
2.26907
2.26936
2.27129
2.27403
2.27715
2.28048
2.28218
2.28327
2.28438
1.22191
1.22192
1.22193
1.22197
1.22216
1.2231
1.22898
1.27187
1.4147
1.80332
2.27634
2.36214
2.37396
2.37975
2.36608
2.31662
2.26467
2.26709
2.26328
2.25287
2.24981
2.25427
2.26217
2.26794
2.27078
2.27179
2.27223
2.27376
2.27678
2.28206
2.28579
2.28341
2.28031
2.27681
2.27159
2.26633
2.26095
2.26085
2.26481
2.26855
2.27308
2.27631
2.27906
2.28177
2.28407
2.28502
2.28295
2.28019
2.2769
2.27034
2.26824
2.26466
2.26088
2.25768
2.25626
2.25573
2.25619
2.2581
2.26176
2.26628
2.27049
2.27257
2.27309
2.27262
2.27135
2.26971
2.2688
2.2686
2.26954
2.27183
2.27541
2.2764
2.27783
2.27876
2.27987
1.22191
1.22191
1.22191
1.22191
1.22192
1.22195
1.22214
1.22373
1.23153
1.33777
1.47672
1.84641
2.20998
2.272
2.2966
2.31954
2.34469
2.32692
2.28894
2.26362
2.2521
2.25923
2.26523
2.26418
2.2629
2.26073
2.25941
2.26171
2.26702
2.27336
2.27803
2.27704
2.27418
2.26975
2.26477
2.25952
2.25358
2.25182
2.25324
2.2557
2.25888
2.26235
2.26632
2.26729
2.26742
2.26716
2.26624
2.26499
2.26236
2.25949
2.2596
2.25993
2.26066
2.26139
2.26111
2.26093
2.26114
2.26176
2.26451
2.26904
2.27302
2.27695
2.27926
2.27965
2.27914
2.27757
2.27699
2.2765
2.27604
2.27624
2.27658
2.27518
2.27303
2.27312
2.27301
1.22191
1.22191
1.22191
1.22191
1.22191
1.22191
1.22192
1.22196
1.22234
1.22609
1.23899
1.32254
1.60059
1.94385
2.18797
2.33865
2.37184
2.32773
2.27902
2.27653
2.27617
2.27701
2.27236
2.26308
2.25612
2.25632
2.25819
2.26383
2.27015
2.27468
2.27779
2.27729
2.27409
2.2697
2.26664
2.25934
2.25349
2.25143
2.25181
2.25342
2.25676
2.2612
2.26542
2.26815
2.26888
2.2687
2.26739
2.26456
2.26078
2.25963
2.261
2.26388
2.26728
2.27044
2.27009
2.26961
2.26854
2.26826
2.2692
2.27091
2.27365
2.2771
2.27987
2.28126
2.28164
2.28124
2.2809
2.28059
2.27937
2.27852
2.27668
2.27476
2.27243
2.27078
2.26962
1.22191
1.22191
1.22191
1.22191
1.22191
1.22191
1.22191
1.22191
1.22193
1.22201
1.22249
1.22621
1.24886
1.37713
1.63694
1.98132
2.23075
2.25813
2.28561
2.33808
2.33004
2.30495
2.27392
2.25587
2.25284
2.25999
2.26946
2.27733
2.28
2.27959
2.27732
2.27536
2.27325
2.27079
2.26856
2.26375
2.25708
2.25504
2.25532
2.25667
2.25998
2.26509
2.269
2.2713
2.27156
2.27109
2.26913
2.26484
2.26201
2.26365
2.2657
2.26771
2.27136
2.27304
2.27208
2.27005
2.2666
2.26635
2.26762
2.26906
2.27152
2.27431
2.27595
2.27709
2.27676
2.27827
2.27887
2.27838
2.27853
2.27778
2.27613
2.2738
2.27164
2.27026
2.26984
1.22191
1.22191
1.22191
1.22191
1.22191
1.22191
1.22191
1.22191
1.22191
1.22192
1.22193
1.22204
1.22284
1.22909
1.26298
1.39693
1.68735
2.14757
2.33308
2.35246
2.32667
2.28783
2.25517
2.25867
2.26849
2.28548
2.28623
2.28367
2.28101
2.27983
2.27703
2.27397
2.27235
2.27077
2.27027
2.26869
2.26519
2.26398
2.2645
2.26628
2.27015
2.27474
2.278
2.28027
2.28054
2.27985
2.27704
2.27377
2.27177
2.27264
2.27308
2.27487
2.27852
2.27779
2.27585
2.27282
2.26888
2.26729
2.26705
2.26795
2.27028
2.27064
2.27053
2.27012
2.27068
2.27152
2.27352
2.27483
2.27533
2.27464
2.27289
2.27171
2.2712
2.27123
2.27144
1.22191
1.22191
1.22191
1.22191
1.22191
1.22191
1.22191
1.22191
1.22191
1.22191
1.22191
1.22192
1.22194
1.22211
1.22332
1.23081
1.29362
1.46809
1.79723
2.17753
2.16506
2.22997
2.26259
2.32295
2.32499
2.32261
2.30822
2.28785
2.28369
2.27637
2.27203
2.26834
2.26954
2.27236
2.27392
2.27382
2.27139
2.26808
2.26782
2.26907
2.27298
2.2793
2.28598
2.28883
2.29025
2.29063
2.28862
2.28541
2.28144
2.28102
2.28067
2.28086
2.28179
2.28031
2.27708
2.27296
2.27095
2.26983
2.2694
2.26941
2.2705
2.27036
2.26986
2.26913
2.26895
2.26917
2.27022
2.27128
2.27188
2.27189
2.27102
2.27007
2.26995
2.27059
2.272
1.22191
1.22191
1.22191
1.22191
1.22191
1.22191
1.22191
1.22191
1.22191
1.22191
1.22191
1.22191
1.22191
1.22192
1.22195
1.22223
1.22487
1.23895
1.32947
1.56569
1.90428
2.18259
2.31114
2.33147
2.32802
2.28789
2.26289
2.25871
2.28072
2.28739
2.28308
2.27374
2.27253
2.27316
2.27269
2.27055
2.26849
2.26595
2.26695
2.26897
2.27211
2.27729
2.28264
2.28631
2.2872
2.28704
2.28621
2.28536
2.28406
2.28468
2.28461
2.28265
2.27938
2.27621
2.27435
2.27208
2.27166
2.27174
2.27166
2.2726
2.27267
2.27193
2.27042
2.26952
2.27011
2.27053
2.27094
2.27151
2.27134
2.27056
2.26934
2.2691
2.26922
2.27034
2.27239
1.22191
1.22191
1.22191
1.22191
1.22191
1.22191
1.22191
1.22191
1.22191
1.22191
1.22191
1.22191
1.22191
1.22191
1.22191
1.22192
1.222
1.22254
1.22735
1.25085
1.41953
1.64908
1.95729
2.13737
2.2476
2.27518
2.28885
2.30006
2.31374
2.3051
2.28823
2.28483
2.28516
2.28498
2.28417
2.28008
2.27629
2.27248
2.27068
2.27091
2.2719
2.27233
2.27375
2.27733
2.28038
2.28171
2.28417
2.28567
2.28615
2.28813
2.28812
2.28463
2.27915
2.27689
2.27454
2.27436
2.27492
2.27492
2.27537
2.27541
2.2749
2.27343
2.27202
2.2733
2.27438
2.27472
2.27467
2.27441
2.27356
2.27156
2.2695
2.26927
2.26986
2.27163
2.27315
1.22191
1.22191
1.22191
1.22191
1.22191
1.22191
1.22191
1.22191
1.22191
1.22191
1.22191
1.22191
1.22191
1.22191
1.22191
1.22191
1.22192
1.22193
1.22207
1.22315
1.23385
1.27527
1.43698
1.7321
2.08888
2.29747
2.31334
2.33478
2.31566
2.29375
2.28862
2.29501
2.29293
2.28512
2.278
2.27407
2.2725
2.27111
2.26936
2.26737
2.26579
2.26691
2.26891
2.27297
2.27673
2.27825
2.27943
2.28047
2.28178
2.28391
2.28314
2.28054
2.27669
2.27528
2.27607
2.27876
2.28012
2.28042
2.27969
2.27847
2.27684
2.27556
2.27656
2.27755
2.27841
2.27829
2.27806
2.2763
2.27388
2.27159
2.2706
2.27073
2.27167
2.27296
2.27404
1.22191
1.22191
1.22191
1.22191
1.22191
1.22191
1.22191
1.22191
1.22191
1.22191
1.22191
1.22191
1.22191
1.22191
1.22191
1.22191
1.22191
1.22191
1.22192
1.22195
1.22225
1.22413
1.2353
1.30529
1.49559
1.83259
2.13916
2.22352
2.22513
2.2499
2.29389
2.31095
2.30063
2.28257
2.2734
2.27032
2.27166
2.27335
2.27259
2.27089
2.26868
2.26825
2.26951
2.27223
2.27495
2.27551
2.27633
2.27766
2.27964
2.28076
2.27953
2.27772
2.27522
2.27534
2.27809
2.2819
2.28339
2.28278
2.28093
2.2781
2.27448
2.27467
2.27562
2.27686
2.27849
2.27932
2.27841
2.27655
2.27391
2.27179
2.27155
2.27221
2.27325
2.27511
2.27532
1.22191
1.22191
1.22191
1.22191
1.22191
1.22191
1.22191
1.22191
1.22191
1.22191
1.22191
1.22191
1.22191
1.22191
1.22191
1.22191
1.22191
1.22191
1.22191
1.22191
1.22192
1.22197
1.22237
1.22547
1.24343
1.35173
1.64663
1.97757
2.12183
2.25845
2.31444
2.28332
2.26803
2.27261
2.27554
2.27612
2.27637
2.27775
2.27773
2.27704
2.27647
2.27795
2.27859
2.27745
2.27464
2.27247
2.27426
2.27794
2.27974
2.28055
2.2804
2.28045
2.28059
2.28301
2.28887
2.28736
2.28608
2.28356
2.27959
2.27604
2.27385
2.27432
2.27578
2.27692
2.27813
2.27901
2.27803
2.27706
2.27578
2.27444
2.27445
2.27523
2.27644
2.27841
2.27889
1.22191
1.22191
1.22191
1.22191
1.22191
1.22191
1.22191
1.22191
1.22191
1.22191
1.22191
1.22191
1.22191
1.22191
1.22191
1.22191
1.22191
1.22191
1.22191
1.22191
1.22191
1.22191
1.22193
1.22201
1.22273
1.22911
1.26646
1.42948
1.74639
2.1468
2.19761
2.26255
2.27824
2.30338
2.28336
2.26675
2.27054
2.27423
2.27441
2.27275
2.27446
2.27299
2.27111
2.26733
2.2637
2.26445
2.26824
2.27236
2.2739
2.27622
2.27801
2.28006
2.28247
2.28762
2.29111
2.29008
2.28679
2.28263
2.27829
2.27479
2.27475
2.2752
2.27636
2.27756
2.27777
2.27816
2.27762
2.27725
2.27639
2.2762
2.27745
2.27882
2.28049
2.28259
2.28292
1.22191
1.22191
1.22191
1.22191
1.22191
1.22191
1.22191
1.22191
1.22191
1.22191
1.22191
1.22191
1.22191
1.22191
1.22191
1.22191
1.22191
1.22191
1.22191
1.22191
1.22191
1.22191
1.22191
1.22192
1.22194
1.22214
1.22379
1.23645
1.31463
1.52078
1.86102
2.18491
2.34543
2.30695
2.23894
2.25307
2.26551
2.26961
2.26882
2.26625
2.26308
2.26197
2.25903
2.25563
2.25833
2.26206
2.26835
2.26927
2.27049
2.27215
2.27589
2.28106
2.28792
2.2917
2.29158
2.28989
2.2864
2.28285
2.2801
2.2761
2.27553
2.27565
2.27617
2.27665
2.27666
2.27704
2.27688
2.27704
2.27753
2.27835
2.28058
2.2826
2.28369
2.2852
2.28479
1.22191
1.22191
1.22191
1.22191
1.22191
1.22191
1.22191
1.22191
1.22191
1.22191
1.22191
1.22191
1.22191
1.22191
1.22191
1.22191
1.22191
1.22191
1.22191
1.22191
1.22191
1.22191
1.22191
1.22191
1.22191
1.22192
1.22197
1.22241
1.22616
1.24767
1.38707
1.62926
2.07268
2.12753
2.20048
2.27237
2.29771
2.29917
2.29054
2.2804
2.26612
2.26396
2.2616
2.25995
2.25896
2.26147
2.26117
2.26239
2.26478
2.269
2.27679
2.28431
2.29115
2.29208
2.29171
2.28954
2.28689
2.28524
2.28295
2.2808
2.2804
2.28072
2.27936
2.27712
2.27615
2.27588
2.27578
2.27598
2.27612
2.27767
2.28068
2.28256
2.28358
2.28444
2.28433
1.22191
1.22191
1.22191
1.22191
1.22191
1.22191
1.22191
1.22191
1.22191
1.22191
1.22191
1.22191
1.22191
1.22191
1.22191
1.22191
1.22191
1.22191
1.22191
1.22191
1.22191
1.22191
1.22191
1.22191
1.22191
1.22191
1.22191
1.22193
1.22203
1.22292
1.2316
1.27982
1.42257
1.80141
2.22586
2.23382
2.32692
2.3032
2.27863
2.25678
2.26134
2.27052
2.26857
2.26608
2.2651
2.26334
2.25934
2.25939
2.26217
2.26791
2.27574
2.28483
2.2909
2.29243
2.29278
2.29168
2.28967
2.28818
2.28685
2.2852
2.28434
2.28352
2.28203
2.28006
2.27845
2.27681
2.27605
2.27549
2.27581
2.27755
2.28061
2.28239
2.28244
2.28265
2.28282
1.22191
1.22191
1.22191
1.22191
1.22191
1.22191
1.22191
1.22191
1.22191
1.22191
1.22191
1.22191
1.22191
1.22191
1.22191
1.22191
1.22191
1.22191
1.22191
1.22191
1.22191
1.22191
1.22191
1.22191
1.22191
1.22191
1.22191
1.22191
1.22192
1.22195
1.22222
1.22449
1.23778
1.36703
1.62132
1.90301
2.29098
2.30209
2.28616
2.28054
2.29145
2.29368
2.28062
2.27
2.2715
2.27098
2.26554
2.26342
2.2655
2.27229
2.27736
2.28368
2.28588
2.28791
2.28914
2.29003
2.29043
2.29003
2.28894
2.28758
2.28651
2.28568
2.28524
2.28476
2.28361
2.28217
2.28138
2.28004
2.28107
2.28214
2.28311
2.28318
2.28297
2.2825
2.28183
1.22191
1.22191
1.22191
1.22191
1.22191
1.22191
1.22191
1.22191
1.22191
1.22191
1.22191
1.22191
1.22191
1.22191
1.22191
1.22191
1.22191
1.22191
1.22191
1.22191
1.22191
1.22191
1.22191
1.22191
1.22191
1.22191
1.22191
1.22191
1.22191
1.22191
1.22192
1.22199
1.22263
1.23053
1.26214
1.45719
1.65677
2.06338
2.25096
2.27526
2.30225
2.29246
2.26823
2.27008
2.28161
2.28114
2.27219
2.26694
2.26997
2.27451
2.27701
2.28187
2.28551
2.28809
2.28988
2.29117
2.29091
2.2895
2.28678
2.28499
2.28413
2.28513
2.28681
2.28734
2.2878
2.28778
2.28725
2.28762
2.2885
2.28791
2.28669
2.28574
2.28463
2.28164
2.28157
1.22191
1.22191
1.22191
1.22191
1.22191
1.22191
1.22191
1.22191
1.22191
1.22191
1.22191
1.22191
1.22191
1.22191
1.22191
1.22191
1.22191
1.22191
1.22191
1.22191
1.22191
1.22191
1.22191
1.22191
1.22191
1.22191
1.22191
1.22191
1.22191
1.22191
1.22191
1.22192
1.22194
1.22215
1.22358
1.23616
1.29129
1.5024
1.92199
2.15147
2.27285
2.27377
2.26855
2.2943
2.30415
2.29238
2.27952
2.27747
2.2806
2.28354
2.2857
2.28911
2.29301
2.296
2.29572
2.29365
2.29093
2.28651
2.28284
2.28306
2.28378
2.28493
2.28662
2.28735
2.28833
2.28901
2.28938
2.29032
2.29052
2.29013
2.28876
2.2869
2.2847
2.28149
2.28233
1.22191
1.22191
1.22191
1.22191
1.22191
1.22191
1.22191
1.22191
1.22191
1.22191
1.22191
1.22191
1.22191
1.22191
1.22191
1.22191
1.22191
1.22191
1.22191
1.22191
1.22191
1.22191
1.22191
1.22191
1.22191
1.22191
1.22191
1.22191
1.22191
1.22191
1.22191
1.22191
1.22191
1.22192
1.22196
1.22238
1.22541
1.24783
1.39507
1.73404
2.06388
2.20658
2.26977
2.30402
2.30299
2.29026
2.28357
2.2821
2.28319
2.28442
2.28504
2.28817
2.29198
2.29503
2.29418
2.29118
2.28624
2.28254
2.28142
2.28227
2.28364
2.28468
2.2862
2.28706
2.28823
2.2888
2.28851
2.2891
2.28962
2.28805
2.28508
2.28295
2.28148
2.28112
2.28211
1.22191
1.22191
1.22191
1.22191
1.22191
1.22191
1.22191
1.22191
1.22191
1.22191
1.22191
1.22191
1.22191
1.22191
1.22191
1.22191
1.22191
1.22191
1.22191
1.22191
1.22191
1.22191
1.22191
1.22191
1.22191
1.22191
1.22191
1.22191
1.22191
1.22191
1.22191
1.22191
1.22191
1.22191
1.22191
1.22193
1.22203
1.22304
1.23376
1.31372
1.53454
1.91492
2.21217
2.20315
2.25019
2.27894
2.29214
2.2911
2.2898
2.28695
2.28282
2.28375
2.28649
2.28548
2.28302
2.28325
2.28217
2.28268
2.28466
2.28462
2.28375
2.28249
2.28196
2.28338
2.28416
2.28431
2.28421
2.28496
2.28365
2.28138
2.27934
2.27913
2.27931
2.28035
2.28272
1.22191
1.22191
1.22191
1.22191
1.22191
1.22191
1.22191
1.22191
1.22191
1.22191
1.22191
1.22191
1.22191
1.22191
1.22191
1.22191
1.22191
1.22191
1.22191
1.22191
1.22191
1.22191
1.22191
1.22191
1.22191
1.22191
1.22191
1.22191
1.22191
1.22191
1.22191
1.22191
1.22191
1.22191
1.22191
1.22191
1.22192
1.22195
1.22235
1.22671
1.25402
1.40233
1.77579
2.00689
2.23986
2.30007
2.24242
2.24204
2.2563
2.26922
2.27364
2.27786
2.28261
2.2799
2.27606
2.27639
2.27893
2.28261
2.28572
2.28399
2.28217
2.28032
2.27882
2.27975
2.28135
2.28189
2.28236
2.28191
2.28043
2.27801
2.27825
2.2776
2.27898
2.28101
2.28343
1.22191
1.22191
1.22191
1.22191
1.22191
1.22191
1.22191
1.22191
1.22191
1.22191
1.22191
1.22191
1.22191
1.22191
1.22191
1.22191
1.22191
1.22191
1.22191
1.22191
1.22191
1.22191
1.22191
1.22191
1.22191
1.22191
1.22191
1.22191
1.22191
1.22191
1.22191
1.22191
1.22191
1.22191
1.22191
1.22191
1.22191
1.22191
1.22193
1.22205
1.22323
1.23494
1.30796
1.57156
1.93449
2.16728
2.20124
2.24153
2.28149
2.28914
2.30088
2.29971
2.28831
2.27304
2.26358
2.2677
2.27581
2.28249
2.28609
2.28558
2.28512
2.2852
2.2855
2.28508
2.28496
2.28509
2.28468
2.2831
2.28083
2.27817
2.27666
2.27728
2.27936
2.28204
2.28397
1.22191
1.22191
1.22191
1.22191
1.22191
1.22191
1.22191
1.22191
1.22191
1.22191
1.22191
1.22191
1.22191
1.22191
1.22191
1.22191
1.22191
1.22191
1.22191
1.22191
1.22191
1.22191
1.22191
1.22191
1.22191
1.22191
1.22191
1.22191
1.22191
1.22191
1.22191
1.22191
1.22191
1.22191
1.22191
1.22191
1.22191
1.22191
1.22191
1.22192
1.22195
1.22238
1.22615
1.2709
1.37012
1.6972
2.17042
2.27597
2.26019
2.28449
2.32332
2.3133
2.28321
2.25631
2.26
2.26357
2.27036
2.27759
2.27985
2.28099
2.2824
2.2848
2.28698
2.28724
2.28754
2.28885
2.28808
2.28655
2.28367
2.2807
2.27696
2.27706
2.28172
2.28318
2.28216
1.22191
1.22191
1.22191
1.22191
1.22191
1.22191
1.22191
1.22191
1.22191
1.22191
1.22191
1.22191
1.22191
1.22191
1.22191
1.22191
1.22191
1.22191
1.22191
1.22191
1.22191
1.22191
1.22191
1.22191
1.22191
1.22191
1.22191
1.22191
1.22191
1.22191
1.22191
1.22191
1.22191
1.22191
1.22191
1.22191
1.22191
1.22191
1.22191
1.22191
1.22191
1.22193
1.22206
1.22369
1.23209
1.31964
1.57029
2.01211
2.06356
2.34916
2.32254
2.25671
2.22926
2.24507
2.26435
2.27178
2.2774
2.28109
2.27992
2.28036
2.28213
2.28491
2.28673
2.28832
2.28948
2.28968
2.2893
2.2874
2.28413
2.28061
2.27632
2.27786
2.2826
2.28179
2.27784
1.22191
1.22191
1.22191
1.22191
1.22191
1.22191
1.22191
1.22191
1.22191
1.22191
1.22191
1.22191
1.22191
1.22191
1.22191
1.22191
1.22191
1.22191
1.22191
1.22191
1.22191
1.22191
1.22191
1.22191
1.22191
1.22191
1.22191
1.22191
1.22191
1.22191
1.22191
1.22191
1.22191
1.22191
1.22191
1.22191
1.22191
1.22191
1.22191
1.22191
1.22191
1.22191
1.22192
1.22196
1.22234
1.22726
1.26411
1.43892
1.80026
2.19734
2.24222
2.24049
2.30645
2.32543
2.31382
2.29243
2.28483
2.27918
2.27518
2.27333
2.27288
2.27622
2.27671
2.27969
2.28425
2.28634
2.28741
2.28578
2.28165
2.27729
2.27682
2.27864
2.28095
2.27965
2.27436
1.22191
1.22191
1.22191
1.22191
1.22191
1.22191
1.22191
1.22191
1.22191
1.22191
1.22191
1.22191
1.22191
1.22191
1.22191
1.22191
1.22191
1.22191
1.22191
1.22191
1.22191
1.22191
1.22191
1.22191
1.22191
1.22191
1.22191
1.22191
1.22191
1.22191
1.22191
1.22191
1.22191
1.22191
1.22191
1.22191
1.22191
1.22191
1.22191
1.22191
1.22191
1.22191
1.22191
1.22191
1.22193
1.22211
1.22385
1.2383
1.40189
1.54024
1.99008
2.30319
2.3077
2.30133
2.30118
2.28363
2.28324
2.28086
2.27692
2.27245
2.26771
2.26299
2.26254
2.26714
2.27624
2.2796
2.28001
2.27863
2.27601
2.27601
2.28046
2.28095
2.27721
2.27498
2.26897
1.22191
1.22191
1.22191
1.22191
1.22191
1.22191
1.22191
1.22191
1.22191
1.22191
1.22191
1.22191
1.22191
1.22191
1.22191
1.22191
1.22191
1.22191
1.22191
1.22191
1.22191
1.22191
1.22191
1.22191
1.22191
1.22191
1.22191
1.22191
1.22191
1.22191
1.22191
1.22191
1.22191
1.22191
1.22191
1.22191
1.22191
1.22191
1.22191
1.22191
1.22191
1.22191
1.22191
1.22191
1.22191
1.22192
1.22197
1.22261
1.23198
1.26555
1.43479
1.86087
2.11827
2.2478
2.27412
2.25855
2.26534
2.27328
2.27036
2.26695
2.26407
2.2608
2.26144
2.2661
2.27348
2.27357
2.27064
2.27056
2.27216
2.27566
2.28351
2.28189
2.2762
2.26976
2.26603
1.22191
1.22191
1.22191
1.22191
1.22191
1.22191
1.22191
1.22191
1.22191
1.22191
1.22191
1.22191
1.22191
1.22191
1.22191
1.22191
1.22191
1.22191
1.22191
1.22191
1.22191
1.22191
1.22191
1.22191
1.22191
1.22191
1.22191
1.22191
1.22191
1.22191
1.22191
1.22191
1.22191
1.22191
1.22191
1.22191
1.22191
1.22191
1.22191
1.22191
1.22191
1.22191
1.22191
1.22191
1.22191
1.22191
1.22191
1.22193
1.22218
1.22397
1.2412
1.36027
1.72151
2.13846
2.2691
2.28153
2.31089
2.31997
2.30185
2.28411
2.27301
2.26374
2.26573
2.26929
2.26908
2.26392
2.25899
2.26292
2.26969
2.28147
2.28359
2.28049
2.27438
2.26851
2.26501
1.22191
1.22191
1.22191
1.22191
1.22191
1.22191
1.22191
1.22191
1.22191
1.22191
1.22191
1.22191
1.22191
1.22191
1.22191
1.22191
1.22191
1.22191
1.22191
1.22191
1.22191
1.22191
1.22191
1.22191
1.22191
1.22191
1.22191
1.22191
1.22191
1.22191
1.22191
1.22191
1.22191
1.22191
1.22191
1.22191
1.22191
1.22191
1.22191
1.22191
1.22191
1.22191
1.22191
1.22191
1.22191
1.22191
1.22191
1.22191
1.22192
1.22199
1.22274
1.2326
1.31265
1.55189
2.01687
2.24068
2.30416
2.294
2.29192
2.28054
2.26427
2.2643
2.2696
2.26877
2.2641
2.25336
2.25642
2.26353
2.27879
2.28914
2.28444
2.27721
2.2703
2.26386
2.26405
1.22191
1.22191
1.22191
1.22191
1.22191
1.22191
1.22191
1.22191
1.22191
1.22191
1.22191
1.22191
1.22191
1.22191
1.22191
1.22191
1.22191
1.22191
1.22191
1.22191
1.22191
1.22191
1.22191
1.22191
1.22191
1.22191
1.22191
1.22191
1.22191
1.22191
1.22191
1.22191
1.22191
1.22191
1.22191
1.22191
1.22191
1.22191
1.22191
1.22191
1.22191
1.22191
1.22191
1.22191
1.22191
1.22191
1.22191
1.22191
1.22191
1.22192
1.22195
1.22234
1.22689
1.26921
1.4734
1.8682
2.07428
2.27331
2.26617
2.24924
2.24548
2.26269
2.2816
2.27904
2.26923
2.26414
2.27141
2.28639
2.29659
2.29348
2.28197
2.27265
2.26618
2.26211
2.2641
1.22191
1.22191
1.22191
1.22191
1.22191
1.22191
1.22191
1.22191
1.22191
1.22191
1.22191
1.22191
1.22191
1.22191
1.22191
1.22191
1.22191
1.22191
1.22191
1.22191
1.22191
1.22191
1.22191
1.22191
1.22191
1.22191
1.22191
1.22191
1.22191
1.22191
1.22191
1.22191
1.22191
1.22191
1.22191
1.22191
1.22191
1.22191
1.22191
1.22191
1.22191
1.22191
1.22191
1.22191
1.22191
1.22191
1.22191
1.22191
1.22191
1.22191
1.22191
1.22193
1.2221
1.22431
1.24585
1.39041
1.72728
2.14993
2.29845
2.27384
2.28444
2.30543
2.30517
2.29663
2.28078
2.28323
2.29165
2.29697
2.29631
2.28792
2.27565
2.26688
2.26452
2.26236
2.26483
1.22191
1.22191
1.22191
1.22191
1.22191
1.22191
1.22191
1.22191
1.22191
1.22191
1.22191
1.22191
1.22191
1.22191
1.22191
1.22191
1.22191
1.22191
1.22191
1.22191
1.22191
1.22191
1.22191
1.22191
1.22191
1.22191
1.22191
1.22191
1.22191
1.22191
1.22191
1.22191
1.22191
1.22191
1.22191
1.22191
1.22191
1.22191
1.22191
1.22191
1.22191
1.22191
1.22191
1.22191
1.22191
1.22191
1.22191
1.22191
1.22191
1.22191
1.22191
1.22191
1.22192
1.222
1.22291
1.23525
1.3325
1.53036
2.00656
2.2872
2.30149
2.28401
2.27395
2.27743
2.28365
2.29483
2.30721
2.30266
2.29282
2.27451
2.26524
2.26498
2.26701
2.27177
2.27549
1.22191
1.22191
1.22191
1.22191
1.22191
1.22191
1.22191
1.22191
1.22191
1.22191
1.22191
1.22191
1.22191
1.22191
1.22191
1.22191
1.22191
1.22191
1.22191
1.22191
1.22191
1.22191
1.22191
1.22191
1.22191
1.22191
1.22191
1.22191
1.22191
1.22191
1.22191
1.22191
1.22191
1.22191
1.22191
1.22191
1.22191
1.22191
1.22191
1.22191
1.22191
1.22191
1.22191
1.22191
1.22191
1.22191
1.22191
1.22191
1.22191
1.22191
1.22191
1.22191
1.22191
1.22192
1.22195
1.22243
1.22805
1.27155
1.47784
1.98446
2.09312
2.27622
2.27255
2.26846
2.28687
2.29182
2.29321
2.28532
2.26881
2.2619
2.2635
2.26769
2.27453
2.28107
2.28115
1.22191
1.22191
1.22191
1.22191
1.22191
1.22191
1.22191
1.22191
1.22191
1.22191
1.22191
1.22191
1.22191
1.22191
1.22191
1.22191
1.22191
1.22191
1.22191
1.22191
1.22191
1.22191
1.22191
1.22191
1.22191
1.22191
1.22191
1.22191
1.22191
1.22191
1.22191
1.22191
1.22191
1.22191
1.22191
1.22191
1.22191
1.22191
1.22191
1.22191
1.22191
1.22191
1.22191
1.22191
1.22191
1.22191
1.22191
1.22191
1.22191
1.22191
1.22191
1.22191
1.22191
1.22191
1.22191
1.22193
1.22213
1.2246
1.25361
1.40875
1.82953
2.24129
2.27495
2.28368
2.31339
2.30754
2.27716
2.2579
2.24516
2.24847
2.25788
2.27001
2.28258
2.28499
2.28422
1.22191
1.22191
1.22191
1.22191
1.22191
1.22191
1.22191
1.22191
1.22191
1.22191
1.22191
1.22191
1.22191
1.22191
1.22191
1.22191
1.22191
1.22191
1.22191
1.22191
1.22191
1.22191
1.22191
1.22191
1.22191
1.22191
1.22191
1.22191
1.22191
1.22191
1.22191
1.22191
1.22191
1.22191
1.22191
1.22191
1.22191
1.22191
1.22191
1.22191
1.22191
1.22191
1.22191
1.22191
1.22191
1.22191
1.22191
1.22191
1.22191
1.22191
1.22191
1.22191
1.22191
1.22191
1.22191
1.22191
1.22192
1.22203
1.22359
1.2396
1.41918
1.71148
1.97352
2.2552
2.32045
2.27902
2.23205
2.22999
2.2374
2.24033
2.25242
2.26969
2.28403
2.28669
2.28696
1.22191
1.22191
1.22191
1.22191
1.22191
1.22191
1.22191
1.22191
1.22191
1.22191
1.22191
1.22191
1.22191
1.22191
1.22191
1.22191
1.22191
1.22191
1.22191
1.22191
1.22191
1.22191
1.22191
1.22191
1.22191
1.22191
1.22191
1.22191
1.22191
1.22191
1.22191
1.22191
1.22191
1.22191
1.22191
1.22191
1.22191
1.22191
1.22191
1.22191
1.22191
1.22191
1.22191
1.22191
1.22191
1.22191
1.22191
1.22191
1.22191
1.22191
1.22191
1.22191
1.22191
1.22191
1.22191
1.22191
1.22191
1.22192
1.22198
1.22285
1.2388
1.30703
1.60284
2.12537
2.29569
2.27426
2.25387
2.2651
2.26781
2.25888
2.26453
2.27888
2.28492
2.28667
2.288
1.22191
1.22191
1.22191
1.22191
1.22191
1.22191
1.22191
1.22191
1.22191
1.22191
1.22191
1.22191
1.22191
1.22191
1.22191
1.22191
1.22191
1.22191
1.22191
1.22191
1.22191
1.22191
1.22191
1.22191
1.22191
1.22191
1.22191
1.22191
1.22191
1.22191
1.22191
1.22191
1.22191
1.22191
1.22191
1.22191
1.22191
1.22191
1.22191
1.22191
1.22191
1.22191
1.22191
1.22191
1.22191
1.22191
1.22191
1.22191
1.22191
1.22191
1.22191
1.22191
1.22191
1.22191
1.22191
1.22191
1.22191
1.22191
1.22192
1.22195
1.22253
1.22728
1.30382
1.4523
1.90888
2.18055
2.317
2.31679
2.28327
2.27551
2.28726
2.29386
2.28922
2.28378
2.28454
1.22191
1.22191
1.22191
1.22191
1.22191
1.22191
1.22191
1.22191
1.22191
1.22191
1.22191
1.22191
1.22191
1.22191
1.22191
1.22191
1.22191
1.22191
1.22191
1.22191
1.22191
1.22191
1.22191
1.22191
1.22191
1.22191
1.22191
1.22191
1.22191
1.22191
1.22191
1.22191
1.22191
1.22191
1.22191
1.22191
1.22191
1.22191
1.22191
1.22191
1.22191
1.22191
1.22191
1.22191
1.22191
1.22191
1.22191
1.22191
1.22191
1.22191
1.22191
1.22191
1.22191
1.22191
1.22191
1.22191
1.22191
1.22191
1.22191
1.22191
1.22193
1.22216
1.22634
1.24904
1.3931
1.83752
2.183
2.21915
2.22382
2.27308
2.30721
2.30294
2.28488
2.27879
2.28207
1.22191
1.22191
1.22191
1.22191
1.22191
1.22191
1.22191
1.22191
1.22191
1.22191
1.22191
1.22191
1.22191
1.22191
1.22191
1.22191
1.22191
1.22191
1.22191
1.22191
1.22191
1.22191
1.22191
1.22191
1.22191
1.22191
1.22191
1.22191
1.22191
1.22191
1.22191
1.22191
1.22191
1.22191
1.22191
1.22191
1.22191
1.22191
1.22191
1.22191
1.22191
1.22191
1.22191
1.22191
1.22191
1.22191
1.22191
1.22191
1.22191
1.22191
1.22191
1.22191
1.22191
1.22191
1.22191
1.22191
1.22191
1.22191
1.22191
1.22191
1.22191
1.22192
1.22206
1.2233
1.23843
1.41804
1.80602
2.04269
2.21203
2.30641
2.31417
2.28898
2.27687
2.27798
2.28144
1.22191
1.22191
1.22191
1.22191
1.22191
1.22191
1.22191
1.22191
1.22191
1.22191
1.22191
1.22191
1.22191
1.22191
1.22191
1.22191
1.22191
1.22191
1.22191
1.22191
1.22191
1.22191
1.22191
1.22191
1.22191
1.22191
1.22191
1.22191
1.22191
1.22191
1.22191
1.22191
1.22191
1.22191
1.22191
1.22191
1.22191
1.22191
1.22191
1.22191
1.22191
1.22191
1.22191
1.22191
1.22191
1.22191
1.22191
1.22191
1.22191
1.22191
1.22191
1.22191
1.22191
1.22191
1.22191
1.22191
1.22191
1.22191
1.22191
1.22191
1.22191
1.22191
1.22192
1.22198
1.22291
1.24107
1.3496
1.6975
2.13304
2.19601
2.21935
2.24952
2.2764
2.27892
2.27912
1.22191
1.22191
1.22191
1.22191
1.22191
1.22191
1.22191
1.22191
1.22191
1.22191
1.22191
1.22191
1.22191
1.22191
1.22191
1.22191
1.22191
1.22191
1.22191
1.22191
1.22191
1.22191
1.22191
1.22191
1.22191
1.22191
1.22191
1.22191
1.22191
1.22191
1.22191
1.22191
1.22191
1.22191
1.22191
1.22191
1.22191
1.22191
1.22191
1.22191
1.22191
1.22191
1.22191
1.22191
1.22191
1.22191
1.22191
1.22191
1.22191
1.22191
1.22191
1.22191
1.22191
1.22191
1.22191
1.22191
1.22191
1.22191
1.22191
1.22191
1.22191
1.22191
1.22191
1.22192
1.22196
1.22277
1.23228
1.33622
1.68682
1.93178
2.17475
2.27826
2.29031
2.27193
2.27447
1.22191
1.22191
1.22191
1.22191
1.22191
1.22191
1.22191
1.22191
1.22191
1.22191
1.22191
1.22191
1.22191
1.22191
1.22191
1.22191
1.22191
1.22191
1.22191
1.22191
1.22191
1.22191
1.22191
1.22191
1.22191
1.22191
1.22191
1.22191
1.22191
1.22191
1.22191
1.22191
1.22191
1.22191
1.22191
1.22191
1.22191
1.22191
1.22191
1.22191
1.22191
1.22191
1.22191
1.22191
1.22191
1.22191
1.22191
1.22191
1.22191
1.22191
1.22191
1.22191
1.22191
1.22191
1.22191
1.22191
1.22191
1.22191
1.22191
1.22191
1.22191
1.22191
1.22191
1.22191
1.22191
1.22194
1.2224
1.23184
1.29259
1.59176
2.08367
2.24654
2.27797
2.28341
2.28025
1.22191
1.22191
1.22191
1.22191
1.22191
1.22191
1.22191
1.22191
1.22191
1.22191
1.22191
1.22191
1.22191
1.22191
1.22191
1.22191
1.22191
1.22191
1.22191
1.22191
1.22191
1.22191
1.22191
1.22191
1.22191
1.22191
1.22191
1.22191
1.22191
1.22191
1.22191
1.22191
1.22191
1.22191
1.22191
1.22191
1.22191
1.22191
1.22191
1.22191
1.22191
1.22191
1.22191
1.22191
1.22191
1.22191
1.22191
1.22191
1.22191
1.22191
1.22191
1.22191
1.22191
1.22191
1.22191
1.22191
1.22191
1.22191
1.22191
1.22191
1.22191
1.22191
1.22191
1.22191
1.22191
1.22191
1.22193
1.22234
1.22703
1.30567
1.4539
1.85132
2.17744
2.30237
2.28388
1.22191
1.22191
1.22191
1.22191
1.22191
1.22191
1.22191
1.22191
1.22191
1.22191
1.22191
1.22191
1.22191
1.22191
1.22191
1.22191
1.22191
1.22191
1.22191
1.22191
1.22191
1.22191
1.22191
1.22191
1.22191
1.22191
1.22191
1.22191
1.22191
1.22191
1.22191
1.22191
1.22191
1.22191
1.22191
1.22191
1.22191
1.22191
1.22191
1.22191
1.22191
1.22191
1.22191
1.22191
1.22191
1.22191
1.22191
1.22191
1.22191
1.22191
1.22191
1.22191
1.22191
1.22191
1.22191
1.22191
1.22191
1.22191
1.22191
1.22191
1.22191
1.22191
1.22191
1.22191
1.22191
1.22191
1.22191
1.22193
1.22215
1.22638
1.24944
1.43245
1.84866
2.2372
2.23536
1.22191
1.22191
1.22191
1.22191
1.22191
1.22191
1.22191
1.22191
1.22191
1.22191
1.22191
1.22191
1.22191
1.22191
1.22191
1.22191
1.22191
1.22191
1.22191
1.22191
1.22191
1.22191
1.22191
1.22191
1.22191
1.22191
1.22191
1.22191
1.22191
1.22191
1.22191
1.22191
1.22191
1.22191
1.22191
1.22191
1.22191
1.22191
1.22191
1.22191
1.22191
1.22191
1.22191
1.22191
1.22191
1.22191
1.22191
1.22191
1.22191
1.22191
1.22191
1.22191
1.22191
1.22191
1.22191
1.22191
1.22191
1.22191
1.22191
1.22191
1.22191
1.22191
1.22191
1.22191
1.22191
1.22191
1.22191
1.22191
1.22192
1.22205
1.22335
1.24631
1.383
1.76047
2.17718
1.22191
1.22191
1.22191
1.22191
1.22191
1.22191
1.22191
1.22191
1.22191
1.22191
1.22191
1.22191
1.22191
1.22191
1.22191
1.22191
1.22191
1.22191
1.22191
1.22191
1.22191
1.22191
1.22191
1.22191
1.22191
1.22191
1.22191
1.22191
1.22191
1.22191
1.22191
1.22191
1.22191
1.22191
1.22191
1.22191
1.22191
1.22191
1.22191
1.22191
1.22191
1.22191
1.22191
1.22191
1.22191
1.22191
1.22191
1.22191
1.22191
1.22191
1.22191
1.22191
1.22191
1.22191
1.22191
1.22191
1.22191
1.22191
1.22191
1.22191
1.22191
1.22191
1.22191
1.22191
1.22191
1.22191
1.22191
1.22191
1.22191
1.22192
1.22197
1.22306
1.23757
1.36424
1.84436
1.22191
1.22191
1.22191
1.22191
1.22191
1.22191
1.22191
1.22191
1.22191
1.22191
1.22191
1.22191
1.22191
1.22191
1.22191
1.22191
1.22191
1.22191
1.22191
1.22191
1.22191
1.22191
1.22191
1.22191
1.22191
1.22191
1.22191
1.22191
1.22191
1.22191
1.22191
1.22191
1.22191
1.22191
1.22191
1.22191
1.22191
1.22191
1.22191
1.22191
1.22191
1.22191
1.22191
1.22191
1.22191
1.22191
1.22191
1.22191
1.22191
1.22191
1.22191
1.22191
1.22191
1.22191
1.22191
1.22191
1.22191
1.22191
1.22191
1.22191
1.22191
1.22191
1.22191
1.22191
1.22191
1.22191
1.22191
1.22191
1.22191
1.22191
1.22191
1.22196
1.22273
1.23836
1.48461
1.22191
1.22191
1.22191
1.22191
1.22191
1.22191
1.22191
1.22191
1.22191
1.22191
1.22191
1.22191
1.22191
1.22191
1.22191
1.22191
1.22191
1.22191
1.22191
1.22191
1.22191
1.22191
1.22191
1.22191
1.22191
1.22191
1.22191
1.22191
1.22191
1.22191
1.22191
1.22191
1.22191
1.22191
1.22191
1.22191
1.22191
1.22191
1.22191
1.22191
1.22191
1.22191
1.22191
1.22191
1.22191
1.22191
1.22191
1.22191
1.22191
1.22191
1.22191
1.22191
1.22191
1.22191
1.22191
1.22191
1.22191
1.22191
1.22191
1.22191
1.22191
1.22191
1.22191
1.22191
1.22191
1.22191
1.22191
1.22191
1.22191
1.22191
1.22191
1.22191
1.22197
1.22355
1.28682
1.22191
1.22191
1.22191
1.22191
1.22191
1.22191
1.22191
1.22191
1.22191
1.22191
1.22191
1.22191
1.22191
1.22191
1.22191
1.22191
1.22191
1.22191
1.22191
1.22191
1.22191
1.22191
1.22191
1.22191
1.22191
1.22191
1.22191
1.22191
1.22191
1.22191
1.22191
1.22191
1.22191
1.22191
1.22191
1.22191
1.22191
1.22191
1.22191
1.22191
1.22191
1.22191
1.22191
1.22191
1.22191
1.22191
1.22191
1.22191
1.22191
1.22191
1.22191
1.22191
1.22191
1.22191
1.22191
1.22191
1.22191
1.22191
1.22191
1.22191
1.22191
1.22191
1.22191
1.22191
1.22191
1.22191
1.22191
1.22191
1.22191
1.22191
1.22191
1.22191
1.22192
1.2221
1.23099
1.22191
1.22191
1.22191
1.22191
1.22191
1.22191
1.22191
1.22191
1.22191
1.22191
1.22191
1.22191
1.22191
1.22191
1.22191
1.22191
1.22191
1.22191
1.22191
1.22191
1.22191
1.22191
1.22191
1.22191
1.22191
1.22191
1.22191
1.22191
1.22191
1.22191
1.22191
1.22191
1.22191
1.22191
1.22191
1.22191
1.22191
1.22191
1.22191
1.22191
1.22191
1.22191
1.22191
1.22191
1.22191
1.22191
1.22191
1.22191
1.22191
1.22191
1.22191
1.22191
1.22191
1.22191
1.22191
1.22191
1.22191
1.22191
1.22191
1.22191
1.22191
1.22191
1.22191
1.22191
1.22191
1.22191
1.22191
1.22191
1.22191
1.22191
1.22191
1.22191
1.22191
1.22193
1.22277
1.22191
1.22191
1.22191
1.22191
1.22191
1.22191
1.22191
1.22191
1.22191
1.22191
1.22191
1.22191
1.22191
1.22191
1.22191
1.22191
1.22191
1.22191
1.22191
1.22191
1.22191
1.22191
1.22191
1.22191
1.22191
1.22191
1.22191
1.22191
1.22191
1.22191
1.22191
1.22191
1.22191
1.22191
1.22191
1.22191
1.22191
1.22191
1.22191
1.22191
1.22191
1.22191
1.22191
1.22191
1.22191
1.22191
1.22191
1.22191
1.22191
1.22191
1.22191
1.22191
1.22191
1.22191
1.22191
1.22191
1.22191
1.22191
1.22191
1.22191
1.22191
1.22191
1.22191
1.22191
1.22191
1.22191
1.22191
1.22191
1.22191
1.22191
1.22191
1.22191
1.22191
1.22191
1.22198
1.22191
1.22191
1.22191
1.22191
1.22191
1.22191
1.22191
1.22191
1.22191
1.22191
1.22191
1.22191
1.22191
1.22191
1.22191
1.22191
1.22191
1.22191
1.22191
1.22191
1.22191
1.22191
1.22191
1.22191
1.22191
1.22191
1.22191
1.22191
1.22191
1.22191
1.22191
1.22191
1.22191
1.22191
1.22191
1.22191
1.22191
1.22191
1.22191
1.22191
1.22191
1.22191
1.22191
1.22191
1.22191
1.22191
1.22191
1.22191
1.22191
1.22191
1.22191
1.22191
1.22191
1.22191
1.22191
1.22191
1.22191
1.22191
1.22191
1.22191
1.22191
1.22191
1.22191
1.22191
1.22191
1.22191
1.22191
1.22191
1.22191
1.22191
1.22191
1.22191
1.22191
1.22191
1.22192
1.22191
1.22191
1.22191
1.22191
1.22191
1.22191
1.22191
1.22191
1.22191
1.22191
1.22191
1.22191
1.22191
1.22191
1.22191
1.22191
1.22191
1.22191
1.22191
1.22191
1.22191
1.22191
1.22191
1.22191
1.22191
1.22191
1.22191
1.22191
1.22191
1.22191
1.22191
1.22191
1.22191
1.22191
1.22191
1.22191
1.22191
1.22191
1.22191
1.22191
1.22191
1.22191
1.22191
1.22191
1.22191
1.22191
1.22191
1.22191
1.22191
1.22191
1.22191
1.22191
1.22191
1.22191
1.22191
1.22191
1.22191
1.22191
1.22191
1.22191
1.22191
1.22191
1.22191
1.22191
1.22191
1.22191
1.22191
1.22191
1.22191
1.22191
1.22191
1.22191
1.22191
1.22191
1.22191
1.22191
1.22191
1.22191
1.22191
1.22191
1.22191
1.22191
1.22191
1.22191
1.22191
1.22191
1.22191
1.22191
1.22191
1.22191
1.22191
1.22191
1.22191
1.22191
1.22191
1.22191
1.22191
1.22191
1.22191
1.22191
1.22191
1.22191
1.22191
1.22191
1.22191
1.22191
1.22191
1.22191
1.22191
1.22191
1.22191
1.22191
1.22191
1.22191
1.22191
1.22191
1.22191
1.22191
1.22191
1.22191
1.22191
1.22191
1.22191
1.22191
1.22191
1.22191
1.22191
1.22191
1.22191
1.22191
1.22191
1.22191
1.22191
1.22191
1.22191
1.22191
1.22191
1.22191
1.22191
1.22191
1.22191
1.22191
1.22191
1.22191
1.22191
1.22191
1.22191
1.22191
1.22191
1.22191
1.22191
1.22191
1.22191
1.22191
1.22191
1.22191
1.22191
1.22191
1.22191
1.22191
1.22191
1.22191
1.22191
1.22191
1.22191
1.22191
1.22191
1.22191
1.22191
1.22191
1.22191
1.22191
1.22191
1.22191
1.22191
1.22191
1.22191
1.22191
1.22191
1.22191
1.22191
1.22191
1.22191
1.22191
1.22191
1.22191
1.22191
1.22191
1.22191
1.22191
1.22191
1.22191
1.22191
1.22191
1.22191
1.22191
1.22191
1.22191
1.22191
1.22191
1.22191
1.22191
1.22191
1.22191
1.22191
1.22191
1.22191
1.22191
1.22191
1.22191
1.22191
1.22191
1.22191
1.22191
1.22191
1.22191
1.22191
1.22191
1.22191
1.22191
1.22191
1.22191
1.22191
1.22191
1.22191
1.22191
1.22191
1.22191
1.22191
1.22191
1.22191
1.22191
1.22191
1.22191
1.22191
1.22191
1.22191
1.22191
1.22191
1.22191
1.22191
1.22191
1.22191
1.22191
1.22191
1.22191
1.22191
1.22191
1.22191
1.22191
1.22191
1.22191
1.22191
1.22191
1.22191
1.22191
1.22191
1.22191
1.22191
1.22191
1.22191
1.22191
1.22191
1.22191
1.22191
1.22191
1.22191
1.22191
1.22191
1.22191
1.22191
1.22191
1.22191
1.22191
1.22191
1.22191
1.22191
1.22191
1.22191
1.22191
1.22191
1.22191
1.22191
1.22191
1.22191
1.22191
1.22191
1.22191
1.22191
1.22191
1.22191
1.22191
1.22191
1.22191
1.22191
1.22191
1.22191
1.22191
1.22191
1.22191
1.22191
1.22191
1.22191
1.22191
1.22191
1.22191
1.22191
1.22191
1.22191
1.22191
1.22191
1.22191
1.22191
1.22191
1.22191
1.22191
1.22191
1.22191
1.22191
1.22191
1.22191
1.22191
1.22191
1.22191
1.22191
1.22191
1.22191
1.22191
1.22191
1.22191
1.22191
1.22191
1.22191
1.22191
1.22191
1.22191
1.22191
1.22191
1.22191
1.22191
1.22191
1.22191
1.22191
1.22191
1.22191
1.22191
1.22191
1.22191
1.22191
1.22191
1.22191
1.22191
1.22191
1.22191
1.22191
1.22191
1.22191
1.22191
1.22191
1.22191
1.22191
1.22191
1.22191
1.22191
1.22191
1.22191
1.22191
1.22191
1.22191
1.22191
1.22191
1.22191
1.22191
1.22191
1.22191
1.22191
1.22191
1.22191
1.22191
1.22191
1.22191
1.22191
1.22191
1.22191
1.22191
1.22191
1.22191
1.22191
1.22191
1.22191
1.22191
1.22191
1.22191
1.22191
1.22191
1.22191
1.22191
1.22191
1.22191
1.22191
1.22191
1.22191
1.22191
1.22191
1.22191
1.22191
1.22191
1.22191
1.22191
1.22191
1.22191
1.22191
1.22191
1.22191
1.22191
1.22191
1.22191
1.22191
1.22191
1.22191
1.22191
1.22191
1.22191
1.22191
1.22191
1.22191
1.22191
1.22191
1.22191
1.22191
1.22191
1.22191
1.22191
1.22191
1.22191
1.22191
1.22191
1.22191
1.22191
1.22191
1.22191
1.22191
1.22191
1.22191
1.22191
1.22191
1.22191
1.22191
1.22191
1.22191
1.22191
1.22191
1.22191
1.22191
1.22191
1.22191
1.22191
1.22191
1.22191
1.22191
1.22191
1.22191
1.22191
1.22191
1.22191
1.22191
1.22191
1.22191
1.22191
1.22191
1.22191
1.22191
1.22191
1.22191
1.22191
1.22191
1.22191
1.22191
1.22191
1.22191
1.22191
1.22191
1.22191
1.22191
1.22191
1.22191
1.22191
1.22191
1.22191
1.22191
1.22191
1.22191
1.22191
1.22191
1.22191
1.22191
1.22191
1.22191
1.22191
1.22191
1.22191
1.22191
1.22191
1.22191
1.22191
1.22191
1.22191
1.22191
1.22191
1.22191
1.22191
1.22191
1.22191
1.22191
1.22191
1.22191
1.22191
1.22191
1.22191
1.22191
1.22191
1.22191
1.22191
1.22191
1.22191
1.22191
1.22191
1.22191
1.22191
1.22191
1.22191
1.22191
1.22191
1.22191
1.22191
1.22191
1.22191
1.22191
1.22191
1.22191
1.22191
1.22191
1.22191
1.22191
1.22191
1.22191
1.22191
1.22191
1.22191
1.22191
1.22191
1.22191
1.22191
1.22191
1.22191
1.22191
1.22191
1.22191
1.22191
1.22191
1.22191
1.22191
1.22191
1.22191
1.22191
1.22191
1.22191
1.22191
1.22191
1.22191
1.22191
1.22191
1.22191
1.22191
1.22191
1.22191
1.22191
1.22191
1.22191
1.22191
1.22191
1.22191
1.22191
1.22191
1.22191
1.22191
1.22191
1.22191
1.22191
1.22191
1.22191
1.22191
1.22191
1.22191
1.22191
1.22191
1.22191
1.22191
1.22191
1.22191
1.22191
1.22191
1.22191
1.22191
1.22191
1.22191
1.22191
1.22191
1.22191
1.22191
1.22191
1.22191
1.22191
1.22191
1.22191
1.22191
1.22191
1.22191
1.22191
1.22191
1.22191
1.22191
1.22191
1.22191
1.22191
1.22191
1.22191
1.22191
1.22191
1.22191
1.22191
1.22191
1.22191
1.22191
1.22191
1.22191
1.22191
1.22191
1.22191
1.22191
1.22191
1.22191
1.22191
1.22191
1.22191
1.22191
1.22191
1.22191
1.22191
1.22191
1.22191
1.22191
1.22191
1.22191
1.22191
1.22191
1.22191
1.22191
1.22191
1.22191
1.22191
1.22191
1.22191
1.22191
1.22191
1.22191
1.22191
1.22191
1.22191
1.22191
1.22191
1.22191
1.22191
1.22191
1.22191
1.22191
1.22191
1.22191
1.22191
1.22191
1.22191
1.22191
1.22191
1.22191
1.22191
1.22191
1.22191
1.22191
1.22191
1.22191
1.22191
1.22191
1.22191
1.22191
1.22191
1.22191
1.22191
1.22191
1.22191
1.22191
1.22191
1.22191
1.22191
1.22191
1.22191
1.22191
1.22191
1.22191
1.22191
1.22191
1.22191
1.22191
1.22191
1.22191
1.22191
1.22191
1.22191
1.22191
1.22191
1.22191
1.22191
1.22191
1.22191
1.22191
1.22191
1.22191
1.22191
1.22191
1.22191
1.22191
1.22191
1.22191
1.22191
1.22191
1.22191
1.22191
1.22191
1.22191
1.22191
1.22191
1.22191
1.22191
1.22191
1.22191
1.22191
1.22191
1.22191
1.22191
1.22191
1.22191
1.22191
1.22191
1.22191
1.22191
1.22191
1.22191
1.22191
1.22191
1.22191
1.22191
1.22191
1.22191
1.22191
1.22191
1.22191
1.22191
1.22191
1.22191
1.22191
1.22191
1.22191
1.22191
1.22191
1.22191
1.22191
1.22191
1.22191
1.22191
1.22191
1.22191
1.22191
1.22191
1.22191
1.22191
1.22191
1.22191
1.22191
1.22191
1.22191
1.22191
1.22191
1.22191
1.22191
1.22191
1.22191
1.22191
1.22191
1.22191
1.22191
1.22191
1.22191
1.22191
1.22191
1.22191
1.22191
1.22191
1.22191
1.22191
1.22191
1.22191
1.22191
1.22191
1.22191
1.22191
1.22191
1.22191
1.22191
1.22191
1.22191
1.22191
1.22191
1.22191
1.22191
1.22191
1.22191
1.22191
1.22191
1.22191
1.22191
1.22191
1.22191
1.22191
1.22191
1.22191
1.22191
1.22191
1.22191
1.22191
1.22191
1.22191
1.22191
1.22191
1.22191
1.22191
1.22191
1.22191
1.22191
1.22191
1.22191
1.22191
1.22191
1.22191
1.22191
1.22191
1.22191
1.22191
1.22191
1.22191
1.22191
1.22191
1.22191
1.22191
1.22191
1.22191
1.22191
1.22191
1.22191
1.22191
1.22191
1.22191
1.22191
1.22191
1.22191
1.22191
1.22191
1.22191
1.22191
1.22191
1.22191
1.22191
1.22191
1.22191
1.22191
1.22191
1.22191
1.22191
1.22191
1.22191
1.22191
1.22191
1.22191
1.22191
1.22191
1.22191
1.22191
1.22191
1.22191
1.22191
1.22191
1.22191
1.22191
1.22191
1.22191
1.22191
1.22191
1.22191
1.22191
1.22191
1.22191
1.22191
1.22191
1.22191
1.22191
1.22191
1.22191
1.22191
1.22191
1.22191
1.22191
1.22191
1.22191
1.22191
1.22191
1.22191
1.22191
1.22191
1.22191
1.22191
1.22191
1.22191
1.22191
1.22191
1.22191
1.22191
1.22191
1.22191
1.22191
1.22191
1.22191
1.22191
1.22191
1.22191
1.22191
1.22191
1.22191
1.22191
1.22191
1.22191
1.22191
1.22191
1.22191
1.22191
1.22191
1.22191
1.22191
1.22191
1.22191
1.22191
1.22191
1.22191
1.22191
1.22191
1.22191
1.22191
1.22191
1.22191
1.22191
1.22191
1.22191
1.22191
1.22191
1.22191
1.22191
1.22191
1.22191
1.22191
1.22191
1.22191
1.22191
1.22191
1.22191
1.22191
1.22191
1.22191
1.22191
1.22191
1.22191
1.22191
1.22191
1.22191
1.22191
1.22191
1.22191
1.22191
1.22191
1.22191
1.22191
1.22191
1.22191
1.22191
1.22191
1.22191
1.22191
1.22191
1.22191
1.22191
1.22191
1.22191
1.22191
1.22191
1.22191
1.22191
1.22191
1.22191
1.22191
1.22191
1.22191
1.22191
1.22191
1.22191
1.22191
1.22191
1.22191
1.22191
1.22191
1.22191
1.22191
1.22191
1.22191
1.22191
1.22191
1.22191
1.22191
1.22191
1.22191
1.22191
1.22191
1.22191
1.22191
1.22191
1.22191
1.22191
1.22191
1.22191
1.22191
1.22191
1.22191
1.22191
1.22191
1.22191
1.22191
1.22191
1.22191
1.22191
1.22191
1.22191
1.22191
1.22191
1.22191
1.22191
1.22191
1.22191
1.22191
1.22191
1.22191
1.22191
1.22191
1.22191
1.22191
1.22191
1.22191
1.22191
1.22191
1.22191
1.22191
1.22191
1.22191
1.22191
1.22191
1.22191
1.22191
1.22191
1.22191
1.22191
1.22191
1.22191
1.22191
1.22191
1.22191
1.22191
1.22191
1.22191
1.22191
1.22191
1.22191
1.22191
1.22191
1.22191
1.22191
1.22191
1.22191
1.22191
1.22191
1.22191
1.22191
1.22191
1.22191
1.22191
1.22191
1.22191
1.22191
1.22191
1.22191
1.22191
1.22191
1.22191
1.22191
1.22191
1.22191
1.22191
1.22191
1.22191
1.22191
1.22191
1.22191
1.22191
1.22191
1.22191
1.22191
1.22191
1.22191
1.22191
1.22191
1.22191
1.22191
1.22191
1.22191
1.22191
1.22191
1.22191
1.22191
1.22191
1.22191
1.22191
1.22191
1.22191
1.22191
1.22191
1.22191
1.22191
1.22191
1.22191
1.22191
1.22191
1.22191
1.22191
1.22191
1.22191
1.22191
1.22191
1.22191
1.22191
1.22191
1.22191
1.22191
1.22191
1.22191
1.22191
1.22191
1.22191
1.22191
1.22191
1.22191
1.22191
1.22191
1.22191
1.22191
1.22191
1.22191
1.22191
1.22191
1.22191
1.22191
1.22191
1.22191
1.22191
1.22191
1.22191
1.22191
1.22191
1.22191
1.22191
1.22191
1.22191
1.22191
1.22191
1.22191
1.22191
1.22191
1.22191
1.22191
1.22191
1.22191
1.22191
1.22191
1.22191
1.22191
1.22191
1.22191
1.22191
1.22191
1.22191
1.22191
1.22191
1.22191
1.22191
1.22191
1.22191
1.22191
1.22191
1.22191
1.22191
1.22191
1.22191
1.22191
1.22191
1.22191
1.22191
1.22191
1.22191
1.22191
1.22191
1.22191
1.22191
1.22191
1.22191
1.22191
1.22191
1.22191
1.22191
1.22191
1.22191
1.22191
1.22191
1.22191
1.22191
1.22191
1.22191
1.22191
1.22191
1.22191
1.22191
1.22191
1.22191
1.22191
1.22191
1.22191
1.22191
1.22191
1.22191
1.22191
1.22191
1.22191
1.22191
1.22191
1.22191
1.22191
1.22191
1.22191
1.22191
1.22191
1.22191
1.22191
1.22191
1.22191
1.22191
1.22191
1.22191
1.22191
1.22191
1.22191
1.22191
1.22191
1.22191
1.22191
1.22191
1.22191
1.22191
1.22191
1.22191
1.22191
1.22191
1.22191
1.22191
1.22191
1.22191
1.22191
1.22191
1.22191
1.22191
1.22191
1.22191
1.22191
1.22191
1.22191
1.22191
1.22191
1.22191
1.22191
1.22191
1.22191
1.22191
1.22191
1.22191
1.22191
1.22191
1.22191
1.22191
1.22191
1.22191
1.22191
1.22191
1.22191
1.22191
1.22191
1.22191
1.22191
1.22191
1.22191
1.22191
1.22191
1.22191
1.22191
1.22191
1.22191
1.22191
1.22191
1.22191
1.22191
1.22191
1.22191
1.22191
1.22191
1.22191
1.22191
1.22191
1.22191
1.22191
1.22191
1.22191
1.22191
1.22191
1.22191
1.22191
1.22191
1.22191
1.22191
1.22191
1.22191
1.22191
1.22191
1.22191
1.22191
1.22191
1.22191
1.22191
1.22191
1.22191
1.22191
1.22191
1.22191
1.22191
1.22191
1.22191
1.22191
1.22191
1.22191
1.22191
1.22191
1.22191
1.22191
1.22191
1.22191
1.22191
1.22191
1.22191
1.22191
1.22191
1.22191
1.22191
1.22191
1.22191
1.22191
1.22191
1.22191
1.22191
1.22191
1.22191
1.22191
1.22191
1.22191
1.22191
1.22191
1.22191
1.22191
1.22191
1.22191
1.22191
1.22191
1.22191
1.22191
1.22191
1.22191
1.22191
1.22191
1.22191
1.22191
1.22191
1.22191
1.22191
1.22191
1.22191
1.22191
1.22191
1.22191
)
;

boundaryField
{
    inlet
    {
        type            calculated;
        value           uniform 1.22191;
    }
    outlet
    {
        type            calculated;
        value           nonuniform List<scalar> 
75
(
2.2593
2.28332
2.29085
2.28438
2.27987
2.27301
2.26962
2.26984
2.27144
2.272
2.27239
2.27315
2.27404
2.27532
2.27889
2.28292
2.28479
2.28433
2.28282
2.28183
2.28157
2.28233
2.28211
2.28272
2.28343
2.28397
2.28216
2.27784
2.27436
2.26897
2.26603
2.26501
2.26405
2.2641
2.26483
2.27549
2.28115
2.28422
2.28696
2.288
2.28454
2.28207
2.28144
2.27912
2.27447
2.28025
2.28388
2.23536
2.17718
1.84436
1.48461
1.28682
1.23099
1.22277
1.22198
1.22192
1.22191
1.22191
1.22191
1.22191
1.22191
1.22191
1.22191
1.22191
1.22191
1.22191
1.22191
1.22191
1.22191
1.22191
1.22191
1.22191
1.22191
1.22191
1.22191
)
;
    }
    bottom
    {
        type            symmetryPlane;
    }
    top
    {
        type            symmetryPlane;
    }
    obstacle
    {
        type            calculated;
        value           nonuniform List<scalar> 
75
(
1.46051
1.83243
2.1343
2.54339
2.61759
2.73096
2.66151
2.50156
2.23529
2.19338
2.20752
2.23716
2.23579
2.23351
2.23255
2.2401
2.25167
2.26267
2.27526
2.27541
2.27697
2.2768
2.27142
2.26873
2.2682
2.26498
2.25956
2.25741
2.2577
2.25954
2.2635
2.26422
2.26372
2.26174
2.25834
2.25356
2.25263
2.25473
2.25664
2.25987
2.26279
2.26286
2.26054
2.2576
2.25464
2.25131
2.25064
2.2512
2.25289
2.25537
2.25801
2.25804
2.25756
2.25662
2.25775
2.25849
2.25952
2.2614
2.2637
2.2624
2.26005
2.25678
2.25332
2.25007
2.24783
2.24756
2.24828
2.24966
2.25196
2.25528
2.25861
2.26138
2.26218
2.26157
2.2593
)
;
    }
    defaultFaces
    {
        type            empty;
    }
}


// ************************************************************************* //
