/*--------------------------------*- C++ -*----------------------------------*\
| =========                 |                                                 |
| \\      /  F ield         | OpenFOAM: The Open Source CFD Toolbox           |
|  \\    /   O peration     | Version:  v1812                                 |
|   \\  /    A nd           | Web:      www.OpenFOAM.com                      |
|    \\/     M anipulation  |                                                 |
\*---------------------------------------------------------------------------*/
FoamFile
{
    version     2.0;
    format      ascii;
    class       volScalarField;
    location    "0.0035";
    object      T;
}
// * * * * * * * * * * * * * * * * * * * * * * * * * * * * * * * * * * * * * //

dimensions      [0 0 0 1 0 0 0];


internalField   nonuniform List<scalar> 
8475
(
288.9
288.9
288.9
288.9
288.9
288.9
288.9
288.9
288.9
288.9
288.9
288.9
288.9
288.9
288.9
288.9
288.9
288.9
288.9
288.9
288.9
288.9
288.9
288.9
288.9
288.9
288.9
288.9
288.9
288.9
288.9
288.9
288.9
288.9
288.9
288.9
288.907
289.313
288.9
288.9
288.9
288.9
288.9
288.9
288.9
288.9
288.9
288.9
288.9
288.9
288.9
288.9
288.9
288.9
288.9
288.9
288.9
288.9
288.9
288.9
288.9
288.9
288.9
288.9
288.9
288.9
288.9
288.9
288.9
288.9
288.9
288.9
288.9
288.9
288.902
289
288.9
288.9
288.9
288.9
288.9
288.9
288.9
288.9
288.9
288.9
288.9
288.9
288.9
288.9
288.9
288.9
288.9
288.9
288.9
288.9
288.9
288.9
288.9
288.9
288.9
288.9
288.9
288.9
288.9
288.9
288.9
288.9
288.9
288.9
288.9
288.9
288.9
288.914
288.9
288.9
288.9
288.9
288.9
288.9
288.9
288.9
288.9
288.9
288.9
288.9
288.9
288.9
288.9
288.9
288.9
288.9
288.9
288.9
288.9
288.9
288.9
288.9
288.9
288.9
288.9
288.9
288.9
288.9
288.9
288.9
288.9
288.9
288.9
288.9
288.9
288.901
288.9
288.9
288.9
288.9
288.9
288.9
288.9
288.9
288.9
288.9
288.9
288.9
288.9
288.9
288.9
288.9
288.9
288.9
288.9
288.9
288.9
288.9
288.9
288.9
288.9
288.9
288.9
288.9
288.9
288.9
288.9
288.9
288.9
288.9
288.9
288.9
288.9
288.9
288.9
288.9
288.9
288.9
288.9
288.9
288.9
288.9
288.9
288.9
288.9
288.9
288.9
288.9
288.9
288.9
288.9
288.9
288.9
288.9
288.9
288.9
288.9
288.9
288.9
288.9
288.9
288.9
288.9
288.9
288.9
288.9
288.9
288.9
288.9
288.9
288.9
288.9
288.9
288.9
288.9
288.9
288.9
288.9
288.9
288.9
288.9
288.9
288.9
288.9
288.9
288.9
288.9
288.9
288.9
288.9
288.9
288.9
288.9
288.9
288.9
288.9
288.9
288.9
288.9
288.9
288.9
288.9
288.9
288.9
288.9
288.9
288.9
288.9
288.9
288.9
288.9
288.9
288.9
288.9
288.9
288.9
288.9
288.9
288.9
288.9
288.9
288.9
288.9
288.9
288.9
288.9
288.9
288.9
288.9
288.9
288.9
288.9
288.9
288.9
288.9
288.9
288.9
288.9
288.9
288.9
288.9
288.9
288.9
288.9
288.9
288.9
288.9
288.9
288.9
288.9
288.9
288.9
288.9
288.9
288.9
288.9
288.9
288.9
288.9
288.9
288.9
288.9
288.9
288.9
288.9
288.9
288.9
288.9
288.9
288.9
288.9
288.9
288.9
288.9
288.9
288.9
288.9
288.9
288.9
288.9
288.9
288.9
288.9
288.9
288.9
288.9
288.9
288.9
288.9
288.9
288.9
288.9
288.9
288.9
288.9
288.9
288.9
288.9
288.9
288.9
288.9
288.9
288.9
288.9
288.9
288.9
288.9
288.9
288.9
288.9
288.9
288.9
288.9
288.9
288.9
288.9
288.9
288.9
288.9
288.9
288.9
288.9
288.9
288.9
288.9
288.9
288.9
288.9
288.9
288.9
288.9
288.9
288.9
288.9
288.9
288.9
288.9
288.9
288.9
288.9
288.9
288.9
288.9
288.9
288.9
288.9
288.9
288.9
288.9
288.9
288.9
288.9
288.9
288.9
288.9
288.9
288.9
288.9
288.9
288.9
288.9
288.9
288.9
288.9
288.9
288.9
288.9
288.9
288.9
288.9
288.9
288.9
288.9
288.9
288.9
288.9
288.9
288.9
288.9
288.9
288.9
288.9
288.9
288.9
288.9
288.9
288.9
288.9
288.9
288.9
288.9
288.9
288.9
288.9
288.9
288.9
288.9
288.9
288.9
288.9
288.9
288.9
288.9
288.9
288.9
288.9
288.9
288.9
288.9
288.9
288.9
288.9
288.9
288.9
288.9
288.9
288.9
288.9
288.9
288.9
288.9
288.9
288.9
288.9
288.9
288.9
288.9
288.9
288.9
288.9
288.9
288.9
288.9
288.9
288.9
288.9
288.9
288.9
288.9
288.9
288.9
288.9
288.9
288.9
288.9
288.9
288.9
288.9
288.9
288.9
288.9
288.9
288.9
288.9
288.9
288.9
288.9
288.9
288.9
288.9
288.9
288.9
288.9
288.9
288.9
288.9
288.9
288.9
288.9
288.9
288.9
288.9
288.9
288.9
288.9
288.9
288.9
288.9
288.9
288.9
288.9
288.9
288.9
288.9
288.9
288.9
288.9
288.9
288.9
288.9
288.9
288.9
288.9
288.9
288.9
288.9
288.9
288.9
288.9
288.9
288.9
288.9
288.9
288.9
288.9
288.9
288.9
288.9
288.9
288.9
288.9
288.9
288.9
288.9
288.9
288.9
288.9
288.9
288.9
288.9
288.9
288.9
288.9
288.9
288.9
288.9
288.9
288.9
288.9
288.9
288.9
288.9
288.9
288.9
288.9
288.9
288.9
288.9
288.9
288.9
288.9
288.9
288.9
288.9
288.9
288.9
288.9
288.9
288.9
288.9
288.9
288.9
288.9
288.9
288.9
288.9
288.9
288.9
288.9
288.9
288.9
288.9
288.9
288.9
288.9
288.9
288.9
288.9
288.9
288.9
288.9
288.9
288.9
288.9
288.9
288.9
288.9
288.9
288.9
288.9
288.9
288.9
288.9
288.9
288.9
288.9
288.9
288.9
288.9
288.9
288.9
288.9
288.9
288.9
288.9
288.9
288.9
288.9
288.9
288.9
288.9
288.9
288.9
288.9
288.9
288.9
288.9
288.9
288.9
288.9
288.9
288.9
288.9
288.9
288.9
288.9
288.9
288.9
288.9
288.9
288.9
288.9
288.9
288.9
288.9
288.9
288.9
288.9
288.9
288.9
288.9
288.9
288.9
288.9
288.9
288.9
288.9
288.9
288.9
288.9
288.9
288.9
288.9
288.9
288.9
288.9
288.9
288.9
288.9
288.9
288.9
288.9
288.9
288.9
288.9
288.9
288.9
288.9
288.9
288.9
288.9
288.9
288.9
288.9
288.9
288.9
288.9
288.9
288.9
288.9
288.9
288.9
288.9
288.9
288.9
288.9
288.9
288.9
288.9
288.9
288.9
288.9
288.9
288.9
288.9
288.9
288.9
288.9
288.9
288.9
288.9
288.9
288.9
288.9
288.9
288.9
288.9
288.9
288.9
288.9
288.9
288.9
288.9
288.9
288.9
288.9
288.9
288.9
288.9
288.9
288.9
288.9
288.9
288.9
288.9
288.9
288.9
288.9
288.9
288.9
288.9
288.9
288.9
288.9
288.9
288.9
288.9
288.9
288.9
288.9
288.9
288.9
288.9
288.9
288.9
288.9
288.9
288.9
288.9
288.9
288.9
288.9
288.9
288.9
288.9
288.9
288.9
288.9
288.9
288.9
288.9
288.9
288.9
288.9
288.9
288.9
288.9
288.9
288.9
288.9
288.9
288.9
288.9
288.9
288.9
288.9
288.9
288.9
288.9
288.9
288.9
288.9
288.9
288.9
288.9
288.9
288.9
288.9
288.9
288.9
288.9
288.9
288.9
288.9
288.9
288.9
288.9
288.9
288.9
288.9
288.9
288.9
288.9
288.9
288.9
288.9
288.9
288.9
288.9
288.9
288.9
288.9
288.9
288.9
288.9
288.9
288.9
288.9
288.9
288.9
288.9
288.9
288.9
288.9
288.9
288.9
288.9
288.9
288.9
288.9
288.9
288.9
288.9
288.9
288.9
288.9
288.9
288.9
288.9
288.9
288.9
288.9
288.9
288.9
288.9
288.9
288.9
288.9
288.9
288.9
288.9
288.9
288.9
288.9
288.9
288.9
288.9
288.9
288.9
288.9
288.9
288.9
288.9
288.9
288.9
288.9
288.9
288.9
288.9
288.9
288.9
288.9
288.9
288.9
288.9
288.9
288.9
288.9
288.9
288.9
288.9
288.9
288.9
288.9
288.9
288.9
288.9
288.9
288.9
288.9
288.9
288.9
288.9
288.9
288.9
288.9
288.9
288.9
288.9
288.9
288.9
288.9
288.9
288.9
288.9
288.9
288.9
288.9
288.9
288.9
288.9
288.9
288.9
288.9
288.9
288.9
288.9
288.9
288.9
288.9
288.9
288.9
288.9
288.9
288.9
288.9
288.9
288.9
288.9
288.9
288.9
288.9
288.9
288.9
288.9
288.9
288.9
288.9
288.9
288.9
288.9
288.9
288.9
288.9
288.9
288.9
288.9
288.9
288.9
288.9
288.9
288.9
288.9
288.9
288.9
288.9
288.9
288.9
288.9
288.9
288.9
288.9
288.9
288.9
288.9
288.9
288.9
288.9
288.9
288.9
288.9
288.9
288.9
288.9
288.9
288.9
288.9
288.9
288.9
288.9
288.9
288.9
288.9
288.9
288.9
288.9
288.9
288.9
288.9
288.9
288.9
288.9
288.9
288.9
288.9
288.9
288.9
288.9
288.9
288.9
288.9
288.9
288.9
288.9
288.9
288.9
288.9
288.9
288.9
288.9
288.9
288.9
288.9
288.9
288.9
288.9
288.9
288.9
288.9
288.9
288.9
288.9
288.9
288.9
288.9
288.9
288.9
288.9
288.9
288.9
288.9
288.9
288.9
288.9
288.9
288.9
288.9
288.9
288.9
288.9
288.9
288.9
288.9
288.9
288.9
288.9
288.9
288.9
288.9
288.9
288.9
288.9
288.9
288.9
288.9
288.9
288.9
288.9
288.9
288.9
288.9
288.9
288.9
288.9
288.9
288.9
288.9
288.9
288.9
288.9
288.9
288.9
288.9
288.9
288.9
288.9
288.9
288.9
288.9
288.9
288.9
288.9
288.9
288.9
288.9
288.9
288.9
288.9
288.9
288.9
288.9
288.9
288.9
288.9
288.9
288.9
288.9
288.9
288.9
288.9
288.9
288.9
288.9
288.9
288.9
288.9
288.9
288.9
288.9
288.9
288.9
288.9
288.9
288.9
288.9
288.9
288.9
288.9
288.9
288.9
288.9
288.9
288.9
288.9
288.9
288.9
288.9
288.9
288.9
288.9
288.9
288.9
288.9
288.9
288.9
288.9
288.9
288.9
288.9
288.9
288.9
288.9
288.9
288.9
288.9
288.9
288.9
288.9
288.9
288.9
288.9
288.9
288.9
288.9
288.9
288.9
288.9
288.9
288.9
288.9
288.9
288.9
288.9
288.9
288.9
288.9
288.9
288.9
288.9
288.9
288.9
288.9
288.9
288.9
288.9
288.9
288.9
288.9
288.9
288.9
288.9
288.9
288.9
288.9
288.9
288.9
288.9
288.9
288.9
288.9
288.9
288.9
288.9
288.9
288.9
288.9
288.9
288.9
288.9
288.9
288.9
288.9
288.9
288.9
288.9
288.9
288.9
288.9
288.9
288.9
288.9
288.9
288.9
288.9
288.9
288.9
288.9
288.9
288.9
288.9
288.9
288.9
288.9
288.9
288.9
288.9
288.9
288.9
288.9
288.9
288.9
288.9
288.9
288.9
288.9
288.9
288.9
288.9
288.9
288.9
288.9
288.9
288.9
288.9
288.9
288.9
288.9
288.9
288.9
288.9
288.9
288.9
288.9
288.9
288.9
288.9
288.9
288.9
288.9
288.9
288.9
288.9
288.9
288.9
288.9
288.9
288.9
288.9
288.9
288.9
288.9
288.9
288.9
288.9
288.9
288.9
288.9
288.9
288.9
288.9
288.9
288.9
288.9
288.9
288.9
288.9
288.9
288.9
288.9
288.9
288.9
288.9
288.9
288.9
288.9
288.9
288.9
288.9
288.9
288.9
288.9
288.9
288.9
288.9
288.9
288.9
288.9
288.9
288.9
288.9
288.9
288.9
288.9
288.9
288.9
288.9
288.9
288.9
288.9
288.9
288.9
288.9
288.9
288.9
288.9
288.9
288.9
288.9
288.9
288.9
288.9
288.9
288.9
288.9
288.9
288.9
288.9
288.9
288.9
288.9
288.9
288.9
288.9
288.9
288.9
288.9
288.9
288.9
288.9
288.9
288.9
288.9
288.9
288.9
288.9
288.9
288.9
288.9
288.9
288.9
288.9
288.9
288.9
288.9
288.9
288.9
288.9
288.9
288.9
288.9
288.9
288.9
288.9
288.9
288.9
288.9
288.9
288.9
288.9
288.9
288.9
288.9
288.9
288.9
288.9
288.9
288.9
288.9
288.9
288.9
288.9
288.9
288.9
288.9
288.9
288.9
288.9
288.9
288.9
288.9
288.9
288.9
288.9
288.9
288.9
288.9
288.9
288.9
288.9
288.9
288.9
288.9
288.9
288.9
288.9
288.9
288.9
288.9
288.9
288.9
288.9
288.9
288.9
288.9
288.9
288.9
288.9
288.9
288.9
288.9
288.9
288.9
288.9
288.9
288.9
288.9
288.9
288.9
288.9
288.9
288.9
288.9
288.9
288.9
288.9
288.9
288.9
288.9
288.9
288.9
288.9
288.9
288.9
288.9
288.9
288.9
288.9
288.9
288.9
288.9
288.9
288.9
288.9
288.9
288.9
288.9
288.9
288.9
288.9
288.9
288.9
288.9
288.9
288.9
288.9
288.9
288.9
288.9
288.9
288.9
288.9
288.9
288.9
288.9
288.9
288.9
288.9
288.9
288.9
288.9
288.9
288.9
288.9
288.9
288.9
288.9
288.9
288.9
288.9
288.9
288.9
288.9
288.9
288.9
288.9
288.9
288.9
288.9
288.9
288.9
288.9
288.9
288.9
288.9
288.9
288.9
288.9
288.9
288.9
288.9
288.9
288.9
288.9
288.9
288.9
288.9
288.9
288.9
288.9
288.9
288.9
288.9
288.9
288.9
288.9
288.9
288.9
288.9
288.9
288.9
288.9
288.9
288.9
288.9
288.9
288.9
288.9
288.9
288.9
288.9
288.9
288.9
288.9
288.9
288.9
288.9
288.9
288.9
288.9
288.9
288.9
288.9
288.9
288.9
288.9
288.9
288.9
288.9
288.9
288.9
288.9
288.9
288.9
288.9
288.9
288.9
288.9
288.9
288.9
288.9
288.9
288.9
288.9
288.9
288.9
288.9
288.9
288.9
288.9
288.9
288.9
288.9
288.9
288.9
288.9
288.9
288.9
288.9
288.9
288.9
288.9
288.9
288.9
288.9
288.9
288.9
288.9
288.9
288.9
288.9
288.9
288.9
288.9
288.9
288.9
288.9
288.9
288.9
288.9
288.9
288.9
288.9
288.9
288.9
288.9
288.9
288.9
288.9
288.9
288.9
288.9
288.9
288.9
288.9
288.9
288.9
288.9
288.9
288.9
288.9
288.9
288.9
288.9
288.9
288.9
288.9
288.9
288.9
288.9
288.9
288.9
288.9
288.9
288.9
288.9
288.9
288.9
288.9
288.9
288.9
288.9
288.9
288.9
288.9
288.9
288.9
288.9
288.9
288.9
288.9
288.9
288.9
288.9
288.9
288.9
288.9
288.9
288.9
288.9
288.9
288.9
288.9
288.9
288.9
288.9
288.9
288.9
288.9
288.9
288.9
288.9
288.9
288.9
288.9
288.9
288.9
288.9
288.9
288.9
288.9
288.9
288.9
288.9
288.9
288.9
288.9
288.9
288.9
288.9
288.9
288.9
288.9
288.9
288.9
288.9
288.9
288.9
288.9
288.9
288.9
288.9
288.9
288.9
288.9
288.9
288.9
288.9
288.9
288.9
288.9
288.9
288.9
288.9
288.9
288.9
288.9
288.9
288.9
288.9
288.9
288.9
288.9
288.9
288.9
288.9
288.9
288.9
288.9
288.9
288.9
288.9
288.9
288.9
288.9
288.9
288.9
288.9
288.9
288.9
288.9
288.9
288.9
288.9
288.9
288.9
288.9
288.9
288.9
288.9
288.9
288.9
288.9
288.9
288.9
288.9
288.9
288.9
288.9
288.9
288.9
288.9
288.9
288.9
288.9
288.9
288.9
288.9
288.9
288.9
288.9
288.9
288.9
288.9
288.9
288.9
288.9
288.9
288.9
288.9
288.9
288.9
288.9
288.9
288.9
288.9
288.9
288.9
288.9
288.9
288.9
288.9
288.9
288.9
288.9
288.9
288.9
288.9
288.9
288.9
288.9
288.9
288.9
288.9
288.9
288.9
288.9
288.9
288.9
288.9
288.9
288.9
288.9
288.9
288.9
288.9
288.9
288.9
288.9
288.9
288.9
288.9
288.9
288.9
288.9
288.9
288.9
288.9
288.9
288.9
288.9
288.9
288.9
288.9
288.9
288.9
288.9
288.9
288.9
288.9
288.9
288.9
288.9
288.9
288.9
288.9
288.9
288.9
288.9
288.9
288.9
288.9
288.9
288.9
288.9
288.9
288.9
288.9
288.9
288.9
288.9
288.9
288.9
288.9
288.9
288.9
288.9
288.9
288.9
288.9
288.9
288.9
288.9
288.9
288.9
288.9
288.9
288.9
288.9
288.9
288.9
288.9
288.9
288.9
288.9
288.9
288.9
288.9
288.9
288.9
288.9
288.9
288.9
288.9
288.9
288.9
288.9
288.9
288.9
288.9
288.9
288.9
288.9
288.9
288.9
288.9
288.9
288.9
288.9
288.9
288.9
288.9
288.9
288.9
288.9
288.9
288.9
288.9
288.9
288.9
288.9
288.9
288.9
288.9
288.9
288.9
288.9
288.9
288.9
288.9
288.9
288.9
288.9
288.9
288.9
288.9
288.9
288.9
288.9
288.9
288.9
288.9
288.9
288.9
288.9
288.9
288.9
288.9
288.9
288.9
288.9
288.9
288.9
288.9
288.9
288.9
288.9
288.9
288.9
288.9
288.9
288.9
288.9
288.9
288.9
288.9
288.9
288.9
288.9
288.9
288.9
288.9
288.9
288.9
288.9
288.9
288.9
288.9
288.9
288.9
288.9
288.9
288.9
288.9
288.9
288.9
288.9
288.9
288.9
288.9
288.9
288.9
288.9
288.9
288.9
288.9
288.9
288.9
288.9
288.9
288.9
288.9
288.9
288.9
288.9
288.9
288.9
288.9
288.9
288.9
288.9
288.9
288.9
288.9
288.9
288.9
288.9
288.9
288.9
288.9
288.9
288.9
288.9
288.9
288.9
288.9
288.9
288.9
288.9
288.9
288.9
288.9
288.9
288.9
288.9
288.9
288.9
288.9
288.9
288.9
288.9
288.9
288.9
288.9
288.9
288.9
288.9
288.9
288.9
288.9
288.9
288.9
288.9
288.9
288.9
288.9
288.9
288.9
288.9
288.9
288.9
288.9
288.9
288.9
288.9
288.9
288.9
288.9
288.9
288.9
288.9
288.9
288.9
288.9
288.9
288.9
288.9
288.9
288.9
288.9
288.9
288.9
288.9
288.9
288.9
288.9
288.9
288.9
288.9
288.9
288.9
288.9
288.9
288.9
288.9
288.9
288.9
288.9
288.9
288.9
288.9
288.9
288.9
288.9
288.9
288.9
288.9
288.9
288.9
288.9
288.9
288.9
288.9
288.9
288.9
288.9
288.9
288.9
288.9
288.9
288.9
288.9
288.9
288.9
288.9
288.9
288.9
288.9
288.9
288.9
288.9
288.9
288.9
288.9
288.9
288.9
288.9
288.9
288.9
288.9
288.9
288.9
288.9
288.9
288.9
288.9
288.9
288.9
288.9
288.9
288.9
288.9
288.9
288.9
288.9
288.9
288.9
288.9
288.9
288.9
288.9
288.9
288.9
288.9
288.9
288.9
288.9
288.9
288.9
288.9
288.9
288.9
288.9
288.9
288.9
288.9
288.9
288.9
288.9
288.9
288.9
288.9
288.9
288.9
288.9
288.9
288.9
288.9
288.9
288.9
288.9
288.9
288.9
288.9
288.9
288.9
288.9
288.9
288.9
288.9
288.9
288.9
288.9
288.9
288.9
288.9
288.9
288.9
288.9
288.9
288.9
288.9
288.9
288.9
288.9
288.9
288.9
288.9
288.9
288.9
288.9
288.9
288.9
288.9
288.9
288.9
288.9
288.9
288.9
288.9
288.9
288.9
288.9
288.9
288.9
288.9
288.9
288.9
288.9
288.9
288.9
288.9
288.9
288.9
288.9
288.9
288.9
288.9
288.9
288.9
288.9
288.9
288.9
288.9
288.9
288.9
288.9
288.9
288.9
288.9
288.9
288.9
288.9
288.9
288.9
288.9
288.9
288.9
288.9
288.9
288.9
288.9
288.9
288.9
288.9
288.9
288.9
288.9
288.9
288.9
288.9
288.9
288.9
288.9
288.9
288.9
288.9
288.9
288.9
288.9
288.9
288.9
288.9
288.9
288.9
288.9
288.9
288.9
288.9
288.9
288.9
288.9
288.9
288.9
288.9
288.9
288.9
288.9
288.9
288.9
288.9
288.9
288.9
288.9
288.9
288.9
288.9
288.9
288.9
288.9
288.9
288.9
288.9
288.9
288.9
288.9
288.9
288.9
288.9
288.9
288.9
288.9
288.9
288.9
288.9
288.9
288.9
288.9
288.9
288.9
288.9
288.9
288.9
288.9
288.9
288.9
288.9
288.9
288.9
288.9
288.9
288.9
288.9
288.9
288.9
288.9
288.9
288.9
288.9
288.9
288.9
288.9
288.9
288.9
288.9
288.9
288.9
288.9
288.9
288.9
288.9
288.9
288.9
288.9
288.9
288.9
288.9
288.9
288.9
288.9
288.9
288.9
288.9
288.9
288.9
288.9
288.9
288.9
288.9
288.9
288.9
288.9
288.9
288.9
288.9
288.9
288.9
288.9
288.9
288.9
288.9
288.9
288.9
288.9
288.9
288.9
288.9
288.9
288.9
288.9
288.9
288.9
288.9
288.9
288.9
288.9
288.9
288.9
288.9
288.9
288.9
288.9
288.9
288.9
288.9
288.9
288.9
288.9
288.9
288.9
288.9
288.9
288.9
288.9
288.9
288.9
288.9
288.9
288.9
288.9
288.9
288.9
288.9
288.9
288.9
288.9
288.9
288.9
288.9
288.9
288.9
288.9
288.9
288.9
288.9
288.9
288.9
288.9
288.9
288.9
288.9
288.9
288.9
288.9
288.9
288.9
288.9
288.9
288.9
288.9
288.9
288.9
288.9
288.9
288.9
288.9
288.9
288.9
288.9
288.9
288.9
288.9
288.9
288.9
288.9
288.9
288.9
288.9
288.9
288.9
288.9
288.9
288.9
288.9
288.9
288.9
288.9
288.9
288.9
288.9
288.9
288.9
288.9
288.9
288.9
288.9
288.9
288.9
288.9
288.9
288.9
288.9
288.9
288.9
288.9
288.9
288.9
288.9
288.9
288.9
288.9
288.9
288.9
288.9
288.9
288.9
288.9
288.9
288.9
288.9
288.9
288.9
288.9
288.9
288.9
288.9
288.9
288.9
288.9
288.9
288.9
288.9
288.9
288.9
288.9
288.9
288.9
288.9
288.9
288.9
288.9
288.9
288.9
288.9
288.9
288.9
288.9
288.9
288.9
288.9
288.9
288.9
288.9
288.9
288.9
288.9
288.9
288.9
288.9
288.9
288.9
288.9
288.9
288.9
288.9
288.9
288.9
288.9
288.9
288.9
288.9
288.9
288.9
288.9
288.9
288.9
288.9
288.9
288.9
288.9
288.9
288.9
288.9
288.9
288.9
288.9
288.9
288.9
288.9
288.9
288.9
288.9
288.9
288.9
288.9
288.9
288.9
288.9
288.9
288.9
288.9
288.9
288.9
288.9
288.9
288.9
288.9
288.9
288.9
288.9
288.9
288.9
288.9
288.9
288.9
288.9
288.9
288.9
288.9
288.9
288.9
288.9
288.9
288.9
288.9
288.9
288.9
288.9
288.9
288.9
288.9
288.9
288.9
288.9
288.9
288.9
288.9
288.9
288.9
288.9
288.9
288.9
288.9
288.9
288.9
288.9
288.9
288.9
288.9
288.9
288.9
288.9
288.9
288.9
288.9
288.9
288.9
288.9
288.9
288.9
288.9
288.9
288.9
288.9
288.9
288.9
288.9
288.9
288.9
288.9
288.9
288.9
288.9
288.9
288.9
288.9
288.9
288.9
288.9
288.9
288.9
288.9
288.9
288.9
288.9
288.9
288.9
288.9
288.9
288.9
288.9
288.9
288.9
288.9
288.9
288.9
288.9
288.9
288.9
288.9
288.9
288.9
288.9
288.9
288.9
288.9
288.9
288.9
288.9
288.9
288.9
288.9
288.9
288.9
288.9
288.9
288.9
288.9
288.9
288.9
288.9
288.9
288.9
288.9
288.9
288.9
288.9
288.9
288.9
288.9
288.9
288.9
288.9
288.9
288.9
288.9
288.9
288.9
288.9
288.9
288.9
288.9
288.9
288.9
288.9
288.9
288.9
288.9
288.9
288.9
288.9
288.9
288.9
288.9
288.9
288.9
288.9
288.9
288.9
288.9
288.9
288.9
288.9
288.9
288.9
288.9
288.9
288.9
288.9
288.9
288.9
288.9
288.9
288.9
288.9
310.721
340.79
366.137
392.59
406.223
413.528
409.232
396.081
380.605
380.731
385.102
387.185
385.665
382.575
381.382
382.4
384.795
387.78
388.578
388.15
387.395
386.243
385.243
385.202
385.466
385.766
385.943
386.177
386.195
386.239
386.299
386.281
386.202
386.02
385.738
385.363
384.93
384.68
384.679
384.77
384.96
385.243
385.639
385.919
386.046
386.064
386.077
386.105
386.169
386.257
386.294
386.254
386.14
385.981
385.828
385.691
385.709
385.768
385.888
385.989
385.972
385.904
385.777
385.586
385.396
385.185
385.11
385.149
385.254
385.472
385.766
386.098
386.381
386.408
386.225
291.456
296.244
312.507
323.544
347.177
361.612
367.853
381.763
385.608
388.144
385.134
381.967
377.056
376.847
377.42
379.736
380.41
379.933
378.895
377.425
377.172
377.653
378.669
380.284
381.638
381.759
381.509
380.874
379.944
379.061
378.549
378.396
378.416
378.569
378.783
379.024
379.336
379.685
380.154
380.754
381.315
381.515
381.504
381.399
381.058
380.52
379.932
379.542
379.412
379.383
379.414
379.493
379.547
379.634
379.796
380.044
380.339
380.639
380.863
380.939
380.87
380.773
380.633
380.434
380.319
380.335
380.431
380.628
380.95
381.386
381.927
382.285
382.317
382.253
381.934
288.973
289.226
290.188
292.851
307.723
321.024
358.803
392.237
400.482
395.155
388.461
379.515
377.568
377.66
378.857
379.531
380.707
380.145
379.436
378.562
378.639
379.032
379.69
380.474
381.472
382.048
382.234
382.226
382.209
382.005
381.599
381.155
380.779
380.44
380.096
379.813
379.523
379.134
379.01
379.02
379.074
379.195
379.441
379.827
380.191
380.43
380.79
381.085
381.232
381.318
381.317
381.311
381.244
381.103
380.897
380.735
380.384
380.018
379.843
379.786
379.713
379.651
379.666
379.746
379.912
380.156
380.405
380.627
380.862
381.128
381.317
381.297
381.2
381.012
380.517
288.903
288.91
288.94
289.062
289.74
291.856
303.635
334.635
378.288
377.939
381.763
388.408
386.372
386.666
386.892
385.404
383.026
381.138
381.261
382.058
382.953
384.097
384.57
384.393
383.867
383.241
382.801
382.72
382.87
383.265
383.802
384.123
384.107
383.906
383.419
382.709
381.89
380.973
380.08
379.798
379.838
379.884
380.06
380.477
380.947
381.307
381.45
381.56
381.669
381.693
381.811
382.061
382.378
382.474
382.451
382.373
382.179
381.865
381.505
381.206
381.25
381.313
381.432
381.705
382.046
382.45
382.729
382.891
382.988
382.978
382.901
382.71
382.372
381.961
381.355
288.9
288.9
288.901
288.905
288.923
289.012
289.563
293.8
306.311
339.475
394.88
408.662
400.248
393.831
390.574
385.43
381.021
381.462
382.794
383.759
384.017
384.338
384.243
383.896
383.249
382.586
382.01
381.839
381.931
382.252
382.65
383.075
383.449
383.442
383.296
383.01
382.593
382.131
381.538
381.16
381.201
381.251
381.403
381.749
382.202
382.566
382.776
383.012
383.257
383.424
383.844
384.407
385.089
385.666
385.816
385.784
385.617
385.227
384.622
383.84
383.08
382.763
382.743
382.754
382.805
382.915
383.041
383.134
383.193
383.192
383.15
382.932
382.641
382.3
381.953
288.9
288.9
288.9
288.9
288.901
288.904
288.922
289.073
289.805
301.545
313.666
347.095
386.259
386.322
385.151
383.744
384.138
385.121
384.825
385.031
385.038
385.047
384.75
383.882
383.467
383.218
382.844
382.838
382.937
383.157
383.392
383.634
383.595
383.55
383.558
383.245
382.913
382.776
382.869
383.02
383.271
383.622
384.07
384.396
384.678
384.95
385.197
385.159
385.092
384.898
384.874
384.898
384.971
385.041
384.998
384.867
384.626
384.269
383.826
383.355
382.702
382.208
381.969
381.802
381.791
381.788
381.854
382.032
382.26
382.521
382.691
382.836
382.864
382.935
383.064
288.9
288.9
288.9
288.9
288.9
288.9
288.901
288.905
288.94
289.294
290.487
298.854
327.027
360.181
375.829
386.415
387.649
384.993
381.534
381.958
382.172
382.514
382.903
382.873
383.068
383.248
383.026
382.895
382.706
382.616
382.772
383.026
383.103
383.284
383.383
383.375
383.204
383.216
383.278
383.426
383.688
384.035
384.392
384.687
384.897
384.948
384.856
384.664
384.289
384.091
383.866
383.681
383.614
383.586
383.472
383.372
383.264
383.2
383.124
382.964
382.722
382.395
382.06
381.74
381.476
381.37
381.378
381.436
381.536
381.751
382.064
382.46
382.803
383.114
383.459
288.9
288.9
288.9
288.9
288.9
288.9
288.9
288.9
288.901
288.91
288.955
289.304
291.436
305.375
330.102
360.618
376.746
378.475
382.35
387.314
387.82
386.362
384.535
383.444
382.771
382.805
382.557
382.002
381.412
381.368
381.529
382.064
382.862
383.384
383.352
383.082
382.613
382.636
382.773
383.07
383.549
384.144
384.592
384.837
384.803
384.696
384.439
383.965
383.605
383.378
383.103
383.084
383.185
383.378
383.381
383.335
383.345
383.425
383.621
383.614
383.554
383.382
383.083
382.636
382.141
381.885
381.745
381.701
381.759
381.869
382.012
382.256
382.556
382.857
383.298
288.9
288.9
288.9
288.9
288.9
288.9
288.9
288.9
288.9
288.9
288.902
288.912
288.987
289.57
292.901
305.322
334.123
370.532
384.314
387.781
386.148
384.213
382.519
382.082
382.743
383.678
383.415
382.568
381.782
381.791
381.879
382.111
382.478
382.756
382.747
382.538
382.051
381.998
382.09
382.371
382.89
383.55
384.032
384.017
383.919
383.657
383.187
382.666
382.25
382.126
382.108
382.221
382.467
382.707
382.89
383.07
383.296
383.631
384.077
384.448
384.532
384.475
384.255
383.859
383.392
382.901
382.539
382.277
382.103
381.961
381.952
382.02
382.206
382.488
382.982
288.9
288.9
288.9
288.9
288.9
288.9
288.9
288.9
288.9
288.9
288.9
288.9
288.903
288.919
289.032
289.737
295.805
312.773
343.643
371.796
373.045
383.97
384.297
385.164
384.355
383.662
381.784
381.685
382.239
383.009
383.299
383.085
382.581
381.962
381.685
381.708
381.763
381.891
382.146
382.438
382.734
383.204
383.184
382.979
382.593
382.294
381.769
381.334
381.278
381.337
381.497
381.809
382.202
382.551
382.716
382.922
383.315
383.779
384.184
384.518
384.59
384.525
384.347
384.071
383.752
383.398
383.079
382.796
382.54
382.276
382.142
382.15
382.199
382.355
382.771
288.9
288.9
288.9
288.9
288.9
288.9
288.9
288.9
288.9
288.9
288.9
288.9
288.9
288.901
288.904
288.93
289.181
290.484
299.713
319.981
354
372.544
386.535
390.299
389.431
384.939
383.105
382.455
383.726
383.821
383.328
382.315
381.904
381.966
382.204
382.693
383.002
382.918
382.803
382.805
382.807
382.856
382.852
382.815
382.703
382.291
381.676
381.284
381.225
381.343
381.55
381.835
382.182
382.671
383.039
383.345
383.665
383.972
384.193
384.365
384.361
384.253
384.013
383.745
383.515
383.259
383.025
382.875
382.712
382.52
382.352
382.331
382.347
382.454
382.759
288.9
288.9
288.9
288.9
288.9
288.9
288.9
288.9
288.9
288.9
288.9
288.9
288.9
288.9
288.9
288.901
288.908
288.96
289.413
291.624
310.511
329.607
357.599
369.755
376.266
381.144
382.461
384.892
385.61
384.624
382.702
381.263
380.782
380.82
381.112
381.689
382.141
382.104
382.03
381.978
381.951
381.838
381.846
381.897
381.828
381.569
381.243
380.946
380.951
381.112
381.429
381.675
381.829
382.031
382.41
382.898
383.446
383.703
383.795
383.78
383.668
383.405
383.082
382.872
382.743
382.629
382.61
382.607
382.583
382.487
382.43
382.44
382.497
382.628
382.82
288.9
288.9
288.9
288.9
288.9
288.9
288.9
288.9
288.9
288.9
288.9
288.9
288.9
288.9
288.9
288.9
288.9
288.902
288.915
289.017
290.038
294.049
310.055
338.094
366.502
381.029
386.068
387.193
386.423
384.281
382.394
382.402
382.316
382.19
382.298
382.472
382.619
382.595
382.483
382.296
382.106
381.858
381.773
381.786
381.706
381.513
381.322
381.15
381.181
381.277
381.455
381.573
381.692
381.843
382.131
382.581
382.924
383.06
383.015
382.906
382.715
382.443
382.207
382.13
382.127
382.131
382.205
382.226
382.269
382.351
382.436
382.545
382.669
382.784
382.856
288.9
288.9
288.9
288.9
288.9
288.9
288.9
288.9
288.9
288.9
288.9
288.9
288.9
288.9
288.9
288.9
288.9
288.9
288.9
288.904
288.931
289.11
290.157
297.235
315.553
344.673
370.945
381.096
380.665
381.312
382.299
383.404
383.226
383.08
383.137
383.06
382.901
382.81
382.639
382.452
382.301
382.101
382.099
382.055
381.896
381.621
381.309
381.266
381.283
381.394
381.513
381.561
381.581
381.657
381.954
382.36
382.648
382.644
382.554
382.39
382.131
382.02
382.037
382.063
382.117
382.189
382.342
382.328
382.349
382.413
382.528
382.665
382.773
382.816
382.764
288.9
288.9
288.9
288.9
288.9
288.9
288.9
288.9
288.9
288.9
288.9
288.9
288.9
288.9
288.9
288.9
288.9
288.9
288.9
288.9
288.901
288.906
288.943
289.234
290.931
301.856
329.463
359.991
369.937
376.503
381.243
379.909
380.618
380.825
381.431
381.705
381.735
381.79
381.836
381.827
381.827
381.91
381.933
381.862
381.704
381.453
381.361
381.286
381.084
380.831
380.789
380.819
380.916
381.27
381.812
382.162
382.262
382.177
381.979
381.763
381.649
381.695
381.832
381.955
382.075
382.244
382.324
382.347
382.366
382.397
382.449
382.496
382.497
382.477
382.313
288.9
288.9
288.9
288.9
288.9
288.9
288.9
288.9
288.9
288.9
288.9
288.9
288.9
288.9
288.9
288.9
288.9
288.9
288.9
288.9
288.9
288.9
288.901
288.91
288.977
289.579
293.131
309.768
340.338
368.194
375.666
379.552
382.77
384.81
383.768
382.822
382.299
382.295
382.274
382.116
382.248
382.362
382.316
382.094
381.966
381.938
382.014
381.896
381.607
381.267
381.219
381.256
381.392
381.761
382.204
382.251
382.13
381.924
381.641
381.4
381.406
381.473
381.63
381.813
381.945
382.134
382.143
382.155
382.119
382.05
382.069
382.037
381.99
381.944
381.753
288.9
288.9
288.9
288.9
288.9
288.9
288.9
288.9
288.9
288.9
288.9
288.9
288.9
288.9
288.9
288.9
288.9
288.9
288.9
288.9
288.9
288.9
288.9
288.9
288.903
288.922
289.077
290.269
298.241
317.241
348.81
376.658
385.692
383.65
378.614
379.815
381.127
382.365
383.203
383.121
382.784
382.489
382.057
381.543
381.564
381.731
381.778
381.655
381.445
381.453
381.586
381.858
382.311
382.496
382.462
382.296
381.998
381.674
381.467
381.405
381.461
381.615
381.783
381.917
382.006
382.013
381.979
381.914
381.806
381.776
381.836
381.818
381.753
381.728
381.61
288.9
288.9
288.9
288.9
288.9
288.9
288.9
288.9
288.9
288.9
288.9
288.9
288.9
288.9
288.9
288.9
288.9
288.9
288.9
288.9
288.9
288.9
288.9
288.9
288.9
288.901
288.906
288.947
289.3
291.313
305.525
327.11
358.973
367.49
380.343
380.456
382.265
381.677
380.899
379.832
379.543
379.859
380.341
380.773
381.428
381.942
381.912
381.782
381.691
381.725
382.067
382.569
382.599
382.497
382.271
381.936
381.623
381.406
381.422
381.48
381.621
381.847
382.002
382.051
382.085
382.072
382.03
381.979
381.84
381.912
381.984
381.967
381.901
381.858
381.679
288.9
288.9
288.9
288.9
288.9
288.9
288.9
288.9
288.9
288.9
288.9
288.9
288.9
288.9
288.9
288.9
288.9
288.9
288.9
288.9
288.9
288.9
288.9
288.9
288.9
288.9
288.9
288.901
288.911
288.995
289.817
294.546
306.507
344.547
377.482
380.528
383.353
382.614
382.445
381.523
381.505
381.694
381.503
381.304
381.405
381.571
381.486
381.54
381.695
382.075
382.519
382.564
382.43
382.186
381.869
381.457
381.363
381.407
381.537
381.682
381.855
382.052
382.091
382.154
382.225
382.213
382.209
382.168
382.171
382.277
382.384
382.38
382.302
382.195
381.957
288.9
288.9
288.9
288.9
288.9
288.9
288.9
288.9
288.9
288.9
288.9
288.9
288.9
288.9
288.9
288.9
288.9
288.9
288.9
288.9
288.9
288.9
288.9
288.9
288.9
288.9
288.9
288.9
288.9
288.903
288.929
289.145
290.367
304.429
326.9
348.406
380.51
380.001
377.625
377.794
380.148
382.159
381.616
381.003
381.105
381.141
380.818
380.81
381.121
381.965
382.603
382.667
382.58
382.37
382.054
381.776
381.766
381.822
381.901
381.941
381.966
381.98
382.011
382.092
382.118
382.155
382.191
382.145
382.214
382.319
382.378
382.363
382.304
382.227
382.07
288.9
288.9
288.9
288.9
288.9
288.9
288.9
288.9
288.9
288.9
288.9
288.9
288.9
288.9
288.9
288.9
288.9
288.9
288.9
288.9
288.9
288.9
288.9
288.9
288.9
288.9
288.9
288.9
288.9
288.9
288.901
288.908
288.968
289.718
292.72
312.227
329.632
360.274
374.732
381.304
384.423
383.428
380.725
380.381
381.366
381.494
380.94
380.851
381.301
382.018
382.398
382.697
382.664
382.568
382.403
382.314
382.336
382.306
382.23
382.19
382.146
382.127
382.103
382.024
381.928
381.836
381.767
381.79
381.887
381.968
381.999
382.105
382.098
381.982
381.988
288.9
288.9
288.9
288.9
288.9
288.9
288.9
288.9
288.9
288.9
288.9
288.9
288.9
288.9
288.9
288.9
288.9
288.9
288.9
288.9
288.9
288.9
288.9
288.9
288.9
288.9
288.9
288.9
288.9
288.9
288.9
288.9
288.902
288.922
289.056
290.257
295.432
315.579
353.222
375.415
384.312
383.557
381.839
383.269
383.918
382.966
381.449
380.762
381.091
381.317
381.533
381.882
382.179
382.316
382.3
382.345
382.4
382.285
382.137
382.075
382.099
382.162
382.269
382.277
382.255
382.125
381.882
381.854
381.837
381.785
381.738
381.747
381.736
381.684
381.823
288.9
288.9
288.9
288.9
288.9
288.9
288.9
288.9
288.9
288.9
288.9
288.9
288.9
288.9
288.9
288.9
288.9
288.9
288.9
288.9
288.9
288.9
288.9
288.9
288.9
288.9
288.9
288.9
288.9
288.9
288.9
288.9
288.9
288.901
288.905
288.944
289.231
291.323
305.92
339.3
365.193
375.93
380.674
383.423
383.331
382.104
381.773
381.825
382.207
382.537
382.374
382.11
382.112
382.096
382.203
382.146
382.077
381.996
381.873
381.886
381.955
382.075
382.263
382.35
382.341
382.29
382.085
382.056
382.074
381.975
381.772
381.691
381.723
381.75
381.827
288.9
288.9
288.9
288.9
288.9
288.9
288.9
288.9
288.9
288.9
288.9
288.9
288.9
288.9
288.9
288.9
288.9
288.9
288.9
288.9
288.9
288.9
288.9
288.9
288.9
288.9
288.9
288.9
288.9
288.9
288.9
288.9
288.9
288.9
288.9
288.901
288.911
289.007
289.997
298.111
319.11
352.178
377.968
377.828
381.597
381.782
381.675
381.759
382.136
382.049
381.526
381.083
381.217
381.184
381.205
381.361
381.284
381.301
381.364
381.451
381.667
382.065
382.53
382.812
382.806
382.749
382.548
382.523
382.396
382.183
381.981
381.896
381.794
381.826
381.864
288.9
288.9
288.9
288.9
288.9
288.9
288.9
288.9
288.9
288.9
288.9
288.9
288.9
288.9
288.9
288.9
288.9
288.9
288.9
288.9
288.9
288.9
288.9
288.9
288.9
288.9
288.9
288.9
288.9
288.9
288.9
288.9
288.9
288.9
288.9
288.9
288.9
288.904
288.942
289.353
291.943
306.656
342.734
362.908
375.556
382.188
379.722
380.059
381.361
381.24
380.669
380.434
380.652
380.98
381.132
381.215
381.33
381.369
381.456
381.483
381.716
382.298
382.976
383.352
383.337
383.221
382.982
382.726
382.496
382.273
382.188
381.993
381.842
381.885
381.843
288.9
288.9
288.9
288.9
288.9
288.9
288.9
288.9
288.9
288.9
288.9
288.9
288.9
288.9
288.9
288.9
288.9
288.9
288.9
288.9
288.9
288.9
288.9
288.9
288.9
288.9
288.9
288.9
288.9
288.9
288.9
288.9
288.9
288.9
288.9
288.9
288.9
288.9
288.901
288.913
289.025
290.127
296.835
325.593
351.383
372.038
374.243
376.425
378.616
379.257
380.602
381.702
381.451
381.237
380.984
381.1
381.091
380.874
380.707
380.708
380.91
381.531
382.477
383.164
383.33
383.279
383.102
382.791
382.504
382.259
382.076
381.906
381.925
381.921
381.873
288.9
288.9
288.9
288.9
288.9
288.9
288.9
288.9
288.9
288.9
288.9
288.9
288.9
288.9
288.9
288.9
288.9
288.9
288.9
288.9
288.9
288.9
288.9
288.9
288.9
288.9
288.9
288.9
288.9
288.9
288.9
288.9
288.9
288.9
288.9
288.9
288.9
288.9
288.9
288.9
288.904
288.944
289.295
293.804
302.494
332.796
382.442
383.169
379.342
380.004
381.509
381.455
380.852
380.284
380.649
380.74
380.943
381.253
381.302
381.353
381.552
381.991
382.639
383.15
383.21
383.213
382.962
382.589
382.281
382.093
381.812
381.748
381.958
381.902
381.779
288.9
288.9
288.9
288.9
288.9
288.9
288.9
288.9
288.9
288.9
288.9
288.9
288.9
288.9
288.9
288.9
288.9
288.9
288.9
288.9
288.9
288.9
288.9
288.9
288.9
288.9
288.9
288.9
288.9
288.9
288.9
288.9
288.9
288.9
288.9
288.9
288.9
288.9
288.9
288.9
288.9
288.901
288.914
289.067
289.856
298.005
321.755
363.079
365.525
377.86
380.726
376.367
376.332
378.155
379.719
380.114
380.654
381.299
381.6
381.756
381.969
382.325
382.689
382.742
382.735
382.631
382.413
382.084
381.824
381.638
381.405
381.506
381.795
381.694
381.454
288.9
288.9
288.9
288.9
288.9
288.9
288.9
288.9
288.9
288.9
288.9
288.9
288.9
288.9
288.9
288.9
288.9
288.9
288.9
288.9
288.9
288.9
288.9
288.9
288.9
288.9
288.9
288.9
288.9
288.9
288.9
288.9
288.9
288.9
288.9
288.9
288.9
288.9
288.9
288.9
288.9
288.9
288.9
288.904
288.941
289.402
293.031
308.116
336.97
375.217
377.415
380.33
382.44
381.729
380.405
379.574
380.137
381.641
382.624
382.545
382.234
382.264
382.102
382.105
382.1
381.964
381.804
381.525
381.174
381.115
381.137
381.328
381.516
381.444
381.17
288.9
288.9
288.9
288.9
288.9
288.9
288.9
288.9
288.9
288.9
288.9
288.9
288.9
288.9
288.9
288.9
288.9
288.9
288.9
288.9
288.9
288.9
288.9
288.9
288.9
288.9
288.9
288.9
288.9
288.9
288.9
288.9
288.9
288.9
288.9
288.9
288.9
288.9
288.9
288.9
288.9
288.9
288.9
288.9
288.901
288.919
289.082
290.439
309.29
318.036
356.416
381.237
385.217
383.619
380.931
379.793
380.306
381.502
381.895
381.771
381.501
381.228
381.125
381.33
381.419
381.295
380.96
380.435
380.366
380.437
381.014
381.307
381.095
380.939
380.831
288.9
288.9
288.9
288.9
288.9
288.9
288.9
288.9
288.9
288.9
288.9
288.9
288.9
288.9
288.9
288.9
288.9
288.9
288.9
288.9
288.9
288.9
288.9
288.9
288.9
288.9
288.9
288.9
288.9
288.9
288.9
288.9
288.9
288.9
288.9
288.9
288.9
288.9
288.9
288.9
288.9
288.9
288.9
288.9
288.9
288.901
288.906
288.965
289.854
292.902
309.234
348.436
368.744
374.955
379.245
379.195
380.703
382.657
382.639
382.151
381.33
380.444
380.19
380.599
380.711
380.523
379.921
379.751
379.906
380.315
381.209
381.409
381.129
380.811
380.881
288.9
288.9
288.9
288.9
288.9
288.9
288.9
288.9
288.9
288.9
288.9
288.9
288.9
288.9
288.9
288.9
288.9
288.9
288.9
288.9
288.9
288.9
288.9
288.9
288.9
288.9
288.9
288.9
288.9
288.9
288.9
288.9
288.9
288.9
288.9
288.9
288.9
288.9
288.9
288.9
288.9
288.9
288.9
288.9
288.9
288.9
288.9
288.902
288.925
289.092
290.675
301.989
337.41
368.681
381.637
381.182
382.714
384.651
383.403
381.837
381.161
380.699
380.991
381.45
381.454
381.099
380.334
380.352
380.504
381.1
381.585
381.46
381.163
380.822
380.857
288.9
288.9
288.9
288.9
288.9
288.9
288.9
288.9
288.9
288.9
288.9
288.9
288.9
288.9
288.9
288.9
288.9
288.9
288.9
288.9
288.9
288.9
288.9
288.9
288.9
288.9
288.9
288.9
288.9
288.9
288.9
288.9
288.9
288.9
288.9
288.9
288.9
288.9
288.9
288.9
288.9
288.9
288.9
288.9
288.9
288.9
288.9
288.9
288.901
288.908
288.978
289.904
297.446
319.724
363.24
386.296
385.886
382.867
381.451
381.111
381.182
381.687
382.753
383.01
382.69
381.721
380.977
381.133
381.791
382.329
381.995
381.515
381.172
380.823
380.826
288.9
288.9
288.9
288.9
288.9
288.9
288.9
288.9
288.9
288.9
288.9
288.9
288.9
288.9
288.9
288.9
288.9
288.9
288.9
288.9
288.9
288.9
288.9
288.9
288.9
288.9
288.9
288.9
288.9
288.9
288.9
288.9
288.9
288.9
288.9
288.9
288.9
288.9
288.9
288.9
288.9
288.9
288.9
288.9
288.9
288.9
288.9
288.9
288.9
288.9
288.903
288.94
289.368
293.381
314.355
353.113
365.776
374.722
379.476
379.229
379.933
382.556
384.615
384.411
383.487
382.041
382.107
382.702
383.111
382.891
382.214
381.657
381.411
381.102
381.113
288.9
288.9
288.9
288.9
288.9
288.9
288.9
288.9
288.9
288.9
288.9
288.9
288.9
288.9
288.9
288.9
288.9
288.9
288.9
288.9
288.9
288.9
288.9
288.9
288.9
288.9
288.9
288.9
288.9
288.9
288.9
288.9
288.9
288.9
288.9
288.9
288.9
288.9
288.9
288.9
288.9
288.9
288.9
288.9
288.9
288.9
288.9
288.9
288.9
288.9
288.9
288.901
288.918
289.132
290.939
305.073
337.2
365.301
378.44
381.879
382.734
384.237
383.7
382.232
381.164
381.469
382.306
383.128
383.586
383.067
382.137
381.868
381.901
381.801
381.718
288.9
288.9
288.9
288.9
288.9
288.9
288.9
288.9
288.9
288.9
288.9
288.9
288.9
288.9
288.9
288.9
288.9
288.9
288.9
288.9
288.9
288.9
288.9
288.9
288.9
288.9
288.9
288.9
288.9
288.9
288.9
288.9
288.9
288.9
288.9
288.9
288.9
288.9
288.9
288.9
288.9
288.9
288.9
288.9
288.9
288.9
288.9
288.9
288.9
288.9
288.9
288.9
288.901
288.909
288.994
290.152
299.633
317.108
358.853
387.079
387.396
384.415
381.581
381.473
381.123
381.374
381.918
382.583
382.387
381.693
381.77
381.919
382.236
382.75
382.679
288.9
288.9
288.9
288.9
288.9
288.9
288.9
288.9
288.9
288.9
288.9
288.9
288.9
288.9
288.9
288.9
288.9
288.9
288.9
288.9
288.9
288.9
288.9
288.9
288.9
288.9
288.9
288.9
288.9
288.9
288.9
288.9
288.9
288.9
288.9
288.9
288.9
288.9
288.9
288.9
288.9
288.9
288.9
288.9
288.9
288.9
288.9
288.9
288.9
288.9
288.9
288.9
288.9
288.9
288.904
288.948
289.484
293.23
313.706
353.784
366.975
382.888
382.127
380.882
381.76
381.377
381.463
381.248
380.551
380.769
381.331
381.983
382.772
383.299
383.157
288.9
288.9
288.9
288.9
288.9
288.9
288.9
288.9
288.9
288.9
288.9
288.9
288.9
288.9
288.9
288.9
288.9
288.9
288.9
288.9
288.9
288.9
288.9
288.9
288.9
288.9
288.9
288.9
288.9
288.9
288.9
288.9
288.9
288.9
288.9
288.9
288.9
288.9
288.9
288.9
288.9
288.9
288.9
288.9
288.9
288.9
288.9
288.9
288.9
288.9
288.9
288.9
288.9
288.9
288.9
288.902
288.921
289.151
291.904
305.038
345.797
382.604
382.709
381.401
382.519
381.839
380.541
381.111
381.541
381.699
381.782
381.947
382.317
382.453
382.445
288.9
288.9
288.9
288.9
288.9
288.9
288.9
288.9
288.9
288.9
288.9
288.9
288.9
288.9
288.9
288.9
288.9
288.9
288.9
288.9
288.9
288.9
288.9
288.9
288.9
288.9
288.9
288.9
288.9
288.9
288.9
288.9
288.9
288.9
288.9
288.9
288.9
288.9
288.9
288.9
288.9
288.9
288.9
288.9
288.9
288.9
288.9
288.9
288.9
288.9
288.9
288.9
288.9
288.9
288.9
288.9
288.901
288.911
289.06
290.544
309.617
333.71
356.232
374.6
383.044
380.922
380.909
382.771
384.351
383.884
383.04
382.632
382.468
382.266
381.896
288.9
288.9
288.9
288.9
288.9
288.9
288.9
288.9
288.9
288.9
288.9
288.9
288.9
288.9
288.9
288.9
288.9
288.9
288.9
288.9
288.9
288.9
288.9
288.9
288.9
288.9
288.9
288.9
288.9
288.9
288.9
288.9
288.9
288.9
288.9
288.9
288.9
288.9
288.9
288.9
288.9
288.9
288.9
288.9
288.9
288.9
288.9
288.9
288.9
288.9
288.9
288.9
288.9
288.9
288.9
288.9
288.9
288.9
288.906
288.989
290.545
296.181
324.973
365.067
380.246
379.928
380.11
382.792
384.371
383.474
383.151
383.008
382.685
382.015
381.536
288.9
288.9
288.9
288.9
288.9
288.9
288.9
288.9
288.9
288.9
288.9
288.9
288.9
288.9
288.9
288.9
288.9
288.9
288.9
288.9
288.9
288.9
288.9
288.9
288.9
288.9
288.9
288.9
288.9
288.9
288.9
288.9
288.9
288.9
288.9
288.9
288.9
288.9
288.9
288.9
288.9
288.9
288.9
288.9
288.9
288.9
288.9
288.9
288.9
288.9
288.9
288.9
288.9
288.9
288.9
288.9
288.9
288.9
288.9
288.903
288.959
289.402
296.928
310.125
348.802
374.502
384.943
384.621
382.124
381.556
382.711
383.366
382.95
382.076
381.487
288.9
288.9
288.9
288.9
288.9
288.9
288.9
288.9
288.9
288.9
288.9
288.9
288.9
288.9
288.9
288.9
288.9
288.9
288.9
288.9
288.9
288.9
288.9
288.9
288.9
288.9
288.9
288.9
288.9
288.9
288.9
288.9
288.9
288.9
288.9
288.9
288.9
288.9
288.9
288.9
288.9
288.9
288.9
288.9
288.9
288.9
288.9
288.9
288.9
288.9
288.9
288.9
288.9
288.9
288.9
288.9
288.9
288.9
288.9
288.9
288.902
288.923
289.32
291.459
303.191
348.383
376.975
378.998
378.543
380.988
383.873
384.13
383.108
381.76
381.212
288.9
288.9
288.9
288.9
288.9
288.9
288.9
288.9
288.9
288.9
288.9
288.9
288.9
288.9
288.9
288.9
288.9
288.9
288.9
288.9
288.9
288.9
288.9
288.9
288.9
288.9
288.9
288.9
288.9
288.9
288.9
288.9
288.9
288.9
288.9
288.9
288.9
288.9
288.9
288.9
288.9
288.9
288.9
288.9
288.9
288.9
288.9
288.9
288.9
288.9
288.9
288.9
288.9
288.9
288.9
288.9
288.9
288.9
288.9
288.9
288.9
288.901
288.914
289.031
290.411
308.746
345.214
362.108
373.115
382.914
385.875
384.287
382.749
381.612
381.376
288.9
288.9
288.9
288.9
288.9
288.9
288.9
288.9
288.9
288.9
288.9
288.9
288.9
288.9
288.9
288.9
288.9
288.9
288.9
288.9
288.9
288.9
288.9
288.9
288.9
288.9
288.9
288.9
288.9
288.9
288.9
288.9
288.9
288.9
288.9
288.9
288.9
288.9
288.9
288.9
288.9
288.9
288.9
288.9
288.9
288.9
288.9
288.9
288.9
288.9
288.9
288.9
288.9
288.9
288.9
288.9
288.9
288.9
288.9
288.9
288.9
288.9
288.9
288.906
288.994
290.694
301.192
333.571
370.294
380.475
383.019
383.628
383.409
382.703
382.116
288.9
288.9
288.9
288.9
288.9
288.9
288.9
288.9
288.9
288.9
288.9
288.9
288.9
288.9
288.9
288.9
288.9
288.9
288.9
288.9
288.9
288.9
288.9
288.9
288.9
288.9
288.9
288.9
288.9
288.9
288.9
288.9
288.9
288.9
288.9
288.9
288.9
288.9
288.9
288.9
288.9
288.9
288.9
288.9
288.9
288.9
288.9
288.9
288.9
288.9
288.9
288.9
288.9
288.9
288.9
288.9
288.9
288.9
288.9
288.9
288.9
288.9
288.9
288.9
288.904
288.982
289.876
299.985
330.189
358.117
372.579
380.199
382.576
381.477
381.659
288.9
288.9
288.9
288.9
288.9
288.9
288.9
288.9
288.9
288.9
288.9
288.9
288.9
288.9
288.9
288.9
288.9
288.9
288.9
288.9
288.9
288.9
288.9
288.9
288.9
288.9
288.9
288.9
288.9
288.9
288.9
288.9
288.9
288.9
288.9
288.9
288.9
288.9
288.9
288.9
288.9
288.9
288.9
288.9
288.9
288.9
288.9
288.9
288.9
288.9
288.9
288.9
288.9
288.9
288.9
288.9
288.9
288.9
288.9
288.9
288.9
288.9
288.9
288.9
288.9
288.903
288.946
289.833
294.944
324.537
363.717
379.526
379.587
380.246
381.997
288.9
288.9
288.9
288.9
288.9
288.9
288.9
288.9
288.9
288.9
288.9
288.9
288.9
288.9
288.9
288.9
288.9
288.9
288.9
288.9
288.9
288.9
288.9
288.9
288.9
288.9
288.9
288.9
288.9
288.9
288.9
288.9
288.9
288.9
288.9
288.9
288.9
288.9
288.9
288.9
288.9
288.9
288.9
288.9
288.9
288.9
288.9
288.9
288.9
288.9
288.9
288.9
288.9
288.9
288.9
288.9
288.9
288.9
288.9
288.9
288.9
288.9
288.9
288.9
288.9
288.9
288.902
288.94
289.384
297.104
309.314
345.954
371.45
380.343
381.781
288.9
288.9
288.9
288.9
288.9
288.9
288.9
288.9
288.9
288.9
288.9
288.9
288.9
288.9
288.9
288.9
288.9
288.9
288.9
288.9
288.9
288.9
288.9
288.9
288.9
288.9
288.9
288.9
288.9
288.9
288.9
288.9
288.9
288.9
288.9
288.9
288.9
288.9
288.9
288.9
288.9
288.9
288.9
288.9
288.9
288.9
288.9
288.9
288.9
288.9
288.9
288.9
288.9
288.9
288.9
288.9
288.9
288.9
288.9
288.9
288.9
288.9
288.9
288.9
288.9
288.9
288.9
288.901
288.922
289.32
291.445
309.989
346.345
376.133
378.694
288.9
288.9
288.9
288.9
288.9
288.9
288.9
288.9
288.9
288.9
288.9
288.9
288.9
288.9
288.9
288.9
288.9
288.9
288.9
288.9
288.9
288.9
288.9
288.9
288.9
288.9
288.9
288.9
288.9
288.9
288.9
288.9
288.9
288.9
288.9
288.9
288.9
288.9
288.9
288.9
288.9
288.9
288.9
288.9
288.9
288.9
288.9
288.9
288.9
288.9
288.9
288.9
288.9
288.9
288.9
288.9
288.9
288.9
288.9
288.9
288.9
288.9
288.9
288.9
288.9
288.9
288.9
288.9
288.901
288.913
289.035
291.184
303.805
338.632
376.802
288.9
288.9
288.9
288.9
288.9
288.9
288.9
288.9
288.9
288.9
288.9
288.9
288.9
288.9
288.9
288.9
288.9
288.9
288.9
288.9
288.9
288.9
288.9
288.9
288.9
288.9
288.9
288.9
288.9
288.9
288.9
288.9
288.9
288.9
288.9
288.9
288.9
288.9
288.9
288.9
288.9
288.9
288.9
288.9
288.9
288.9
288.9
288.9
288.9
288.9
288.9
288.9
288.9
288.9
288.9
288.9
288.9
288.9
288.9
288.9
288.9
288.9
288.9
288.9
288.9
288.9
288.9
288.9
288.9
288.9
288.905
289.008
290.362
301.38
354.337
288.9
288.9
288.9
288.9
288.9
288.9
288.9
288.9
288.9
288.9
288.9
288.9
288.9
288.9
288.9
288.9
288.9
288.9
288.9
288.9
288.9
288.9
288.9
288.9
288.9
288.9
288.9
288.9
288.9
288.9
288.9
288.9
288.9
288.9
288.9
288.9
288.9
288.9
288.9
288.9
288.9
288.9
288.9
288.9
288.9
288.9
288.9
288.9
288.9
288.9
288.9
288.9
288.9
288.9
288.9
288.9
288.9
288.9
288.9
288.9
288.9
288.9
288.9
288.9
288.9
288.9
288.9
288.9
288.9
288.9
288.9
288.904
288.977
290.389
319.003
288.9
288.9
288.9
288.9
288.9
288.9
288.9
288.9
288.9
288.9
288.9
288.9
288.9
288.9
288.9
288.9
288.9
288.9
288.9
288.9
288.9
288.9
288.9
288.9
288.9
288.9
288.9
288.9
288.9
288.9
288.9
288.9
288.9
288.9
288.9
288.9
288.9
288.9
288.9
288.9
288.9
288.9
288.9
288.9
288.9
288.9
288.9
288.9
288.9
288.9
288.9
288.9
288.9
288.9
288.9
288.9
288.9
288.9
288.9
288.9
288.9
288.9
288.9
288.9
288.9
288.9
288.9
288.9
288.9
288.9
288.9
288.9
288.905
289.053
295.375
288.9
288.9
288.9
288.9
288.9
288.9
288.9
288.9
288.9
288.9
288.9
288.9
288.9
288.9
288.9
288.9
288.9
288.9
288.9
288.9
288.9
288.9
288.9
288.9
288.9
288.9
288.9
288.9
288.9
288.9
288.9
288.9
288.9
288.9
288.9
288.9
288.9
288.9
288.9
288.9
288.9
288.9
288.9
288.9
288.9
288.9
288.9
288.9
288.9
288.9
288.9
288.9
288.9
288.9
288.9
288.9
288.9
288.9
288.9
288.9
288.9
288.9
288.9
288.9
288.9
288.9
288.9
288.9
288.9
288.9
288.9
288.9
288.9
288.917
289.761
288.9
288.9
288.9
288.9
288.9
288.9
288.9
288.9
288.9
288.9
288.9
288.9
288.9
288.9
288.9
288.9
288.9
288.9
288.9
288.9
288.9
288.9
288.9
288.9
288.9
288.9
288.9
288.9
288.9
288.9
288.9
288.9
288.9
288.9
288.9
288.9
288.9
288.9
288.9
288.9
288.9
288.9
288.9
288.9
288.9
288.9
288.9
288.9
288.9
288.9
288.9
288.9
288.9
288.9
288.9
288.9
288.9
288.9
288.9
288.9
288.9
288.9
288.9
288.9
288.9
288.9
288.9
288.9
288.9
288.9
288.9
288.9
288.9
288.902
288.98
288.9
288.9
288.9
288.9
288.9
288.9
288.9
288.9
288.9
288.9
288.9
288.9
288.9
288.9
288.9
288.9
288.9
288.9
288.9
288.9
288.9
288.9
288.9
288.9
288.9
288.9
288.9
288.9
288.9
288.9
288.9
288.9
288.9
288.9
288.9
288.9
288.9
288.9
288.9
288.9
288.9
288.9
288.9
288.9
288.9
288.9
288.9
288.9
288.9
288.9
288.9
288.9
288.9
288.9
288.9
288.9
288.9
288.9
288.9
288.9
288.9
288.9
288.9
288.9
288.9
288.9
288.9
288.9
288.9
288.9
288.9
288.9
288.9
288.9
288.906
288.9
288.9
288.9
288.9
288.9
288.9
288.9
288.9
288.9
288.9
288.9
288.9
288.9
288.9
288.9
288.9
288.9
288.9
288.9
288.9
288.9
288.9
288.9
288.9
288.9
288.9
288.9
288.9
288.9
288.9
288.9
288.9
288.9
288.9
288.9
288.9
288.9
288.9
288.9
288.9
288.9
288.9
288.9
288.9
288.9
288.9
288.9
288.9
288.9
288.9
288.9
288.9
288.9
288.9
288.9
288.9
288.9
288.9
288.9
288.9
288.9
288.9
288.9
288.9
288.9
288.9
288.9
288.9
288.9
288.9
288.9
288.9
288.9
288.9
288.901
288.9
288.9
288.9
288.9
288.9
288.9
288.9
288.9
288.9
288.9
288.9
288.9
288.9
288.9
288.9
288.9
288.9
288.9
288.9
288.9
288.9
288.9
288.9
288.9
288.9
288.9
288.9
288.9
288.9
288.9
288.9
288.9
288.9
288.9
288.9
288.9
288.9
288.9
288.9
288.9
288.9
288.9
288.9
288.9
288.9
288.9
288.9
288.9
288.9
288.9
288.9
288.9
288.9
288.9
288.9
288.9
288.9
288.9
288.9
288.9
288.9
288.9
288.9
288.9
288.9
288.9
288.9
288.9
288.9
288.9
288.9
288.9
288.9
288.9
288.9
288.9
288.9
288.9
288.9
288.9
288.9
288.9
288.9
288.9
288.9
288.9
288.9
288.9
288.9
288.9
288.9
288.9
288.9
288.9
288.9
288.9
288.9
288.9
288.9
288.9
288.9
288.9
288.9
288.9
288.9
288.9
288.9
288.9
288.9
288.9
288.9
288.9
288.9
288.9
288.9
288.9
288.9
288.9
288.9
288.9
288.9
288.9
288.9
288.9
288.9
288.9
288.9
288.9
288.9
288.9
288.9
288.9
288.9
288.9
288.9
288.9
288.9
288.9
288.9
288.9
288.9
288.9
288.9
288.9
288.9
288.9
288.9
288.9
288.9
288.9
288.9
288.9
288.9
288.9
288.9
288.9
288.9
288.9
288.9
288.9
288.9
288.9
288.9
288.9
288.9
288.9
288.9
288.9
288.9
288.9
288.9
288.9
288.9
288.9
288.9
288.9
288.9
288.9
288.9
288.9
288.9
288.9
288.9
288.9
288.9
288.9
288.9
288.9
288.9
288.9
288.9
288.9
288.9
288.9
288.9
288.9
288.9
288.9
288.9
288.9
288.9
288.9
288.9
288.9
288.9
288.9
288.9
288.9
288.9
288.9
288.9
288.9
288.9
288.9
288.9
288.9
288.9
288.9
288.9
288.9
288.9
288.9
288.9
288.9
288.9
288.9
288.9
288.9
288.9
288.9
288.9
288.9
288.9
288.9
288.9
288.9
288.9
288.9
288.9
288.9
288.9
288.9
288.9
288.9
288.9
288.9
288.9
288.9
288.9
288.9
288.9
288.9
288.9
288.9
288.9
288.9
288.9
288.9
288.9
288.9
288.9
288.9
288.9
288.9
288.9
288.9
288.9
288.9
288.9
288.9
288.9
288.9
288.9
288.9
288.9
288.9
288.9
288.9
288.9
288.9
288.9
288.9
288.9
288.9
288.9
288.9
288.9
288.9
288.9
288.9
288.9
288.9
288.9
288.9
288.9
288.9
288.9
288.9
288.9
288.9
288.9
288.9
288.9
288.9
288.9
288.9
288.9
288.9
288.9
288.9
288.9
288.9
288.9
288.9
288.9
288.9
288.9
288.9
288.9
288.9
288.9
288.9
288.9
288.9
288.9
288.9
288.9
288.9
288.9
288.9
288.9
288.9
288.9
288.9
288.9
288.9
288.9
288.9
288.9
288.9
288.9
288.9
288.9
288.9
288.9
288.9
288.9
288.9
288.9
288.9
288.9
288.9
288.9
288.9
288.9
288.9
288.9
288.9
288.9
288.9
288.9
288.9
288.9
288.9
288.9
288.9
288.9
288.9
288.9
288.9
288.9
288.9
288.9
288.9
288.9
288.9
288.9
288.9
288.9
288.9
288.9
288.9
288.9
288.9
288.9
288.9
288.9
288.9
288.9
288.9
288.9
288.9
288.9
288.9
288.9
288.9
288.9
288.9
288.9
288.9
288.9
288.9
288.9
288.9
288.9
288.9
288.9
288.9
288.9
288.9
288.9
288.9
288.9
288.9
288.9
288.9
288.9
288.9
288.9
288.9
288.9
288.9
288.9
288.9
288.9
288.9
288.9
288.9
288.9
288.9
288.9
288.9
288.9
288.9
288.9
288.9
288.9
288.9
288.9
288.9
288.9
288.9
288.9
288.9
288.9
288.9
288.9
288.9
288.9
288.9
288.9
288.9
288.9
288.9
288.9
288.9
288.9
288.9
288.9
288.9
288.9
288.9
288.9
288.9
288.9
288.9
288.9
288.9
288.9
288.9
288.9
288.9
288.9
288.9
288.9
288.9
288.9
288.9
288.9
288.9
288.9
288.9
288.9
288.9
288.9
288.9
288.9
288.9
288.9
288.9
288.9
288.9
288.9
288.9
288.9
288.9
288.9
288.9
288.9
288.9
288.9
288.9
288.9
288.9
288.9
288.9
288.9
288.9
288.9
288.9
288.9
288.9
288.9
288.9
288.9
288.9
288.9
288.9
288.9
288.9
288.9
288.9
288.9
288.9
288.9
288.9
288.9
288.9
288.9
288.9
288.9
288.9
288.9
288.9
288.9
288.9
288.9
288.9
288.9
288.9
288.9
288.9
288.9
288.9
288.9
288.9
288.9
288.9
288.9
288.9
288.9
288.9
288.9
288.9
288.9
288.9
288.9
288.9
288.9
288.9
288.9
288.9
288.9
288.9
288.9
288.9
288.9
288.9
288.9
288.9
288.9
288.9
288.9
288.9
288.9
288.9
288.9
288.9
288.9
288.9
288.9
288.9
288.9
288.9
288.9
288.9
288.9
288.9
288.9
288.9
288.9
288.9
288.9
288.9
288.9
288.9
288.9
288.9
288.9
288.9
288.9
288.9
288.9
288.9
288.9
288.9
288.9
288.9
288.9
288.9
288.9
288.9
288.9
288.9
288.9
288.9
288.9
288.9
288.9
288.9
288.9
288.9
288.9
288.9
288.9
288.9
288.9
288.9
288.9
288.9
288.9
288.9
288.9
288.9
288.9
288.9
288.9
288.9
288.9
288.9
288.9
288.9
288.9
288.9
288.9
288.9
288.9
288.9
288.9
288.9
288.9
288.9
288.9
288.9
288.9
288.9
288.9
288.9
288.9
288.9
288.9
288.9
288.9
288.9
288.9
288.9
288.9
288.9
288.9
288.9
288.9
288.9
288.9
288.9
288.9
288.9
288.9
288.9
288.9
288.9
288.9
288.9
288.9
288.9
288.9
288.9
288.9
288.9
288.9
288.9
288.9
288.9
288.9
288.9
288.9
288.9
288.9
288.9
288.9
288.9
288.9
288.9
288.9
288.9
288.9
288.9
288.9
288.9
288.9
288.9
288.9
288.9
288.9
288.9
288.9
288.9
288.9
288.9
288.9
288.9
288.9
288.9
288.9
288.9
288.9
288.9
288.9
288.9
288.9
288.9
288.9
288.9
288.9
288.9
288.9
288.9
288.9
288.9
288.9
288.9
288.9
288.9
288.9
288.9
288.9
288.9
288.9
288.9
288.9
288.9
288.9
288.9
288.9
288.9
288.9
288.9
288.9
288.9
288.9
288.9
288.9
288.9
288.9
288.9
288.9
288.9
288.9
288.9
288.9
288.9
288.9
288.9
288.9
288.9
288.9
288.9
288.9
288.9
288.9
288.9
288.9
288.9
288.9
288.9
288.9
288.9
288.9
288.9
288.9
288.9
288.9
288.9
288.9
288.9
288.9
288.9
288.9
288.9
288.9
288.9
288.9
288.9
288.9
288.9
288.9
288.9
288.9
288.9
288.9
288.9
288.9
288.9
288.9
288.9
288.9
288.9
288.9
288.9
288.9
288.9
288.9
288.9
288.9
288.9
288.9
288.9
288.9
288.9
288.9
288.9
288.9
288.9
288.9
288.9
288.9
288.9
288.9
288.9
288.9
288.9
288.9
288.9
288.9
288.9
288.9
288.9
288.9
288.9
288.9
288.9
288.9
288.9
288.9
288.9
288.9
288.9
288.9
288.9
288.9
288.9
288.9
288.9
288.9
288.9
288.9
288.9
288.9
288.9
288.9
288.9
288.9
288.9
288.9
288.9
288.9
288.9
288.9
288.9
288.9
288.9
288.9
288.9
288.9
288.9
288.9
288.9
288.9
288.9
288.9
288.9
288.9
288.9
288.9
288.9
288.9
288.9
288.9
288.9
288.9
288.9
288.9
288.9
288.9
288.9
288.9
288.9
288.9
288.9
288.9
288.9
288.9
288.9
288.9
288.9
288.9
288.9
288.9
288.9
288.9
288.9
288.9
288.9
288.9
288.9
288.9
288.9
288.9
288.9
288.9
288.9
288.9
288.9
288.9
288.9
288.9
288.9
288.9
288.9
288.9
288.9
288.9
288.9
288.9
288.9
288.9
288.9
288.9
288.9
288.9
288.9
288.9
288.9
288.9
288.9
288.9
288.9
288.9
288.9
288.9
288.9
288.9
288.9
288.9
288.9
288.9
288.9
288.9
288.9
288.9
288.9
288.9
288.9
288.9
288.9
288.9
288.9
288.9
288.9
288.9
288.9
288.9
288.9
288.9
288.9
288.9
288.9
288.9
288.9
288.9
288.9
288.9
288.9
288.9
288.9
288.9
288.9
288.9
288.9
288.9
288.9
288.9
288.9
288.9
288.9
288.9
288.9
288.9
288.9
288.9
288.9
288.9
288.9
288.9
288.9
288.9
288.9
288.9
288.9
288.9
288.9
288.9
288.9
288.9
288.9
288.9
288.9
288.9
288.9
288.9
288.9
288.9
288.9
288.9
288.9
288.9
288.9
288.9
288.9
288.9
288.9
288.9
288.9
288.9
288.9
288.9
288.9
288.9
288.9
288.9
288.9
288.9
288.9
288.9
288.9
288.9
288.9
288.9
288.9
288.9
288.9
288.9
288.9
288.9
288.9
288.9
288.9
288.9
288.9
288.9
288.9
288.9
288.9
288.9
288.9
288.9
288.9
288.9
288.9
288.9
288.9
288.9
288.9
288.9
288.9
288.9
288.9
288.9
288.9
288.9
288.9
288.9
288.9
288.9
288.9
288.9
288.9
288.9
288.9
288.9
288.9
288.9
288.9
288.9
288.9
288.9
288.9
288.9
288.9
288.9
288.9
288.9
288.9
288.9
288.9
288.9
288.9
288.9
288.9
288.9
288.9
288.9
288.9
288.9
288.9
288.9
288.9
288.9
288.9
288.9
288.9
288.9
288.9
288.9
288.9
288.9
288.9
288.9
288.9
288.9
288.9
288.9
288.9
288.9
288.9
288.9
288.9
288.9
288.9
288.9
288.9
288.9
288.9
288.9
288.9
288.9
288.9
288.9
288.9
288.9
288.9
288.9
288.9
288.9
288.9
288.9
288.9
288.9
288.9
288.9
288.9
288.9
288.9
288.9
288.9
288.9
288.9
288.9
288.9
288.9
288.9
288.9
288.9
288.9
288.9
288.9
288.9
288.9
288.9
288.9
288.9
288.9
288.9
288.9
288.9
288.9
288.9
288.9
288.9
288.9
288.9
288.9
288.9
288.9
288.9
288.9
288.9
288.9
288.9
288.9
288.9
288.9
288.9
288.9
288.9
288.9
288.9
288.9
288.9
288.9
288.9
288.9
288.9
288.9
288.9
288.9
288.9
288.9
288.9
288.9
288.9
288.9
288.9
288.9
288.9
288.9
288.9
288.9
288.9
288.9
288.9
288.9
288.9
288.9
288.9
288.9
288.9
288.9
288.9
288.9
288.9
288.9
288.9
288.9
288.9
288.9
288.9
288.9
288.9
288.9
288.9
288.9
288.9
288.9
288.9
288.9
288.9
288.9
288.9
288.9
288.9
288.9
288.9
288.9
288.9
288.9
288.9
288.9
288.9
288.9
288.9
288.9
288.9
288.9
288.9
288.9
288.9
288.9
288.9
288.9
288.9
288.9
288.9
288.9
288.9
288.9
288.9
288.9
288.9
288.9
288.9
288.9
288.9
288.9
288.9
288.9
288.9
288.9
288.9
288.9
288.9
288.9
288.9
288.9
288.9
288.9
288.9
288.9
288.9
288.9
288.9
288.9
288.9
288.9
288.9
288.9
288.9
288.9
288.9
288.9
288.9
288.9
288.9
288.9
288.9
288.9
288.9
288.9
288.9
288.9
288.9
288.9
288.9
288.9
288.9
288.9
288.9
288.9
288.9
288.9
288.9
288.9
288.9
288.9
288.9
288.9
288.9
288.9
288.9
288.9
288.9
288.9
288.9
288.9
288.9
288.9
288.9
288.9
288.9
288.9
288.9
288.9
288.9
288.9
288.9
288.9
288.9
288.9
288.9
288.9
288.9
288.9
288.9
288.9
288.9
288.9
288.9
288.9
288.9
288.9
288.9
288.9
288.9
288.9
288.9
288.9
288.9
288.9
288.9
288.9
288.9
288.9
288.9
288.9
288.9
288.9
288.9
288.9
288.9
288.9
288.9
288.9
288.9
288.9
288.9
288.9
288.9
288.9
288.9
288.9
288.9
288.9
288.9
288.9
288.9
288.9
)
;

boundaryField
{
    inlet
    {
        type            fixedValue;
        value           uniform 288.9;
    }
    outlet
    {
        type            zeroGradient;
    }
    bottom
    {
        type            symmetryPlane;
    }
    top
    {
        type            symmetryPlane;
    }
    obstacle
    {
        type            zeroGradient;
    }
    defaultFaces
    {
        type            empty;
    }
}


// ************************************************************************* //
