/*--------------------------------*- C++ -*----------------------------------*\
| =========                 |                                                 |
| \\      /  F ield         | OpenFOAM: The Open Source CFD Toolbox           |
|  \\    /   O peration     | Version:  v1812                                 |
|   \\  /    A nd           | Web:      www.OpenFOAM.com                      |
|    \\/     M anipulation  |                                                 |
\*---------------------------------------------------------------------------*/
FoamFile
{
    version     2.0;
    format      ascii;
    class       labelList;
    note        "nPoints: 17328 nCells: 8475 nFaces: 34088 nInternalFaces: 16762";
    location    "constant/polyMesh";
    object      neighbour;
}
// * * * * * * * * * * * * * * * * * * * * * * * * * * * * * * * * * * * * * //


16762
(
1
38
2
39
3
40
4
41
5
42
6
43
7
44
8
45
9
46
10
47
11
48
12
49
13
50
14
51
15
52
16
53
17
54
18
55
19
56
20
57
21
58
22
59
23
60
24
61
25
62
26
63
27
64
28
65
29
66
30
67
31
68
32
69
33
70
34
71
35
72
36
73
37
74
75
2850
39
76
40
77
41
78
42
79
43
80
44
81
45
82
46
83
47
84
48
85
49
86
50
87
51
88
52
89
53
90
54
91
55
92
56
93
57
94
58
95
59
96
60
97
61
98
62
99
63
100
64
101
65
102
66
103
67
104
68
105
69
106
70
107
71
108
72
109
73
110
74
111
75
112
113
2925
77
114
78
115
79
116
80
117
81
118
82
119
83
120
84
121
85
122
86
123
87
124
88
125
89
126
90
127
91
128
92
129
93
130
94
131
95
132
96
133
97
134
98
135
99
136
100
137
101
138
102
139
103
140
104
141
105
142
106
143
107
144
108
145
109
146
110
147
111
148
112
149
113
150
151
3000
115
152
116
153
117
154
118
155
119
156
120
157
121
158
122
159
123
160
124
161
125
162
126
163
127
164
128
165
129
166
130
167
131
168
132
169
133
170
134
171
135
172
136
173
137
174
138
175
139
176
140
177
141
178
142
179
143
180
144
181
145
182
146
183
147
184
148
185
149
186
150
187
151
188
189
3075
153
190
154
191
155
192
156
193
157
194
158
195
159
196
160
197
161
198
162
199
163
200
164
201
165
202
166
203
167
204
168
205
169
206
170
207
171
208
172
209
173
210
174
211
175
212
176
213
177
214
178
215
179
216
180
217
181
218
182
219
183
220
184
221
185
222
186
223
187
224
188
225
189
226
227
3150
191
228
192
229
193
230
194
231
195
232
196
233
197
234
198
235
199
236
200
237
201
238
202
239
203
240
204
241
205
242
206
243
207
244
208
245
209
246
210
247
211
248
212
249
213
250
214
251
215
252
216
253
217
254
218
255
219
256
220
257
221
258
222
259
223
260
224
261
225
262
226
263
227
264
265
3225
229
266
230
267
231
268
232
269
233
270
234
271
235
272
236
273
237
274
238
275
239
276
240
277
241
278
242
279
243
280
244
281
245
282
246
283
247
284
248
285
249
286
250
287
251
288
252
289
253
290
254
291
255
292
256
293
257
294
258
295
259
296
260
297
261
298
262
299
263
300
264
301
265
302
303
3300
267
304
268
305
269
306
270
307
271
308
272
309
273
310
274
311
275
312
276
313
277
314
278
315
279
316
280
317
281
318
282
319
283
320
284
321
285
322
286
323
287
324
288
325
289
326
290
327
291
328
292
329
293
330
294
331
295
332
296
333
297
334
298
335
299
336
300
337
301
338
302
339
303
340
341
3375
305
342
306
343
307
344
308
345
309
346
310
347
311
348
312
349
313
350
314
351
315
352
316
353
317
354
318
355
319
356
320
357
321
358
322
359
323
360
324
361
325
362
326
363
327
364
328
365
329
366
330
367
331
368
332
369
333
370
334
371
335
372
336
373
337
374
338
375
339
376
340
377
341
378
379
3450
343
380
344
381
345
382
346
383
347
384
348
385
349
386
350
387
351
388
352
389
353
390
354
391
355
392
356
393
357
394
358
395
359
396
360
397
361
398
362
399
363
400
364
401
365
402
366
403
367
404
368
405
369
406
370
407
371
408
372
409
373
410
374
411
375
412
376
413
377
414
378
415
379
416
417
3525
381
418
382
419
383
420
384
421
385
422
386
423
387
424
388
425
389
426
390
427
391
428
392
429
393
430
394
431
395
432
396
433
397
434
398
435
399
436
400
437
401
438
402
439
403
440
404
441
405
442
406
443
407
444
408
445
409
446
410
447
411
448
412
449
413
450
414
451
415
452
416
453
417
454
455
3600
419
456
420
457
421
458
422
459
423
460
424
461
425
462
426
463
427
464
428
465
429
466
430
467
431
468
432
469
433
470
434
471
435
472
436
473
437
474
438
475
439
476
440
477
441
478
442
479
443
480
444
481
445
482
446
483
447
484
448
485
449
486
450
487
451
488
452
489
453
490
454
491
455
492
493
3675
457
494
458
495
459
496
460
497
461
498
462
499
463
500
464
501
465
502
466
503
467
504
468
505
469
506
470
507
471
508
472
509
473
510
474
511
475
512
476
513
477
514
478
515
479
516
480
517
481
518
482
519
483
520
484
521
485
522
486
523
487
524
488
525
489
526
490
527
491
528
492
529
493
530
531
3750
495
532
496
533
497
534
498
535
499
536
500
537
501
538
502
539
503
540
504
541
505
542
506
543
507
544
508
545
509
546
510
547
511
548
512
549
513
550
514
551
515
552
516
553
517
554
518
555
519
556
520
557
521
558
522
559
523
560
524
561
525
562
526
563
527
564
528
565
529
566
530
567
531
568
569
3825
533
570
534
571
535
572
536
573
537
574
538
575
539
576
540
577
541
578
542
579
543
580
544
581
545
582
546
583
547
584
548
585
549
586
550
587
551
588
552
589
553
590
554
591
555
592
556
593
557
594
558
595
559
596
560
597
561
598
562
599
563
600
564
601
565
602
566
603
567
604
568
605
569
606
607
3900
571
608
572
609
573
610
574
611
575
612
576
613
577
614
578
615
579
616
580
617
581
618
582
619
583
620
584
621
585
622
586
623
587
624
588
625
589
626
590
627
591
628
592
629
593
630
594
631
595
632
596
633
597
634
598
635
599
636
600
637
601
638
602
639
603
640
604
641
605
642
606
643
607
644
645
3975
609
646
610
647
611
648
612
649
613
650
614
651
615
652
616
653
617
654
618
655
619
656
620
657
621
658
622
659
623
660
624
661
625
662
626
663
627
664
628
665
629
666
630
667
631
668
632
669
633
670
634
671
635
672
636
673
637
674
638
675
639
676
640
677
641
678
642
679
643
680
644
681
645
682
683
4050
647
684
648
685
649
686
650
687
651
688
652
689
653
690
654
691
655
692
656
693
657
694
658
695
659
696
660
697
661
698
662
699
663
700
664
701
665
702
666
703
667
704
668
705
669
706
670
707
671
708
672
709
673
710
674
711
675
712
676
713
677
714
678
715
679
716
680
717
681
718
682
719
683
720
721
4125
685
722
686
723
687
724
688
725
689
726
690
727
691
728
692
729
693
730
694
731
695
732
696
733
697
734
698
735
699
736
700
737
701
738
702
739
703
740
704
741
705
742
706
743
707
744
708
745
709
746
710
747
711
748
712
749
713
750
714
751
715
752
716
753
717
754
718
755
719
756
720
757
721
758
759
4200
723
760
724
761
725
762
726
763
727
764
728
765
729
766
730
767
731
768
732
769
733
770
734
771
735
772
736
773
737
774
738
775
739
776
740
777
741
778
742
779
743
780
744
781
745
782
746
783
747
784
748
785
749
786
750
787
751
788
752
789
753
790
754
791
755
792
756
793
757
794
758
795
759
796
797
4275
761
798
762
799
763
800
764
801
765
802
766
803
767
804
768
805
769
806
770
807
771
808
772
809
773
810
774
811
775
812
776
813
777
814
778
815
779
816
780
817
781
818
782
819
783
820
784
821
785
822
786
823
787
824
788
825
789
826
790
827
791
828
792
829
793
830
794
831
795
832
796
833
797
834
835
4350
799
836
800
837
801
838
802
839
803
840
804
841
805
842
806
843
807
844
808
845
809
846
810
847
811
848
812
849
813
850
814
851
815
852
816
853
817
854
818
855
819
856
820
857
821
858
822
859
823
860
824
861
825
862
826
863
827
864
828
865
829
866
830
867
831
868
832
869
833
870
834
871
835
872
873
4425
837
874
838
875
839
876
840
877
841
878
842
879
843
880
844
881
845
882
846
883
847
884
848
885
849
886
850
887
851
888
852
889
853
890
854
891
855
892
856
893
857
894
858
895
859
896
860
897
861
898
862
899
863
900
864
901
865
902
866
903
867
904
868
905
869
906
870
907
871
908
872
909
873
910
911
4500
875
912
876
913
877
914
878
915
879
916
880
917
881
918
882
919
883
920
884
921
885
922
886
923
887
924
888
925
889
926
890
927
891
928
892
929
893
930
894
931
895
932
896
933
897
934
898
935
899
936
900
937
901
938
902
939
903
940
904
941
905
942
906
943
907
944
908
945
909
946
910
947
911
948
949
4575
913
950
914
951
915
952
916
953
917
954
918
955
919
956
920
957
921
958
922
959
923
960
924
961
925
962
926
963
927
964
928
965
929
966
930
967
931
968
932
969
933
970
934
971
935
972
936
973
937
974
938
975
939
976
940
977
941
978
942
979
943
980
944
981
945
982
946
983
947
984
948
985
949
986
987
4650
951
988
952
989
953
990
954
991
955
992
956
993
957
994
958
995
959
996
960
997
961
998
962
999
963
1000
964
1001
965
1002
966
1003
967
1004
968
1005
969
1006
970
1007
971
1008
972
1009
973
1010
974
1011
975
1012
976
1013
977
1014
978
1015
979
1016
980
1017
981
1018
982
1019
983
1020
984
1021
985
1022
986
1023
987
1024
1025
4725
989
1026
990
1027
991
1028
992
1029
993
1030
994
1031
995
1032
996
1033
997
1034
998
1035
999
1036
1000
1037
1001
1038
1002
1039
1003
1040
1004
1041
1005
1042
1006
1043
1007
1044
1008
1045
1009
1046
1010
1047
1011
1048
1012
1049
1013
1050
1014
1051
1015
1052
1016
1053
1017
1054
1018
1055
1019
1056
1020
1057
1021
1058
1022
1059
1023
1060
1024
1061
1025
1062
1063
4800
1027
1064
1028
1065
1029
1066
1030
1067
1031
1068
1032
1069
1033
1070
1034
1071
1035
1072
1036
1073
1037
1074
1038
1075
1039
1076
1040
1077
1041
1078
1042
1079
1043
1080
1044
1081
1045
1082
1046
1083
1047
1084
1048
1085
1049
1086
1050
1087
1051
1088
1052
1089
1053
1090
1054
1091
1055
1092
1056
1093
1057
1094
1058
1095
1059
1096
1060
1097
1061
1098
1062
1099
1063
1100
1101
4875
1065
1102
1066
1103
1067
1104
1068
1105
1069
1106
1070
1107
1071
1108
1072
1109
1073
1110
1074
1111
1075
1112
1076
1113
1077
1114
1078
1115
1079
1116
1080
1117
1081
1118
1082
1119
1083
1120
1084
1121
1085
1122
1086
1123
1087
1124
1088
1125
1089
1126
1090
1127
1091
1128
1092
1129
1093
1130
1094
1131
1095
1132
1096
1133
1097
1134
1098
1135
1099
1136
1100
1137
1101
1138
1139
4950
1103
1140
1104
1141
1105
1142
1106
1143
1107
1144
1108
1145
1109
1146
1110
1147
1111
1148
1112
1149
1113
1150
1114
1151
1115
1152
1116
1153
1117
1154
1118
1155
1119
1156
1120
1157
1121
1158
1122
1159
1123
1160
1124
1161
1125
1162
1126
1163
1127
1164
1128
1165
1129
1166
1130
1167
1131
1168
1132
1169
1133
1170
1134
1171
1135
1172
1136
1173
1137
1174
1138
1175
1139
1176
1177
5025
1141
1178
1142
1179
1143
1180
1144
1181
1145
1182
1146
1183
1147
1184
1148
1185
1149
1186
1150
1187
1151
1188
1152
1189
1153
1190
1154
1191
1155
1192
1156
1193
1157
1194
1158
1195
1159
1196
1160
1197
1161
1198
1162
1199
1163
1200
1164
1201
1165
1202
1166
1203
1167
1204
1168
1205
1169
1206
1170
1207
1171
1208
1172
1209
1173
1210
1174
1211
1175
1212
1176
1213
1177
1214
1215
5100
1179
1216
1180
1217
1181
1218
1182
1219
1183
1220
1184
1221
1185
1222
1186
1223
1187
1224
1188
1225
1189
1226
1190
1227
1191
1228
1192
1229
1193
1230
1194
1231
1195
1232
1196
1233
1197
1234
1198
1235
1199
1236
1200
1237
1201
1238
1202
1239
1203
1240
1204
1241
1205
1242
1206
1243
1207
1244
1208
1245
1209
1246
1210
1247
1211
1248
1212
1249
1213
1250
1214
1251
1215
1252
1253
5175
1217
1254
1218
1255
1219
1256
1220
1257
1221
1258
1222
1259
1223
1260
1224
1261
1225
1262
1226
1263
1227
1264
1228
1265
1229
1266
1230
1267
1231
1268
1232
1269
1233
1270
1234
1271
1235
1272
1236
1273
1237
1274
1238
1275
1239
1276
1240
1277
1241
1278
1242
1279
1243
1280
1244
1281
1245
1282
1246
1283
1247
1284
1248
1285
1249
1286
1250
1287
1251
1288
1252
1289
1253
1290
1291
5250
1255
1292
1256
1293
1257
1294
1258
1295
1259
1296
1260
1297
1261
1298
1262
1299
1263
1300
1264
1301
1265
1302
1266
1303
1267
1304
1268
1305
1269
1306
1270
1307
1271
1308
1272
1309
1273
1310
1274
1311
1275
1312
1276
1313
1277
1314
1278
1315
1279
1316
1280
1317
1281
1318
1282
1319
1283
1320
1284
1321
1285
1322
1286
1323
1287
1324
1288
1325
1289
1326
1290
1327
1291
1328
1329
5325
1293
1330
1294
1331
1295
1332
1296
1333
1297
1334
1298
1335
1299
1336
1300
1337
1301
1338
1302
1339
1303
1340
1304
1341
1305
1342
1306
1343
1307
1344
1308
1345
1309
1346
1310
1347
1311
1348
1312
1349
1313
1350
1314
1351
1315
1352
1316
1353
1317
1354
1318
1355
1319
1356
1320
1357
1321
1358
1322
1359
1323
1360
1324
1361
1325
1362
1326
1363
1327
1364
1328
1365
1329
1366
1367
5400
1331
1368
1332
1369
1333
1370
1334
1371
1335
1372
1336
1373
1337
1374
1338
1375
1339
1376
1340
1377
1341
1378
1342
1379
1343
1380
1344
1381
1345
1382
1346
1383
1347
1384
1348
1385
1349
1386
1350
1387
1351
1388
1352
1389
1353
1390
1354
1391
1355
1392
1356
1393
1357
1394
1358
1395
1359
1396
1360
1397
1361
1398
1362
1399
1363
1400
1364
1401
1365
1402
1366
1403
1367
1404
1405
5475
1369
1406
1370
1407
1371
1408
1372
1409
1373
1410
1374
1411
1375
1412
1376
1413
1377
1414
1378
1415
1379
1416
1380
1417
1381
1418
1382
1419
1383
1420
1384
1421
1385
1422
1386
1423
1387
1424
1388
1425
1389
1426
1390
1427
1391
1428
1392
1429
1393
1430
1394
1431
1395
1432
1396
1433
1397
1434
1398
1435
1399
1436
1400
1437
1401
1438
1402
1439
1403
1440
1404
1441
1405
1442
1443
5550
1407
1444
1408
1445
1409
1446
1410
1447
1411
1448
1412
1449
1413
1450
1414
1451
1415
1452
1416
1453
1417
1454
1418
1455
1419
1456
1420
1457
1421
1458
1422
1459
1423
1460
1424
1461
1425
1462
1426
1463
1427
1464
1428
1465
1429
1466
1430
1467
1431
1468
1432
1469
1433
1470
1434
1471
1435
1472
1436
1473
1437
1474
1438
1475
1439
1476
1440
1477
1441
1478
1442
1479
1443
1480
1481
5625
1445
1482
1446
1483
1447
1484
1448
1485
1449
1486
1450
1487
1451
1488
1452
1489
1453
1490
1454
1491
1455
1492
1456
1493
1457
1494
1458
1495
1459
1496
1460
1497
1461
1498
1462
1499
1463
1500
1464
1501
1465
1502
1466
1503
1467
1504
1468
1505
1469
1506
1470
1507
1471
1508
1472
1509
1473
1510
1474
1511
1475
1512
1476
1513
1477
1514
1478
1515
1479
1516
1480
1517
1481
1518
1519
5700
1483
1520
1484
1521
1485
1522
1486
1523
1487
1524
1488
1525
1489
1526
1490
1527
1491
1528
1492
1529
1493
1530
1494
1531
1495
1532
1496
1533
1497
1534
1498
1535
1499
1536
1500
1537
1501
1538
1502
1539
1503
1540
1504
1541
1505
1542
1506
1543
1507
1544
1508
1545
1509
1546
1510
1547
1511
1548
1512
1549
1513
1550
1514
1551
1515
1552
1516
1553
1517
1554
1518
1555
1519
1556
1557
5775
1521
1558
1522
1559
1523
1560
1524
1561
1525
1562
1526
1563
1527
1564
1528
1565
1529
1566
1530
1567
1531
1568
1532
1569
1533
1570
1534
1571
1535
1572
1536
1573
1537
1574
1538
1575
1539
1576
1540
1577
1541
1578
1542
1579
1543
1580
1544
1581
1545
1582
1546
1583
1547
1584
1548
1585
1549
1586
1550
1587
1551
1588
1552
1589
1553
1590
1554
1591
1555
1592
1556
1593
1557
1594
1595
5850
1559
1596
1560
1597
1561
1598
1562
1599
1563
1600
1564
1601
1565
1602
1566
1603
1567
1604
1568
1605
1569
1606
1570
1607
1571
1608
1572
1609
1573
1610
1574
1611
1575
1612
1576
1613
1577
1614
1578
1615
1579
1616
1580
1617
1581
1618
1582
1619
1583
1620
1584
1621
1585
1622
1586
1623
1587
1624
1588
1625
1589
1626
1590
1627
1591
1628
1592
1629
1593
1630
1594
1631
1595
1632
1633
5925
1597
1634
1598
1635
1599
1636
1600
1637
1601
1638
1602
1639
1603
1640
1604
1641
1605
1642
1606
1643
1607
1644
1608
1645
1609
1646
1610
1647
1611
1648
1612
1649
1613
1650
1614
1651
1615
1652
1616
1653
1617
1654
1618
1655
1619
1656
1620
1657
1621
1658
1622
1659
1623
1660
1624
1661
1625
1662
1626
1663
1627
1664
1628
1665
1629
1666
1630
1667
1631
1668
1632
1669
1633
1670
1671
6000
1635
1672
1636
1673
1637
1674
1638
1675
1639
1676
1640
1677
1641
1678
1642
1679
1643
1680
1644
1681
1645
1682
1646
1683
1647
1684
1648
1685
1649
1686
1650
1687
1651
1688
1652
1689
1653
1690
1654
1691
1655
1692
1656
1693
1657
1694
1658
1695
1659
1696
1660
1697
1661
1698
1662
1699
1663
1700
1664
1701
1665
1702
1666
1703
1667
1704
1668
1705
1669
1706
1670
1707
1671
1708
1709
6075
1673
1710
1674
1711
1675
1712
1676
1713
1677
1714
1678
1715
1679
1716
1680
1717
1681
1718
1682
1719
1683
1720
1684
1721
1685
1722
1686
1723
1687
1724
1688
1725
1689
1726
1690
1727
1691
1728
1692
1729
1693
1730
1694
1731
1695
1732
1696
1733
1697
1734
1698
1735
1699
1736
1700
1737
1701
1738
1702
1739
1703
1740
1704
1741
1705
1742
1706
1743
1707
1744
1708
1745
1709
1746
1747
6150
1711
1748
1712
1749
1713
1750
1714
1751
1715
1752
1716
1753
1717
1754
1718
1755
1719
1756
1720
1757
1721
1758
1722
1759
1723
1760
1724
1761
1725
1762
1726
1763
1727
1764
1728
1765
1729
1766
1730
1767
1731
1768
1732
1769
1733
1770
1734
1771
1735
1772
1736
1773
1737
1774
1738
1775
1739
1776
1740
1777
1741
1778
1742
1779
1743
1780
1744
1781
1745
1782
1746
1783
1747
1784
1785
6225
1749
1786
1750
1787
1751
1788
1752
1789
1753
1790
1754
1791
1755
1792
1756
1793
1757
1794
1758
1795
1759
1796
1760
1797
1761
1798
1762
1799
1763
1800
1764
1801
1765
1802
1766
1803
1767
1804
1768
1805
1769
1806
1770
1807
1771
1808
1772
1809
1773
1810
1774
1811
1775
1812
1776
1813
1777
1814
1778
1815
1779
1816
1780
1817
1781
1818
1782
1819
1783
1820
1784
1821
1785
1822
1823
6300
1787
1824
1788
1825
1789
1826
1790
1827
1791
1828
1792
1829
1793
1830
1794
1831
1795
1832
1796
1833
1797
1834
1798
1835
1799
1836
1800
1837
1801
1838
1802
1839
1803
1840
1804
1841
1805
1842
1806
1843
1807
1844
1808
1845
1809
1846
1810
1847
1811
1848
1812
1849
1813
1850
1814
1851
1815
1852
1816
1853
1817
1854
1818
1855
1819
1856
1820
1857
1821
1858
1822
1859
1823
1860
1861
6375
1825
1862
1826
1863
1827
1864
1828
1865
1829
1866
1830
1867
1831
1868
1832
1869
1833
1870
1834
1871
1835
1872
1836
1873
1837
1874
1838
1875
1839
1876
1840
1877
1841
1878
1842
1879
1843
1880
1844
1881
1845
1882
1846
1883
1847
1884
1848
1885
1849
1886
1850
1887
1851
1888
1852
1889
1853
1890
1854
1891
1855
1892
1856
1893
1857
1894
1858
1895
1859
1896
1860
1897
1861
1898
1899
6450
1863
1900
1864
1901
1865
1902
1866
1903
1867
1904
1868
1905
1869
1906
1870
1907
1871
1908
1872
1909
1873
1910
1874
1911
1875
1912
1876
1913
1877
1914
1878
1915
1879
1916
1880
1917
1881
1918
1882
1919
1883
1920
1884
1921
1885
1922
1886
1923
1887
1924
1888
1925
1889
1926
1890
1927
1891
1928
1892
1929
1893
1930
1894
1931
1895
1932
1896
1933
1897
1934
1898
1935
1899
1936
1937
6525
1901
1938
1902
1939
1903
1940
1904
1941
1905
1942
1906
1943
1907
1944
1908
1945
1909
1946
1910
1947
1911
1948
1912
1949
1913
1950
1914
1951
1915
1952
1916
1953
1917
1954
1918
1955
1919
1956
1920
1957
1921
1958
1922
1959
1923
1960
1924
1961
1925
1962
1926
1963
1927
1964
1928
1965
1929
1966
1930
1967
1931
1968
1932
1969
1933
1970
1934
1971
1935
1972
1936
1973
1937
1974
1975
6600
1939
1976
1940
1977
1941
1978
1942
1979
1943
1980
1944
1981
1945
1982
1946
1983
1947
1984
1948
1985
1949
1986
1950
1987
1951
1988
1952
1989
1953
1990
1954
1991
1955
1992
1956
1993
1957
1994
1958
1995
1959
1996
1960
1997
1961
1998
1962
1999
1963
2000
1964
2001
1965
2002
1966
2003
1967
2004
1968
2005
1969
2006
1970
2007
1971
2008
1972
2009
1973
2010
1974
2011
1975
2012
2013
6675
1977
2014
1978
2015
1979
2016
1980
2017
1981
2018
1982
2019
1983
2020
1984
2021
1985
2022
1986
2023
1987
2024
1988
2025
1989
2026
1990
2027
1991
2028
1992
2029
1993
2030
1994
2031
1995
2032
1996
2033
1997
2034
1998
2035
1999
2036
2000
2037
2001
2038
2002
2039
2003
2040
2004
2041
2005
2042
2006
2043
2007
2044
2008
2045
2009
2046
2010
2047
2011
2048
2012
2049
2013
2050
2051
6750
2015
2052
2016
2053
2017
2054
2018
2055
2019
2056
2020
2057
2021
2058
2022
2059
2023
2060
2024
2061
2025
2062
2026
2063
2027
2064
2028
2065
2029
2066
2030
2067
2031
2068
2032
2069
2033
2070
2034
2071
2035
2072
2036
2073
2037
2074
2038
2075
2039
2076
2040
2077
2041
2078
2042
2079
2043
2080
2044
2081
2045
2082
2046
2083
2047
2084
2048
2085
2049
2086
2050
2087
2051
2088
2089
6825
2053
2090
2054
2091
2055
2092
2056
2093
2057
2094
2058
2095
2059
2096
2060
2097
2061
2098
2062
2099
2063
2100
2064
2101
2065
2102
2066
2103
2067
2104
2068
2105
2069
2106
2070
2107
2071
2108
2072
2109
2073
2110
2074
2111
2075
2112
2076
2113
2077
2114
2078
2115
2079
2116
2080
2117
2081
2118
2082
2119
2083
2120
2084
2121
2085
2122
2086
2123
2087
2124
2088
2125
2089
2126
2127
6900
2091
2128
2092
2129
2093
2130
2094
2131
2095
2132
2096
2133
2097
2134
2098
2135
2099
2136
2100
2137
2101
2138
2102
2139
2103
2140
2104
2141
2105
2142
2106
2143
2107
2144
2108
2145
2109
2146
2110
2147
2111
2148
2112
2149
2113
2150
2114
2151
2115
2152
2116
2153
2117
2154
2118
2155
2119
2156
2120
2157
2121
2158
2122
2159
2123
2160
2124
2161
2125
2162
2126
2163
2127
2164
2165
6975
2129
2166
2130
2167
2131
2168
2132
2169
2133
2170
2134
2171
2135
2172
2136
2173
2137
2174
2138
2175
2139
2176
2140
2177
2141
2178
2142
2179
2143
2180
2144
2181
2145
2182
2146
2183
2147
2184
2148
2185
2149
2186
2150
2187
2151
2188
2152
2189
2153
2190
2154
2191
2155
2192
2156
2193
2157
2194
2158
2195
2159
2196
2160
2197
2161
2198
2162
2199
2163
2200
2164
2201
2165
2202
2203
7050
2167
2204
2168
2205
2169
2206
2170
2207
2171
2208
2172
2209
2173
2210
2174
2211
2175
2212
2176
2213
2177
2214
2178
2215
2179
2216
2180
2217
2181
2218
2182
2219
2183
2220
2184
2221
2185
2222
2186
2223
2187
2224
2188
2225
2189
2226
2190
2227
2191
2228
2192
2229
2193
2230
2194
2231
2195
2232
2196
2233
2197
2234
2198
2235
2199
2236
2200
2237
2201
2238
2202
2239
2203
2240
2241
7125
2205
2242
2206
2243
2207
2244
2208
2245
2209
2246
2210
2247
2211
2248
2212
2249
2213
2250
2214
2251
2215
2252
2216
2253
2217
2254
2218
2255
2219
2256
2220
2257
2221
2258
2222
2259
2223
2260
2224
2261
2225
2262
2226
2263
2227
2264
2228
2265
2229
2266
2230
2267
2231
2268
2232
2269
2233
2270
2234
2271
2235
2272
2236
2273
2237
2274
2238
2275
2239
2276
2240
2277
2241
2278
2279
7200
2243
2280
2244
2281
2245
2282
2246
2283
2247
2284
2248
2285
2249
2286
2250
2287
2251
2288
2252
2289
2253
2290
2254
2291
2255
2292
2256
2293
2257
2294
2258
2295
2259
2296
2260
2297
2261
2298
2262
2299
2263
2300
2264
2301
2265
2302
2266
2303
2267
2304
2268
2305
2269
2306
2270
2307
2271
2308
2272
2309
2273
2310
2274
2311
2275
2312
2276
2313
2277
2314
2278
2315
2279
2316
2317
7275
2281
2318
2282
2319
2283
2320
2284
2321
2285
2322
2286
2323
2287
2324
2288
2325
2289
2326
2290
2327
2291
2328
2292
2329
2293
2330
2294
2331
2295
2332
2296
2333
2297
2334
2298
2335
2299
2336
2300
2337
2301
2338
2302
2339
2303
2340
2304
2341
2305
2342
2306
2343
2307
2344
2308
2345
2309
2346
2310
2347
2311
2348
2312
2349
2313
2350
2314
2351
2315
2352
2316
2353
2317
2354
2355
7350
2319
2356
2320
2357
2321
2358
2322
2359
2323
2360
2324
2361
2325
2362
2326
2363
2327
2364
2328
2365
2329
2366
2330
2367
2331
2368
2332
2369
2333
2370
2334
2371
2335
2372
2336
2373
2337
2374
2338
2375
2339
2376
2340
2377
2341
2378
2342
2379
2343
2380
2344
2381
2345
2382
2346
2383
2347
2384
2348
2385
2349
2386
2350
2387
2351
2388
2352
2389
2353
2390
2354
2391
2355
2392
2393
7425
2357
2394
2358
2395
2359
2396
2360
2397
2361
2398
2362
2399
2363
2400
2364
2401
2365
2402
2366
2403
2367
2404
2368
2405
2369
2406
2370
2407
2371
2408
2372
2409
2373
2410
2374
2411
2375
2412
2376
2413
2377
2414
2378
2415
2379
2416
2380
2417
2381
2418
2382
2419
2383
2420
2384
2421
2385
2422
2386
2423
2387
2424
2388
2425
2389
2426
2390
2427
2391
2428
2392
2429
2393
2430
2431
7500
2395
2432
2396
2433
2397
2434
2398
2435
2399
2436
2400
2437
2401
2438
2402
2439
2403
2440
2404
2441
2405
2442
2406
2443
2407
2444
2408
2445
2409
2446
2410
2447
2411
2448
2412
2449
2413
2450
2414
2451
2415
2452
2416
2453
2417
2454
2418
2455
2419
2456
2420
2457
2421
2458
2422
2459
2423
2460
2424
2461
2425
2462
2426
2463
2427
2464
2428
2465
2429
2466
2430
2467
2431
2468
2469
7575
2433
2470
2434
2471
2435
2472
2436
2473
2437
2474
2438
2475
2439
2476
2440
2477
2441
2478
2442
2479
2443
2480
2444
2481
2445
2482
2446
2483
2447
2484
2448
2485
2449
2486
2450
2487
2451
2488
2452
2489
2453
2490
2454
2491
2455
2492
2456
2493
2457
2494
2458
2495
2459
2496
2460
2497
2461
2498
2462
2499
2463
2500
2464
2501
2465
2502
2466
2503
2467
2504
2468
2505
2469
2506
2507
7650
2471
2508
2472
2509
2473
2510
2474
2511
2475
2512
2476
2513
2477
2514
2478
2515
2479
2516
2480
2517
2481
2518
2482
2519
2483
2520
2484
2521
2485
2522
2486
2523
2487
2524
2488
2525
2489
2526
2490
2527
2491
2528
2492
2529
2493
2530
2494
2531
2495
2532
2496
2533
2497
2534
2498
2535
2499
2536
2500
2537
2501
2538
2502
2539
2503
2540
2504
2541
2505
2542
2506
2543
2507
2544
2545
7725
2509
2546
2510
2547
2511
2548
2512
2549
2513
2550
2514
2551
2515
2552
2516
2553
2517
2554
2518
2555
2519
2556
2520
2557
2521
2558
2522
2559
2523
2560
2524
2561
2525
2562
2526
2563
2527
2564
2528
2565
2529
2566
2530
2567
2531
2568
2532
2569
2533
2570
2534
2571
2535
2572
2536
2573
2537
2574
2538
2575
2539
2576
2540
2577
2541
2578
2542
2579
2543
2580
2544
2581
2545
2582
2583
7800
2547
2584
2548
2585
2549
2586
2550
2587
2551
2588
2552
2589
2553
2590
2554
2591
2555
2592
2556
2593
2557
2594
2558
2595
2559
2596
2560
2597
2561
2598
2562
2599
2563
2600
2564
2601
2565
2602
2566
2603
2567
2604
2568
2605
2569
2606
2570
2607
2571
2608
2572
2609
2573
2610
2574
2611
2575
2612
2576
2613
2577
2614
2578
2615
2579
2616
2580
2617
2581
2618
2582
2619
2583
2620
2621
7875
2585
2622
2586
2623
2587
2624
2588
2625
2589
2626
2590
2627
2591
2628
2592
2629
2593
2630
2594
2631
2595
2632
2596
2633
2597
2634
2598
2635
2599
2636
2600
2637
2601
2638
2602
2639
2603
2640
2604
2641
2605
2642
2606
2643
2607
2644
2608
2645
2609
2646
2610
2647
2611
2648
2612
2649
2613
2650
2614
2651
2615
2652
2616
2653
2617
2654
2618
2655
2619
2656
2620
2657
2621
2658
2659
7950
2623
2660
2624
2661
2625
2662
2626
2663
2627
2664
2628
2665
2629
2666
2630
2667
2631
2668
2632
2669
2633
2670
2634
2671
2635
2672
2636
2673
2637
2674
2638
2675
2639
2676
2640
2677
2641
2678
2642
2679
2643
2680
2644
2681
2645
2682
2646
2683
2647
2684
2648
2685
2649
2686
2650
2687
2651
2688
2652
2689
2653
2690
2654
2691
2655
2692
2656
2693
2657
2694
2658
2695
2659
2696
2697
8025
2661
2698
2662
2699
2663
2700
2664
2701
2665
2702
2666
2703
2667
2704
2668
2705
2669
2706
2670
2707
2671
2708
2672
2709
2673
2710
2674
2711
2675
2712
2676
2713
2677
2714
2678
2715
2679
2716
2680
2717
2681
2718
2682
2719
2683
2720
2684
2721
2685
2722
2686
2723
2687
2724
2688
2725
2689
2726
2690
2727
2691
2728
2692
2729
2693
2730
2694
2731
2695
2732
2696
2733
2697
2734
2735
8100
2699
2736
2700
2737
2701
2738
2702
2739
2703
2740
2704
2741
2705
2742
2706
2743
2707
2744
2708
2745
2709
2746
2710
2747
2711
2748
2712
2749
2713
2750
2714
2751
2715
2752
2716
2753
2717
2754
2718
2755
2719
2756
2720
2757
2721
2758
2722
2759
2723
2760
2724
2761
2725
2762
2726
2763
2727
2764
2728
2765
2729
2766
2730
2767
2731
2768
2732
2769
2733
2770
2734
2771
2735
2772
2773
8175
2737
2774
2738
2775
2739
2776
2740
2777
2741
2778
2742
2779
2743
2780
2744
2781
2745
2782
2746
2783
2747
2784
2748
2785
2749
2786
2750
2787
2751
2788
2752
2789
2753
2790
2754
2791
2755
2792
2756
2793
2757
2794
2758
2795
2759
2796
2760
2797
2761
2798
2762
2799
2763
2800
2764
2801
2765
2802
2766
2803
2767
2804
2768
2805
2769
2806
2770
2807
2771
2808
2772
2809
2773
2810
2811
8250
2775
2812
2776
2813
2777
2814
2778
2815
2779
2816
2780
2817
2781
2818
2782
2819
2783
2820
2784
2821
2785
2822
2786
2823
2787
2824
2788
2825
2789
2826
2790
2827
2791
2828
2792
2829
2793
2830
2794
2831
2795
2832
2796
2833
2797
2834
2798
2835
2799
2836
2800
2837
2801
2838
2802
2839
2803
2840
2804
2841
2805
2842
2806
2843
2807
2844
2808
2845
2809
2846
2810
2847
2811
2848
2849
8325
2813
2814
2815
2816
2817
2818
2819
2820
2821
2822
2823
2824
2825
2826
2827
2828
2829
2830
2831
2832
2833
2834
2835
2836
2837
2838
2839
2840
2841
2842
2843
2844
2845
2846
2847
2848
2849
8400
2851
2925
2852
2926
2853
2927
2854
2928
2855
2929
2856
2930
2857
2931
2858
2932
2859
2933
2860
2934
2861
2935
2862
2936
2863
2937
2864
2938
2865
2939
2866
2940
2867
2941
2868
2942
2869
2943
2870
2944
2871
2945
2872
2946
2873
2947
2874
2948
2875
2949
2876
2950
2877
2951
2878
2952
2879
2953
2880
2954
2881
2955
2882
2956
2883
2957
2884
2958
2885
2959
2886
2960
2887
2961
2888
2962
2889
2963
2890
2964
2891
2965
2892
2966
2893
2967
2894
2968
2895
2969
2896
2970
2897
2971
2898
2972
2899
2973
2900
2974
2901
2975
2902
2976
2903
2977
2904
2978
2905
2979
2906
2980
2907
2981
2908
2982
2909
2983
2910
2984
2911
2985
2912
2986
2913
2987
2914
2988
2915
2989
2916
2990
2917
2991
2918
2992
2919
2993
2920
2994
2921
2995
2922
2996
2923
2997
2924
2998
2999
2926
3000
2927
3001
2928
3002
2929
3003
2930
3004
2931
3005
2932
3006
2933
3007
2934
3008
2935
3009
2936
3010
2937
3011
2938
3012
2939
3013
2940
3014
2941
3015
2942
3016
2943
3017
2944
3018
2945
3019
2946
3020
2947
3021
2948
3022
2949
3023
2950
3024
2951
3025
2952
3026
2953
3027
2954
3028
2955
3029
2956
3030
2957
3031
2958
3032
2959
3033
2960
3034
2961
3035
2962
3036
2963
3037
2964
3038
2965
3039
2966
3040
2967
3041
2968
3042
2969
3043
2970
3044
2971
3045
2972
3046
2973
3047
2974
3048
2975
3049
2976
3050
2977
3051
2978
3052
2979
3053
2980
3054
2981
3055
2982
3056
2983
3057
2984
3058
2985
3059
2986
3060
2987
3061
2988
3062
2989
3063
2990
3064
2991
3065
2992
3066
2993
3067
2994
3068
2995
3069
2996
3070
2997
3071
2998
3072
2999
3073
3074
3001
3075
3002
3076
3003
3077
3004
3078
3005
3079
3006
3080
3007
3081
3008
3082
3009
3083
3010
3084
3011
3085
3012
3086
3013
3087
3014
3088
3015
3089
3016
3090
3017
3091
3018
3092
3019
3093
3020
3094
3021
3095
3022
3096
3023
3097
3024
3098
3025
3099
3026
3100
3027
3101
3028
3102
3029
3103
3030
3104
3031
3105
3032
3106
3033
3107
3034
3108
3035
3109
3036
3110
3037
3111
3038
3112
3039
3113
3040
3114
3041
3115
3042
3116
3043
3117
3044
3118
3045
3119
3046
3120
3047
3121
3048
3122
3049
3123
3050
3124
3051
3125
3052
3126
3053
3127
3054
3128
3055
3129
3056
3130
3057
3131
3058
3132
3059
3133
3060
3134
3061
3135
3062
3136
3063
3137
3064
3138
3065
3139
3066
3140
3067
3141
3068
3142
3069
3143
3070
3144
3071
3145
3072
3146
3073
3147
3074
3148
3149
3076
3150
3077
3151
3078
3152
3079
3153
3080
3154
3081
3155
3082
3156
3083
3157
3084
3158
3085
3159
3086
3160
3087
3161
3088
3162
3089
3163
3090
3164
3091
3165
3092
3166
3093
3167
3094
3168
3095
3169
3096
3170
3097
3171
3098
3172
3099
3173
3100
3174
3101
3175
3102
3176
3103
3177
3104
3178
3105
3179
3106
3180
3107
3181
3108
3182
3109
3183
3110
3184
3111
3185
3112
3186
3113
3187
3114
3188
3115
3189
3116
3190
3117
3191
3118
3192
3119
3193
3120
3194
3121
3195
3122
3196
3123
3197
3124
3198
3125
3199
3126
3200
3127
3201
3128
3202
3129
3203
3130
3204
3131
3205
3132
3206
3133
3207
3134
3208
3135
3209
3136
3210
3137
3211
3138
3212
3139
3213
3140
3214
3141
3215
3142
3216
3143
3217
3144
3218
3145
3219
3146
3220
3147
3221
3148
3222
3149
3223
3224
3151
3225
3152
3226
3153
3227
3154
3228
3155
3229
3156
3230
3157
3231
3158
3232
3159
3233
3160
3234
3161
3235
3162
3236
3163
3237
3164
3238
3165
3239
3166
3240
3167
3241
3168
3242
3169
3243
3170
3244
3171
3245
3172
3246
3173
3247
3174
3248
3175
3249
3176
3250
3177
3251
3178
3252
3179
3253
3180
3254
3181
3255
3182
3256
3183
3257
3184
3258
3185
3259
3186
3260
3187
3261
3188
3262
3189
3263
3190
3264
3191
3265
3192
3266
3193
3267
3194
3268
3195
3269
3196
3270
3197
3271
3198
3272
3199
3273
3200
3274
3201
3275
3202
3276
3203
3277
3204
3278
3205
3279
3206
3280
3207
3281
3208
3282
3209
3283
3210
3284
3211
3285
3212
3286
3213
3287
3214
3288
3215
3289
3216
3290
3217
3291
3218
3292
3219
3293
3220
3294
3221
3295
3222
3296
3223
3297
3224
3298
3299
3226
3300
3227
3301
3228
3302
3229
3303
3230
3304
3231
3305
3232
3306
3233
3307
3234
3308
3235
3309
3236
3310
3237
3311
3238
3312
3239
3313
3240
3314
3241
3315
3242
3316
3243
3317
3244
3318
3245
3319
3246
3320
3247
3321
3248
3322
3249
3323
3250
3324
3251
3325
3252
3326
3253
3327
3254
3328
3255
3329
3256
3330
3257
3331
3258
3332
3259
3333
3260
3334
3261
3335
3262
3336
3263
3337
3264
3338
3265
3339
3266
3340
3267
3341
3268
3342
3269
3343
3270
3344
3271
3345
3272
3346
3273
3347
3274
3348
3275
3349
3276
3350
3277
3351
3278
3352
3279
3353
3280
3354
3281
3355
3282
3356
3283
3357
3284
3358
3285
3359
3286
3360
3287
3361
3288
3362
3289
3363
3290
3364
3291
3365
3292
3366
3293
3367
3294
3368
3295
3369
3296
3370
3297
3371
3298
3372
3299
3373
3374
3301
3375
3302
3376
3303
3377
3304
3378
3305
3379
3306
3380
3307
3381
3308
3382
3309
3383
3310
3384
3311
3385
3312
3386
3313
3387
3314
3388
3315
3389
3316
3390
3317
3391
3318
3392
3319
3393
3320
3394
3321
3395
3322
3396
3323
3397
3324
3398
3325
3399
3326
3400
3327
3401
3328
3402
3329
3403
3330
3404
3331
3405
3332
3406
3333
3407
3334
3408
3335
3409
3336
3410
3337
3411
3338
3412
3339
3413
3340
3414
3341
3415
3342
3416
3343
3417
3344
3418
3345
3419
3346
3420
3347
3421
3348
3422
3349
3423
3350
3424
3351
3425
3352
3426
3353
3427
3354
3428
3355
3429
3356
3430
3357
3431
3358
3432
3359
3433
3360
3434
3361
3435
3362
3436
3363
3437
3364
3438
3365
3439
3366
3440
3367
3441
3368
3442
3369
3443
3370
3444
3371
3445
3372
3446
3373
3447
3374
3448
3449
3376
3450
3377
3451
3378
3452
3379
3453
3380
3454
3381
3455
3382
3456
3383
3457
3384
3458
3385
3459
3386
3460
3387
3461
3388
3462
3389
3463
3390
3464
3391
3465
3392
3466
3393
3467
3394
3468
3395
3469
3396
3470
3397
3471
3398
3472
3399
3473
3400
3474
3401
3475
3402
3476
3403
3477
3404
3478
3405
3479
3406
3480
3407
3481
3408
3482
3409
3483
3410
3484
3411
3485
3412
3486
3413
3487
3414
3488
3415
3489
3416
3490
3417
3491
3418
3492
3419
3493
3420
3494
3421
3495
3422
3496
3423
3497
3424
3498
3425
3499
3426
3500
3427
3501
3428
3502
3429
3503
3430
3504
3431
3505
3432
3506
3433
3507
3434
3508
3435
3509
3436
3510
3437
3511
3438
3512
3439
3513
3440
3514
3441
3515
3442
3516
3443
3517
3444
3518
3445
3519
3446
3520
3447
3521
3448
3522
3449
3523
3524
3451
3525
3452
3526
3453
3527
3454
3528
3455
3529
3456
3530
3457
3531
3458
3532
3459
3533
3460
3534
3461
3535
3462
3536
3463
3537
3464
3538
3465
3539
3466
3540
3467
3541
3468
3542
3469
3543
3470
3544
3471
3545
3472
3546
3473
3547
3474
3548
3475
3549
3476
3550
3477
3551
3478
3552
3479
3553
3480
3554
3481
3555
3482
3556
3483
3557
3484
3558
3485
3559
3486
3560
3487
3561
3488
3562
3489
3563
3490
3564
3491
3565
3492
3566
3493
3567
3494
3568
3495
3569
3496
3570
3497
3571
3498
3572
3499
3573
3500
3574
3501
3575
3502
3576
3503
3577
3504
3578
3505
3579
3506
3580
3507
3581
3508
3582
3509
3583
3510
3584
3511
3585
3512
3586
3513
3587
3514
3588
3515
3589
3516
3590
3517
3591
3518
3592
3519
3593
3520
3594
3521
3595
3522
3596
3523
3597
3524
3598
3599
3526
3600
3527
3601
3528
3602
3529
3603
3530
3604
3531
3605
3532
3606
3533
3607
3534
3608
3535
3609
3536
3610
3537
3611
3538
3612
3539
3613
3540
3614
3541
3615
3542
3616
3543
3617
3544
3618
3545
3619
3546
3620
3547
3621
3548
3622
3549
3623
3550
3624
3551
3625
3552
3626
3553
3627
3554
3628
3555
3629
3556
3630
3557
3631
3558
3632
3559
3633
3560
3634
3561
3635
3562
3636
3563
3637
3564
3638
3565
3639
3566
3640
3567
3641
3568
3642
3569
3643
3570
3644
3571
3645
3572
3646
3573
3647
3574
3648
3575
3649
3576
3650
3577
3651
3578
3652
3579
3653
3580
3654
3581
3655
3582
3656
3583
3657
3584
3658
3585
3659
3586
3660
3587
3661
3588
3662
3589
3663
3590
3664
3591
3665
3592
3666
3593
3667
3594
3668
3595
3669
3596
3670
3597
3671
3598
3672
3599
3673
3674
3601
3675
3602
3676
3603
3677
3604
3678
3605
3679
3606
3680
3607
3681
3608
3682
3609
3683
3610
3684
3611
3685
3612
3686
3613
3687
3614
3688
3615
3689
3616
3690
3617
3691
3618
3692
3619
3693
3620
3694
3621
3695
3622
3696
3623
3697
3624
3698
3625
3699
3626
3700
3627
3701
3628
3702
3629
3703
3630
3704
3631
3705
3632
3706
3633
3707
3634
3708
3635
3709
3636
3710
3637
3711
3638
3712
3639
3713
3640
3714
3641
3715
3642
3716
3643
3717
3644
3718
3645
3719
3646
3720
3647
3721
3648
3722
3649
3723
3650
3724
3651
3725
3652
3726
3653
3727
3654
3728
3655
3729
3656
3730
3657
3731
3658
3732
3659
3733
3660
3734
3661
3735
3662
3736
3663
3737
3664
3738
3665
3739
3666
3740
3667
3741
3668
3742
3669
3743
3670
3744
3671
3745
3672
3746
3673
3747
3674
3748
3749
3676
3750
3677
3751
3678
3752
3679
3753
3680
3754
3681
3755
3682
3756
3683
3757
3684
3758
3685
3759
3686
3760
3687
3761
3688
3762
3689
3763
3690
3764
3691
3765
3692
3766
3693
3767
3694
3768
3695
3769
3696
3770
3697
3771
3698
3772
3699
3773
3700
3774
3701
3775
3702
3776
3703
3777
3704
3778
3705
3779
3706
3780
3707
3781
3708
3782
3709
3783
3710
3784
3711
3785
3712
3786
3713
3787
3714
3788
3715
3789
3716
3790
3717
3791
3718
3792
3719
3793
3720
3794
3721
3795
3722
3796
3723
3797
3724
3798
3725
3799
3726
3800
3727
3801
3728
3802
3729
3803
3730
3804
3731
3805
3732
3806
3733
3807
3734
3808
3735
3809
3736
3810
3737
3811
3738
3812
3739
3813
3740
3814
3741
3815
3742
3816
3743
3817
3744
3818
3745
3819
3746
3820
3747
3821
3748
3822
3749
3823
3824
3751
3825
3752
3826
3753
3827
3754
3828
3755
3829
3756
3830
3757
3831
3758
3832
3759
3833
3760
3834
3761
3835
3762
3836
3763
3837
3764
3838
3765
3839
3766
3840
3767
3841
3768
3842
3769
3843
3770
3844
3771
3845
3772
3846
3773
3847
3774
3848
3775
3849
3776
3850
3777
3851
3778
3852
3779
3853
3780
3854
3781
3855
3782
3856
3783
3857
3784
3858
3785
3859
3786
3860
3787
3861
3788
3862
3789
3863
3790
3864
3791
3865
3792
3866
3793
3867
3794
3868
3795
3869
3796
3870
3797
3871
3798
3872
3799
3873
3800
3874
3801
3875
3802
3876
3803
3877
3804
3878
3805
3879
3806
3880
3807
3881
3808
3882
3809
3883
3810
3884
3811
3885
3812
3886
3813
3887
3814
3888
3815
3889
3816
3890
3817
3891
3818
3892
3819
3893
3820
3894
3821
3895
3822
3896
3823
3897
3824
3898
3899
3826
3900
3827
3901
3828
3902
3829
3903
3830
3904
3831
3905
3832
3906
3833
3907
3834
3908
3835
3909
3836
3910
3837
3911
3838
3912
3839
3913
3840
3914
3841
3915
3842
3916
3843
3917
3844
3918
3845
3919
3846
3920
3847
3921
3848
3922
3849
3923
3850
3924
3851
3925
3852
3926
3853
3927
3854
3928
3855
3929
3856
3930
3857
3931
3858
3932
3859
3933
3860
3934
3861
3935
3862
3936
3863
3937
3864
3938
3865
3939
3866
3940
3867
3941
3868
3942
3869
3943
3870
3944
3871
3945
3872
3946
3873
3947
3874
3948
3875
3949
3876
3950
3877
3951
3878
3952
3879
3953
3880
3954
3881
3955
3882
3956
3883
3957
3884
3958
3885
3959
3886
3960
3887
3961
3888
3962
3889
3963
3890
3964
3891
3965
3892
3966
3893
3967
3894
3968
3895
3969
3896
3970
3897
3971
3898
3972
3899
3973
3974
3901
3975
3902
3976
3903
3977
3904
3978
3905
3979
3906
3980
3907
3981
3908
3982
3909
3983
3910
3984
3911
3985
3912
3986
3913
3987
3914
3988
3915
3989
3916
3990
3917
3991
3918
3992
3919
3993
3920
3994
3921
3995
3922
3996
3923
3997
3924
3998
3925
3999
3926
4000
3927
4001
3928
4002
3929
4003
3930
4004
3931
4005
3932
4006
3933
4007
3934
4008
3935
4009
3936
4010
3937
4011
3938
4012
3939
4013
3940
4014
3941
4015
3942
4016
3943
4017
3944
4018
3945
4019
3946
4020
3947
4021
3948
4022
3949
4023
3950
4024
3951
4025
3952
4026
3953
4027
3954
4028
3955
4029
3956
4030
3957
4031
3958
4032
3959
4033
3960
4034
3961
4035
3962
4036
3963
4037
3964
4038
3965
4039
3966
4040
3967
4041
3968
4042
3969
4043
3970
4044
3971
4045
3972
4046
3973
4047
3974
4048
4049
3976
4050
3977
4051
3978
4052
3979
4053
3980
4054
3981
4055
3982
4056
3983
4057
3984
4058
3985
4059
3986
4060
3987
4061
3988
4062
3989
4063
3990
4064
3991
4065
3992
4066
3993
4067
3994
4068
3995
4069
3996
4070
3997
4071
3998
4072
3999
4073
4000
4074
4001
4075
4002
4076
4003
4077
4004
4078
4005
4079
4006
4080
4007
4081
4008
4082
4009
4083
4010
4084
4011
4085
4012
4086
4013
4087
4014
4088
4015
4089
4016
4090
4017
4091
4018
4092
4019
4093
4020
4094
4021
4095
4022
4096
4023
4097
4024
4098
4025
4099
4026
4100
4027
4101
4028
4102
4029
4103
4030
4104
4031
4105
4032
4106
4033
4107
4034
4108
4035
4109
4036
4110
4037
4111
4038
4112
4039
4113
4040
4114
4041
4115
4042
4116
4043
4117
4044
4118
4045
4119
4046
4120
4047
4121
4048
4122
4049
4123
4124
4051
4125
4052
4126
4053
4127
4054
4128
4055
4129
4056
4130
4057
4131
4058
4132
4059
4133
4060
4134
4061
4135
4062
4136
4063
4137
4064
4138
4065
4139
4066
4140
4067
4141
4068
4142
4069
4143
4070
4144
4071
4145
4072
4146
4073
4147
4074
4148
4075
4149
4076
4150
4077
4151
4078
4152
4079
4153
4080
4154
4081
4155
4082
4156
4083
4157
4084
4158
4085
4159
4086
4160
4087
4161
4088
4162
4089
4163
4090
4164
4091
4165
4092
4166
4093
4167
4094
4168
4095
4169
4096
4170
4097
4171
4098
4172
4099
4173
4100
4174
4101
4175
4102
4176
4103
4177
4104
4178
4105
4179
4106
4180
4107
4181
4108
4182
4109
4183
4110
4184
4111
4185
4112
4186
4113
4187
4114
4188
4115
4189
4116
4190
4117
4191
4118
4192
4119
4193
4120
4194
4121
4195
4122
4196
4123
4197
4124
4198
4199
4126
4200
4127
4201
4128
4202
4129
4203
4130
4204
4131
4205
4132
4206
4133
4207
4134
4208
4135
4209
4136
4210
4137
4211
4138
4212
4139
4213
4140
4214
4141
4215
4142
4216
4143
4217
4144
4218
4145
4219
4146
4220
4147
4221
4148
4222
4149
4223
4150
4224
4151
4225
4152
4226
4153
4227
4154
4228
4155
4229
4156
4230
4157
4231
4158
4232
4159
4233
4160
4234
4161
4235
4162
4236
4163
4237
4164
4238
4165
4239
4166
4240
4167
4241
4168
4242
4169
4243
4170
4244
4171
4245
4172
4246
4173
4247
4174
4248
4175
4249
4176
4250
4177
4251
4178
4252
4179
4253
4180
4254
4181
4255
4182
4256
4183
4257
4184
4258
4185
4259
4186
4260
4187
4261
4188
4262
4189
4263
4190
4264
4191
4265
4192
4266
4193
4267
4194
4268
4195
4269
4196
4270
4197
4271
4198
4272
4199
4273
4274
4201
4275
4202
4276
4203
4277
4204
4278
4205
4279
4206
4280
4207
4281
4208
4282
4209
4283
4210
4284
4211
4285
4212
4286
4213
4287
4214
4288
4215
4289
4216
4290
4217
4291
4218
4292
4219
4293
4220
4294
4221
4295
4222
4296
4223
4297
4224
4298
4225
4299
4226
4300
4227
4301
4228
4302
4229
4303
4230
4304
4231
4305
4232
4306
4233
4307
4234
4308
4235
4309
4236
4310
4237
4311
4238
4312
4239
4313
4240
4314
4241
4315
4242
4316
4243
4317
4244
4318
4245
4319
4246
4320
4247
4321
4248
4322
4249
4323
4250
4324
4251
4325
4252
4326
4253
4327
4254
4328
4255
4329
4256
4330
4257
4331
4258
4332
4259
4333
4260
4334
4261
4335
4262
4336
4263
4337
4264
4338
4265
4339
4266
4340
4267
4341
4268
4342
4269
4343
4270
4344
4271
4345
4272
4346
4273
4347
4274
4348
4349
4276
4350
4277
4351
4278
4352
4279
4353
4280
4354
4281
4355
4282
4356
4283
4357
4284
4358
4285
4359
4286
4360
4287
4361
4288
4362
4289
4363
4290
4364
4291
4365
4292
4366
4293
4367
4294
4368
4295
4369
4296
4370
4297
4371
4298
4372
4299
4373
4300
4374
4301
4375
4302
4376
4303
4377
4304
4378
4305
4379
4306
4380
4307
4381
4308
4382
4309
4383
4310
4384
4311
4385
4312
4386
4313
4387
4314
4388
4315
4389
4316
4390
4317
4391
4318
4392
4319
4393
4320
4394
4321
4395
4322
4396
4323
4397
4324
4398
4325
4399
4326
4400
4327
4401
4328
4402
4329
4403
4330
4404
4331
4405
4332
4406
4333
4407
4334
4408
4335
4409
4336
4410
4337
4411
4338
4412
4339
4413
4340
4414
4341
4415
4342
4416
4343
4417
4344
4418
4345
4419
4346
4420
4347
4421
4348
4422
4349
4423
4424
4351
4425
4352
4426
4353
4427
4354
4428
4355
4429
4356
4430
4357
4431
4358
4432
4359
4433
4360
4434
4361
4435
4362
4436
4363
4437
4364
4438
4365
4439
4366
4440
4367
4441
4368
4442
4369
4443
4370
4444
4371
4445
4372
4446
4373
4447
4374
4448
4375
4449
4376
4450
4377
4451
4378
4452
4379
4453
4380
4454
4381
4455
4382
4456
4383
4457
4384
4458
4385
4459
4386
4460
4387
4461
4388
4462
4389
4463
4390
4464
4391
4465
4392
4466
4393
4467
4394
4468
4395
4469
4396
4470
4397
4471
4398
4472
4399
4473
4400
4474
4401
4475
4402
4476
4403
4477
4404
4478
4405
4479
4406
4480
4407
4481
4408
4482
4409
4483
4410
4484
4411
4485
4412
4486
4413
4487
4414
4488
4415
4489
4416
4490
4417
4491
4418
4492
4419
4493
4420
4494
4421
4495
4422
4496
4423
4497
4424
4498
4499
4426
4500
4427
4501
4428
4502
4429
4503
4430
4504
4431
4505
4432
4506
4433
4507
4434
4508
4435
4509
4436
4510
4437
4511
4438
4512
4439
4513
4440
4514
4441
4515
4442
4516
4443
4517
4444
4518
4445
4519
4446
4520
4447
4521
4448
4522
4449
4523
4450
4524
4451
4525
4452
4526
4453
4527
4454
4528
4455
4529
4456
4530
4457
4531
4458
4532
4459
4533
4460
4534
4461
4535
4462
4536
4463
4537
4464
4538
4465
4539
4466
4540
4467
4541
4468
4542
4469
4543
4470
4544
4471
4545
4472
4546
4473
4547
4474
4548
4475
4549
4476
4550
4477
4551
4478
4552
4479
4553
4480
4554
4481
4555
4482
4556
4483
4557
4484
4558
4485
4559
4486
4560
4487
4561
4488
4562
4489
4563
4490
4564
4491
4565
4492
4566
4493
4567
4494
4568
4495
4569
4496
4570
4497
4571
4498
4572
4499
4573
4574
4501
4575
4502
4576
4503
4577
4504
4578
4505
4579
4506
4580
4507
4581
4508
4582
4509
4583
4510
4584
4511
4585
4512
4586
4513
4587
4514
4588
4515
4589
4516
4590
4517
4591
4518
4592
4519
4593
4520
4594
4521
4595
4522
4596
4523
4597
4524
4598
4525
4599
4526
4600
4527
4601
4528
4602
4529
4603
4530
4604
4531
4605
4532
4606
4533
4607
4534
4608
4535
4609
4536
4610
4537
4611
4538
4612
4539
4613
4540
4614
4541
4615
4542
4616
4543
4617
4544
4618
4545
4619
4546
4620
4547
4621
4548
4622
4549
4623
4550
4624
4551
4625
4552
4626
4553
4627
4554
4628
4555
4629
4556
4630
4557
4631
4558
4632
4559
4633
4560
4634
4561
4635
4562
4636
4563
4637
4564
4638
4565
4639
4566
4640
4567
4641
4568
4642
4569
4643
4570
4644
4571
4645
4572
4646
4573
4647
4574
4648
4649
4576
4650
4577
4651
4578
4652
4579
4653
4580
4654
4581
4655
4582
4656
4583
4657
4584
4658
4585
4659
4586
4660
4587
4661
4588
4662
4589
4663
4590
4664
4591
4665
4592
4666
4593
4667
4594
4668
4595
4669
4596
4670
4597
4671
4598
4672
4599
4673
4600
4674
4601
4675
4602
4676
4603
4677
4604
4678
4605
4679
4606
4680
4607
4681
4608
4682
4609
4683
4610
4684
4611
4685
4612
4686
4613
4687
4614
4688
4615
4689
4616
4690
4617
4691
4618
4692
4619
4693
4620
4694
4621
4695
4622
4696
4623
4697
4624
4698
4625
4699
4626
4700
4627
4701
4628
4702
4629
4703
4630
4704
4631
4705
4632
4706
4633
4707
4634
4708
4635
4709
4636
4710
4637
4711
4638
4712
4639
4713
4640
4714
4641
4715
4642
4716
4643
4717
4644
4718
4645
4719
4646
4720
4647
4721
4648
4722
4649
4723
4724
4651
4725
4652
4726
4653
4727
4654
4728
4655
4729
4656
4730
4657
4731
4658
4732
4659
4733
4660
4734
4661
4735
4662
4736
4663
4737
4664
4738
4665
4739
4666
4740
4667
4741
4668
4742
4669
4743
4670
4744
4671
4745
4672
4746
4673
4747
4674
4748
4675
4749
4676
4750
4677
4751
4678
4752
4679
4753
4680
4754
4681
4755
4682
4756
4683
4757
4684
4758
4685
4759
4686
4760
4687
4761
4688
4762
4689
4763
4690
4764
4691
4765
4692
4766
4693
4767
4694
4768
4695
4769
4696
4770
4697
4771
4698
4772
4699
4773
4700
4774
4701
4775
4702
4776
4703
4777
4704
4778
4705
4779
4706
4780
4707
4781
4708
4782
4709
4783
4710
4784
4711
4785
4712
4786
4713
4787
4714
4788
4715
4789
4716
4790
4717
4791
4718
4792
4719
4793
4720
4794
4721
4795
4722
4796
4723
4797
4724
4798
4799
4726
4800
4727
4801
4728
4802
4729
4803
4730
4804
4731
4805
4732
4806
4733
4807
4734
4808
4735
4809
4736
4810
4737
4811
4738
4812
4739
4813
4740
4814
4741
4815
4742
4816
4743
4817
4744
4818
4745
4819
4746
4820
4747
4821
4748
4822
4749
4823
4750
4824
4751
4825
4752
4826
4753
4827
4754
4828
4755
4829
4756
4830
4757
4831
4758
4832
4759
4833
4760
4834
4761
4835
4762
4836
4763
4837
4764
4838
4765
4839
4766
4840
4767
4841
4768
4842
4769
4843
4770
4844
4771
4845
4772
4846
4773
4847
4774
4848
4775
4849
4776
4850
4777
4851
4778
4852
4779
4853
4780
4854
4781
4855
4782
4856
4783
4857
4784
4858
4785
4859
4786
4860
4787
4861
4788
4862
4789
4863
4790
4864
4791
4865
4792
4866
4793
4867
4794
4868
4795
4869
4796
4870
4797
4871
4798
4872
4799
4873
4874
4801
4875
4802
4876
4803
4877
4804
4878
4805
4879
4806
4880
4807
4881
4808
4882
4809
4883
4810
4884
4811
4885
4812
4886
4813
4887
4814
4888
4815
4889
4816
4890
4817
4891
4818
4892
4819
4893
4820
4894
4821
4895
4822
4896
4823
4897
4824
4898
4825
4899
4826
4900
4827
4901
4828
4902
4829
4903
4830
4904
4831
4905
4832
4906
4833
4907
4834
4908
4835
4909
4836
4910
4837
4911
4838
4912
4839
4913
4840
4914
4841
4915
4842
4916
4843
4917
4844
4918
4845
4919
4846
4920
4847
4921
4848
4922
4849
4923
4850
4924
4851
4925
4852
4926
4853
4927
4854
4928
4855
4929
4856
4930
4857
4931
4858
4932
4859
4933
4860
4934
4861
4935
4862
4936
4863
4937
4864
4938
4865
4939
4866
4940
4867
4941
4868
4942
4869
4943
4870
4944
4871
4945
4872
4946
4873
4947
4874
4948
4949
4876
4950
4877
4951
4878
4952
4879
4953
4880
4954
4881
4955
4882
4956
4883
4957
4884
4958
4885
4959
4886
4960
4887
4961
4888
4962
4889
4963
4890
4964
4891
4965
4892
4966
4893
4967
4894
4968
4895
4969
4896
4970
4897
4971
4898
4972
4899
4973
4900
4974
4901
4975
4902
4976
4903
4977
4904
4978
4905
4979
4906
4980
4907
4981
4908
4982
4909
4983
4910
4984
4911
4985
4912
4986
4913
4987
4914
4988
4915
4989
4916
4990
4917
4991
4918
4992
4919
4993
4920
4994
4921
4995
4922
4996
4923
4997
4924
4998
4925
4999
4926
5000
4927
5001
4928
5002
4929
5003
4930
5004
4931
5005
4932
5006
4933
5007
4934
5008
4935
5009
4936
5010
4937
5011
4938
5012
4939
5013
4940
5014
4941
5015
4942
5016
4943
5017
4944
5018
4945
5019
4946
5020
4947
5021
4948
5022
4949
5023
5024
4951
5025
4952
5026
4953
5027
4954
5028
4955
5029
4956
5030
4957
5031
4958
5032
4959
5033
4960
5034
4961
5035
4962
5036
4963
5037
4964
5038
4965
5039
4966
5040
4967
5041
4968
5042
4969
5043
4970
5044
4971
5045
4972
5046
4973
5047
4974
5048
4975
5049
4976
5050
4977
5051
4978
5052
4979
5053
4980
5054
4981
5055
4982
5056
4983
5057
4984
5058
4985
5059
4986
5060
4987
5061
4988
5062
4989
5063
4990
5064
4991
5065
4992
5066
4993
5067
4994
5068
4995
5069
4996
5070
4997
5071
4998
5072
4999
5073
5000
5074
5001
5075
5002
5076
5003
5077
5004
5078
5005
5079
5006
5080
5007
5081
5008
5082
5009
5083
5010
5084
5011
5085
5012
5086
5013
5087
5014
5088
5015
5089
5016
5090
5017
5091
5018
5092
5019
5093
5020
5094
5021
5095
5022
5096
5023
5097
5024
5098
5099
5026
5100
5027
5101
5028
5102
5029
5103
5030
5104
5031
5105
5032
5106
5033
5107
5034
5108
5035
5109
5036
5110
5037
5111
5038
5112
5039
5113
5040
5114
5041
5115
5042
5116
5043
5117
5044
5118
5045
5119
5046
5120
5047
5121
5048
5122
5049
5123
5050
5124
5051
5125
5052
5126
5053
5127
5054
5128
5055
5129
5056
5130
5057
5131
5058
5132
5059
5133
5060
5134
5061
5135
5062
5136
5063
5137
5064
5138
5065
5139
5066
5140
5067
5141
5068
5142
5069
5143
5070
5144
5071
5145
5072
5146
5073
5147
5074
5148
5075
5149
5076
5150
5077
5151
5078
5152
5079
5153
5080
5154
5081
5155
5082
5156
5083
5157
5084
5158
5085
5159
5086
5160
5087
5161
5088
5162
5089
5163
5090
5164
5091
5165
5092
5166
5093
5167
5094
5168
5095
5169
5096
5170
5097
5171
5098
5172
5099
5173
5174
5101
5175
5102
5176
5103
5177
5104
5178
5105
5179
5106
5180
5107
5181
5108
5182
5109
5183
5110
5184
5111
5185
5112
5186
5113
5187
5114
5188
5115
5189
5116
5190
5117
5191
5118
5192
5119
5193
5120
5194
5121
5195
5122
5196
5123
5197
5124
5198
5125
5199
5126
5200
5127
5201
5128
5202
5129
5203
5130
5204
5131
5205
5132
5206
5133
5207
5134
5208
5135
5209
5136
5210
5137
5211
5138
5212
5139
5213
5140
5214
5141
5215
5142
5216
5143
5217
5144
5218
5145
5219
5146
5220
5147
5221
5148
5222
5149
5223
5150
5224
5151
5225
5152
5226
5153
5227
5154
5228
5155
5229
5156
5230
5157
5231
5158
5232
5159
5233
5160
5234
5161
5235
5162
5236
5163
5237
5164
5238
5165
5239
5166
5240
5167
5241
5168
5242
5169
5243
5170
5244
5171
5245
5172
5246
5173
5247
5174
5248
5249
5176
5250
5177
5251
5178
5252
5179
5253
5180
5254
5181
5255
5182
5256
5183
5257
5184
5258
5185
5259
5186
5260
5187
5261
5188
5262
5189
5263
5190
5264
5191
5265
5192
5266
5193
5267
5194
5268
5195
5269
5196
5270
5197
5271
5198
5272
5199
5273
5200
5274
5201
5275
5202
5276
5203
5277
5204
5278
5205
5279
5206
5280
5207
5281
5208
5282
5209
5283
5210
5284
5211
5285
5212
5286
5213
5287
5214
5288
5215
5289
5216
5290
5217
5291
5218
5292
5219
5293
5220
5294
5221
5295
5222
5296
5223
5297
5224
5298
5225
5299
5226
5300
5227
5301
5228
5302
5229
5303
5230
5304
5231
5305
5232
5306
5233
5307
5234
5308
5235
5309
5236
5310
5237
5311
5238
5312
5239
5313
5240
5314
5241
5315
5242
5316
5243
5317
5244
5318
5245
5319
5246
5320
5247
5321
5248
5322
5249
5323
5324
5251
5325
5252
5326
5253
5327
5254
5328
5255
5329
5256
5330
5257
5331
5258
5332
5259
5333
5260
5334
5261
5335
5262
5336
5263
5337
5264
5338
5265
5339
5266
5340
5267
5341
5268
5342
5269
5343
5270
5344
5271
5345
5272
5346
5273
5347
5274
5348
5275
5349
5276
5350
5277
5351
5278
5352
5279
5353
5280
5354
5281
5355
5282
5356
5283
5357
5284
5358
5285
5359
5286
5360
5287
5361
5288
5362
5289
5363
5290
5364
5291
5365
5292
5366
5293
5367
5294
5368
5295
5369
5296
5370
5297
5371
5298
5372
5299
5373
5300
5374
5301
5375
5302
5376
5303
5377
5304
5378
5305
5379
5306
5380
5307
5381
5308
5382
5309
5383
5310
5384
5311
5385
5312
5386
5313
5387
5314
5388
5315
5389
5316
5390
5317
5391
5318
5392
5319
5393
5320
5394
5321
5395
5322
5396
5323
5397
5324
5398
5399
5326
5400
5327
5401
5328
5402
5329
5403
5330
5404
5331
5405
5332
5406
5333
5407
5334
5408
5335
5409
5336
5410
5337
5411
5338
5412
5339
5413
5340
5414
5341
5415
5342
5416
5343
5417
5344
5418
5345
5419
5346
5420
5347
5421
5348
5422
5349
5423
5350
5424
5351
5425
5352
5426
5353
5427
5354
5428
5355
5429
5356
5430
5357
5431
5358
5432
5359
5433
5360
5434
5361
5435
5362
5436
5363
5437
5364
5438
5365
5439
5366
5440
5367
5441
5368
5442
5369
5443
5370
5444
5371
5445
5372
5446
5373
5447
5374
5448
5375
5449
5376
5450
5377
5451
5378
5452
5379
5453
5380
5454
5381
5455
5382
5456
5383
5457
5384
5458
5385
5459
5386
5460
5387
5461
5388
5462
5389
5463
5390
5464
5391
5465
5392
5466
5393
5467
5394
5468
5395
5469
5396
5470
5397
5471
5398
5472
5399
5473
5474
5401
5475
5402
5476
5403
5477
5404
5478
5405
5479
5406
5480
5407
5481
5408
5482
5409
5483
5410
5484
5411
5485
5412
5486
5413
5487
5414
5488
5415
5489
5416
5490
5417
5491
5418
5492
5419
5493
5420
5494
5421
5495
5422
5496
5423
5497
5424
5498
5425
5499
5426
5500
5427
5501
5428
5502
5429
5503
5430
5504
5431
5505
5432
5506
5433
5507
5434
5508
5435
5509
5436
5510
5437
5511
5438
5512
5439
5513
5440
5514
5441
5515
5442
5516
5443
5517
5444
5518
5445
5519
5446
5520
5447
5521
5448
5522
5449
5523
5450
5524
5451
5525
5452
5526
5453
5527
5454
5528
5455
5529
5456
5530
5457
5531
5458
5532
5459
5533
5460
5534
5461
5535
5462
5536
5463
5537
5464
5538
5465
5539
5466
5540
5467
5541
5468
5542
5469
5543
5470
5544
5471
5545
5472
5546
5473
5547
5474
5548
5549
5476
5550
5477
5551
5478
5552
5479
5553
5480
5554
5481
5555
5482
5556
5483
5557
5484
5558
5485
5559
5486
5560
5487
5561
5488
5562
5489
5563
5490
5564
5491
5565
5492
5566
5493
5567
5494
5568
5495
5569
5496
5570
5497
5571
5498
5572
5499
5573
5500
5574
5501
5575
5502
5576
5503
5577
5504
5578
5505
5579
5506
5580
5507
5581
5508
5582
5509
5583
5510
5584
5511
5585
5512
5586
5513
5587
5514
5588
5515
5589
5516
5590
5517
5591
5518
5592
5519
5593
5520
5594
5521
5595
5522
5596
5523
5597
5524
5598
5525
5599
5526
5600
5527
5601
5528
5602
5529
5603
5530
5604
5531
5605
5532
5606
5533
5607
5534
5608
5535
5609
5536
5610
5537
5611
5538
5612
5539
5613
5540
5614
5541
5615
5542
5616
5543
5617
5544
5618
5545
5619
5546
5620
5547
5621
5548
5622
5549
5623
5624
5551
5625
5552
5626
5553
5627
5554
5628
5555
5629
5556
5630
5557
5631
5558
5632
5559
5633
5560
5634
5561
5635
5562
5636
5563
5637
5564
5638
5565
5639
5566
5640
5567
5641
5568
5642
5569
5643
5570
5644
5571
5645
5572
5646
5573
5647
5574
5648
5575
5649
5576
5650
5577
5651
5578
5652
5579
5653
5580
5654
5581
5655
5582
5656
5583
5657
5584
5658
5585
5659
5586
5660
5587
5661
5588
5662
5589
5663
5590
5664
5591
5665
5592
5666
5593
5667
5594
5668
5595
5669
5596
5670
5597
5671
5598
5672
5599
5673
5600
5674
5601
5675
5602
5676
5603
5677
5604
5678
5605
5679
5606
5680
5607
5681
5608
5682
5609
5683
5610
5684
5611
5685
5612
5686
5613
5687
5614
5688
5615
5689
5616
5690
5617
5691
5618
5692
5619
5693
5620
5694
5621
5695
5622
5696
5623
5697
5624
5698
5699
5626
5700
5627
5701
5628
5702
5629
5703
5630
5704
5631
5705
5632
5706
5633
5707
5634
5708
5635
5709
5636
5710
5637
5711
5638
5712
5639
5713
5640
5714
5641
5715
5642
5716
5643
5717
5644
5718
5645
5719
5646
5720
5647
5721
5648
5722
5649
5723
5650
5724
5651
5725
5652
5726
5653
5727
5654
5728
5655
5729
5656
5730
5657
5731
5658
5732
5659
5733
5660
5734
5661
5735
5662
5736
5663
5737
5664
5738
5665
5739
5666
5740
5667
5741
5668
5742
5669
5743
5670
5744
5671
5745
5672
5746
5673
5747
5674
5748
5675
5749
5676
5750
5677
5751
5678
5752
5679
5753
5680
5754
5681
5755
5682
5756
5683
5757
5684
5758
5685
5759
5686
5760
5687
5761
5688
5762
5689
5763
5690
5764
5691
5765
5692
5766
5693
5767
5694
5768
5695
5769
5696
5770
5697
5771
5698
5772
5699
5773
5774
5701
5775
5702
5776
5703
5777
5704
5778
5705
5779
5706
5780
5707
5781
5708
5782
5709
5783
5710
5784
5711
5785
5712
5786
5713
5787
5714
5788
5715
5789
5716
5790
5717
5791
5718
5792
5719
5793
5720
5794
5721
5795
5722
5796
5723
5797
5724
5798
5725
5799
5726
5800
5727
5801
5728
5802
5729
5803
5730
5804
5731
5805
5732
5806
5733
5807
5734
5808
5735
5809
5736
5810
5737
5811
5738
5812
5739
5813
5740
5814
5741
5815
5742
5816
5743
5817
5744
5818
5745
5819
5746
5820
5747
5821
5748
5822
5749
5823
5750
5824
5751
5825
5752
5826
5753
5827
5754
5828
5755
5829
5756
5830
5757
5831
5758
5832
5759
5833
5760
5834
5761
5835
5762
5836
5763
5837
5764
5838
5765
5839
5766
5840
5767
5841
5768
5842
5769
5843
5770
5844
5771
5845
5772
5846
5773
5847
5774
5848
5849
5776
5850
5777
5851
5778
5852
5779
5853
5780
5854
5781
5855
5782
5856
5783
5857
5784
5858
5785
5859
5786
5860
5787
5861
5788
5862
5789
5863
5790
5864
5791
5865
5792
5866
5793
5867
5794
5868
5795
5869
5796
5870
5797
5871
5798
5872
5799
5873
5800
5874
5801
5875
5802
5876
5803
5877
5804
5878
5805
5879
5806
5880
5807
5881
5808
5882
5809
5883
5810
5884
5811
5885
5812
5886
5813
5887
5814
5888
5815
5889
5816
5890
5817
5891
5818
5892
5819
5893
5820
5894
5821
5895
5822
5896
5823
5897
5824
5898
5825
5899
5826
5900
5827
5901
5828
5902
5829
5903
5830
5904
5831
5905
5832
5906
5833
5907
5834
5908
5835
5909
5836
5910
5837
5911
5838
5912
5839
5913
5840
5914
5841
5915
5842
5916
5843
5917
5844
5918
5845
5919
5846
5920
5847
5921
5848
5922
5849
5923
5924
5851
5925
5852
5926
5853
5927
5854
5928
5855
5929
5856
5930
5857
5931
5858
5932
5859
5933
5860
5934
5861
5935
5862
5936
5863
5937
5864
5938
5865
5939
5866
5940
5867
5941
5868
5942
5869
5943
5870
5944
5871
5945
5872
5946
5873
5947
5874
5948
5875
5949
5876
5950
5877
5951
5878
5952
5879
5953
5880
5954
5881
5955
5882
5956
5883
5957
5884
5958
5885
5959
5886
5960
5887
5961
5888
5962
5889
5963
5890
5964
5891
5965
5892
5966
5893
5967
5894
5968
5895
5969
5896
5970
5897
5971
5898
5972
5899
5973
5900
5974
5901
5975
5902
5976
5903
5977
5904
5978
5905
5979
5906
5980
5907
5981
5908
5982
5909
5983
5910
5984
5911
5985
5912
5986
5913
5987
5914
5988
5915
5989
5916
5990
5917
5991
5918
5992
5919
5993
5920
5994
5921
5995
5922
5996
5923
5997
5924
5998
5999
5926
6000
5927
6001
5928
6002
5929
6003
5930
6004
5931
6005
5932
6006
5933
6007
5934
6008
5935
6009
5936
6010
5937
6011
5938
6012
5939
6013
5940
6014
5941
6015
5942
6016
5943
6017
5944
6018
5945
6019
5946
6020
5947
6021
5948
6022
5949
6023
5950
6024
5951
6025
5952
6026
5953
6027
5954
6028
5955
6029
5956
6030
5957
6031
5958
6032
5959
6033
5960
6034
5961
6035
5962
6036
5963
6037
5964
6038
5965
6039
5966
6040
5967
6041
5968
6042
5969
6043
5970
6044
5971
6045
5972
6046
5973
6047
5974
6048
5975
6049
5976
6050
5977
6051
5978
6052
5979
6053
5980
6054
5981
6055
5982
6056
5983
6057
5984
6058
5985
6059
5986
6060
5987
6061
5988
6062
5989
6063
5990
6064
5991
6065
5992
6066
5993
6067
5994
6068
5995
6069
5996
6070
5997
6071
5998
6072
5999
6073
6074
6001
6075
6002
6076
6003
6077
6004
6078
6005
6079
6006
6080
6007
6081
6008
6082
6009
6083
6010
6084
6011
6085
6012
6086
6013
6087
6014
6088
6015
6089
6016
6090
6017
6091
6018
6092
6019
6093
6020
6094
6021
6095
6022
6096
6023
6097
6024
6098
6025
6099
6026
6100
6027
6101
6028
6102
6029
6103
6030
6104
6031
6105
6032
6106
6033
6107
6034
6108
6035
6109
6036
6110
6037
6111
6038
6112
6039
6113
6040
6114
6041
6115
6042
6116
6043
6117
6044
6118
6045
6119
6046
6120
6047
6121
6048
6122
6049
6123
6050
6124
6051
6125
6052
6126
6053
6127
6054
6128
6055
6129
6056
6130
6057
6131
6058
6132
6059
6133
6060
6134
6061
6135
6062
6136
6063
6137
6064
6138
6065
6139
6066
6140
6067
6141
6068
6142
6069
6143
6070
6144
6071
6145
6072
6146
6073
6147
6074
6148
6149
6076
6150
6077
6151
6078
6152
6079
6153
6080
6154
6081
6155
6082
6156
6083
6157
6084
6158
6085
6159
6086
6160
6087
6161
6088
6162
6089
6163
6090
6164
6091
6165
6092
6166
6093
6167
6094
6168
6095
6169
6096
6170
6097
6171
6098
6172
6099
6173
6100
6174
6101
6175
6102
6176
6103
6177
6104
6178
6105
6179
6106
6180
6107
6181
6108
6182
6109
6183
6110
6184
6111
6185
6112
6186
6113
6187
6114
6188
6115
6189
6116
6190
6117
6191
6118
6192
6119
6193
6120
6194
6121
6195
6122
6196
6123
6197
6124
6198
6125
6199
6126
6200
6127
6201
6128
6202
6129
6203
6130
6204
6131
6205
6132
6206
6133
6207
6134
6208
6135
6209
6136
6210
6137
6211
6138
6212
6139
6213
6140
6214
6141
6215
6142
6216
6143
6217
6144
6218
6145
6219
6146
6220
6147
6221
6148
6222
6149
6223
6224
6151
6225
6152
6226
6153
6227
6154
6228
6155
6229
6156
6230
6157
6231
6158
6232
6159
6233
6160
6234
6161
6235
6162
6236
6163
6237
6164
6238
6165
6239
6166
6240
6167
6241
6168
6242
6169
6243
6170
6244
6171
6245
6172
6246
6173
6247
6174
6248
6175
6249
6176
6250
6177
6251
6178
6252
6179
6253
6180
6254
6181
6255
6182
6256
6183
6257
6184
6258
6185
6259
6186
6260
6187
6261
6188
6262
6189
6263
6190
6264
6191
6265
6192
6266
6193
6267
6194
6268
6195
6269
6196
6270
6197
6271
6198
6272
6199
6273
6200
6274
6201
6275
6202
6276
6203
6277
6204
6278
6205
6279
6206
6280
6207
6281
6208
6282
6209
6283
6210
6284
6211
6285
6212
6286
6213
6287
6214
6288
6215
6289
6216
6290
6217
6291
6218
6292
6219
6293
6220
6294
6221
6295
6222
6296
6223
6297
6224
6298
6299
6226
6300
6227
6301
6228
6302
6229
6303
6230
6304
6231
6305
6232
6306
6233
6307
6234
6308
6235
6309
6236
6310
6237
6311
6238
6312
6239
6313
6240
6314
6241
6315
6242
6316
6243
6317
6244
6318
6245
6319
6246
6320
6247
6321
6248
6322
6249
6323
6250
6324
6251
6325
6252
6326
6253
6327
6254
6328
6255
6329
6256
6330
6257
6331
6258
6332
6259
6333
6260
6334
6261
6335
6262
6336
6263
6337
6264
6338
6265
6339
6266
6340
6267
6341
6268
6342
6269
6343
6270
6344
6271
6345
6272
6346
6273
6347
6274
6348
6275
6349
6276
6350
6277
6351
6278
6352
6279
6353
6280
6354
6281
6355
6282
6356
6283
6357
6284
6358
6285
6359
6286
6360
6287
6361
6288
6362
6289
6363
6290
6364
6291
6365
6292
6366
6293
6367
6294
6368
6295
6369
6296
6370
6297
6371
6298
6372
6299
6373
6374
6301
6375
6302
6376
6303
6377
6304
6378
6305
6379
6306
6380
6307
6381
6308
6382
6309
6383
6310
6384
6311
6385
6312
6386
6313
6387
6314
6388
6315
6389
6316
6390
6317
6391
6318
6392
6319
6393
6320
6394
6321
6395
6322
6396
6323
6397
6324
6398
6325
6399
6326
6400
6327
6401
6328
6402
6329
6403
6330
6404
6331
6405
6332
6406
6333
6407
6334
6408
6335
6409
6336
6410
6337
6411
6338
6412
6339
6413
6340
6414
6341
6415
6342
6416
6343
6417
6344
6418
6345
6419
6346
6420
6347
6421
6348
6422
6349
6423
6350
6424
6351
6425
6352
6426
6353
6427
6354
6428
6355
6429
6356
6430
6357
6431
6358
6432
6359
6433
6360
6434
6361
6435
6362
6436
6363
6437
6364
6438
6365
6439
6366
6440
6367
6441
6368
6442
6369
6443
6370
6444
6371
6445
6372
6446
6373
6447
6374
6448
6449
6376
6450
6377
6451
6378
6452
6379
6453
6380
6454
6381
6455
6382
6456
6383
6457
6384
6458
6385
6459
6386
6460
6387
6461
6388
6462
6389
6463
6390
6464
6391
6465
6392
6466
6393
6467
6394
6468
6395
6469
6396
6470
6397
6471
6398
6472
6399
6473
6400
6474
6401
6475
6402
6476
6403
6477
6404
6478
6405
6479
6406
6480
6407
6481
6408
6482
6409
6483
6410
6484
6411
6485
6412
6486
6413
6487
6414
6488
6415
6489
6416
6490
6417
6491
6418
6492
6419
6493
6420
6494
6421
6495
6422
6496
6423
6497
6424
6498
6425
6499
6426
6500
6427
6501
6428
6502
6429
6503
6430
6504
6431
6505
6432
6506
6433
6507
6434
6508
6435
6509
6436
6510
6437
6511
6438
6512
6439
6513
6440
6514
6441
6515
6442
6516
6443
6517
6444
6518
6445
6519
6446
6520
6447
6521
6448
6522
6449
6523
6524
6451
6525
6452
6526
6453
6527
6454
6528
6455
6529
6456
6530
6457
6531
6458
6532
6459
6533
6460
6534
6461
6535
6462
6536
6463
6537
6464
6538
6465
6539
6466
6540
6467
6541
6468
6542
6469
6543
6470
6544
6471
6545
6472
6546
6473
6547
6474
6548
6475
6549
6476
6550
6477
6551
6478
6552
6479
6553
6480
6554
6481
6555
6482
6556
6483
6557
6484
6558
6485
6559
6486
6560
6487
6561
6488
6562
6489
6563
6490
6564
6491
6565
6492
6566
6493
6567
6494
6568
6495
6569
6496
6570
6497
6571
6498
6572
6499
6573
6500
6574
6501
6575
6502
6576
6503
6577
6504
6578
6505
6579
6506
6580
6507
6581
6508
6582
6509
6583
6510
6584
6511
6585
6512
6586
6513
6587
6514
6588
6515
6589
6516
6590
6517
6591
6518
6592
6519
6593
6520
6594
6521
6595
6522
6596
6523
6597
6524
6598
6599
6526
6600
6527
6601
6528
6602
6529
6603
6530
6604
6531
6605
6532
6606
6533
6607
6534
6608
6535
6609
6536
6610
6537
6611
6538
6612
6539
6613
6540
6614
6541
6615
6542
6616
6543
6617
6544
6618
6545
6619
6546
6620
6547
6621
6548
6622
6549
6623
6550
6624
6551
6625
6552
6626
6553
6627
6554
6628
6555
6629
6556
6630
6557
6631
6558
6632
6559
6633
6560
6634
6561
6635
6562
6636
6563
6637
6564
6638
6565
6639
6566
6640
6567
6641
6568
6642
6569
6643
6570
6644
6571
6645
6572
6646
6573
6647
6574
6648
6575
6649
6576
6650
6577
6651
6578
6652
6579
6653
6580
6654
6581
6655
6582
6656
6583
6657
6584
6658
6585
6659
6586
6660
6587
6661
6588
6662
6589
6663
6590
6664
6591
6665
6592
6666
6593
6667
6594
6668
6595
6669
6596
6670
6597
6671
6598
6672
6599
6673
6674
6601
6675
6602
6676
6603
6677
6604
6678
6605
6679
6606
6680
6607
6681
6608
6682
6609
6683
6610
6684
6611
6685
6612
6686
6613
6687
6614
6688
6615
6689
6616
6690
6617
6691
6618
6692
6619
6693
6620
6694
6621
6695
6622
6696
6623
6697
6624
6698
6625
6699
6626
6700
6627
6701
6628
6702
6629
6703
6630
6704
6631
6705
6632
6706
6633
6707
6634
6708
6635
6709
6636
6710
6637
6711
6638
6712
6639
6713
6640
6714
6641
6715
6642
6716
6643
6717
6644
6718
6645
6719
6646
6720
6647
6721
6648
6722
6649
6723
6650
6724
6651
6725
6652
6726
6653
6727
6654
6728
6655
6729
6656
6730
6657
6731
6658
6732
6659
6733
6660
6734
6661
6735
6662
6736
6663
6737
6664
6738
6665
6739
6666
6740
6667
6741
6668
6742
6669
6743
6670
6744
6671
6745
6672
6746
6673
6747
6674
6748
6749
6676
6750
6677
6751
6678
6752
6679
6753
6680
6754
6681
6755
6682
6756
6683
6757
6684
6758
6685
6759
6686
6760
6687
6761
6688
6762
6689
6763
6690
6764
6691
6765
6692
6766
6693
6767
6694
6768
6695
6769
6696
6770
6697
6771
6698
6772
6699
6773
6700
6774
6701
6775
6702
6776
6703
6777
6704
6778
6705
6779
6706
6780
6707
6781
6708
6782
6709
6783
6710
6784
6711
6785
6712
6786
6713
6787
6714
6788
6715
6789
6716
6790
6717
6791
6718
6792
6719
6793
6720
6794
6721
6795
6722
6796
6723
6797
6724
6798
6725
6799
6726
6800
6727
6801
6728
6802
6729
6803
6730
6804
6731
6805
6732
6806
6733
6807
6734
6808
6735
6809
6736
6810
6737
6811
6738
6812
6739
6813
6740
6814
6741
6815
6742
6816
6743
6817
6744
6818
6745
6819
6746
6820
6747
6821
6748
6822
6749
6823
6824
6751
6825
6752
6826
6753
6827
6754
6828
6755
6829
6756
6830
6757
6831
6758
6832
6759
6833
6760
6834
6761
6835
6762
6836
6763
6837
6764
6838
6765
6839
6766
6840
6767
6841
6768
6842
6769
6843
6770
6844
6771
6845
6772
6846
6773
6847
6774
6848
6775
6849
6776
6850
6777
6851
6778
6852
6779
6853
6780
6854
6781
6855
6782
6856
6783
6857
6784
6858
6785
6859
6786
6860
6787
6861
6788
6862
6789
6863
6790
6864
6791
6865
6792
6866
6793
6867
6794
6868
6795
6869
6796
6870
6797
6871
6798
6872
6799
6873
6800
6874
6801
6875
6802
6876
6803
6877
6804
6878
6805
6879
6806
6880
6807
6881
6808
6882
6809
6883
6810
6884
6811
6885
6812
6886
6813
6887
6814
6888
6815
6889
6816
6890
6817
6891
6818
6892
6819
6893
6820
6894
6821
6895
6822
6896
6823
6897
6824
6898
6899
6826
6900
6827
6901
6828
6902
6829
6903
6830
6904
6831
6905
6832
6906
6833
6907
6834
6908
6835
6909
6836
6910
6837
6911
6838
6912
6839
6913
6840
6914
6841
6915
6842
6916
6843
6917
6844
6918
6845
6919
6846
6920
6847
6921
6848
6922
6849
6923
6850
6924
6851
6925
6852
6926
6853
6927
6854
6928
6855
6929
6856
6930
6857
6931
6858
6932
6859
6933
6860
6934
6861
6935
6862
6936
6863
6937
6864
6938
6865
6939
6866
6940
6867
6941
6868
6942
6869
6943
6870
6944
6871
6945
6872
6946
6873
6947
6874
6948
6875
6949
6876
6950
6877
6951
6878
6952
6879
6953
6880
6954
6881
6955
6882
6956
6883
6957
6884
6958
6885
6959
6886
6960
6887
6961
6888
6962
6889
6963
6890
6964
6891
6965
6892
6966
6893
6967
6894
6968
6895
6969
6896
6970
6897
6971
6898
6972
6899
6973
6974
6901
6975
6902
6976
6903
6977
6904
6978
6905
6979
6906
6980
6907
6981
6908
6982
6909
6983
6910
6984
6911
6985
6912
6986
6913
6987
6914
6988
6915
6989
6916
6990
6917
6991
6918
6992
6919
6993
6920
6994
6921
6995
6922
6996
6923
6997
6924
6998
6925
6999
6926
7000
6927
7001
6928
7002
6929
7003
6930
7004
6931
7005
6932
7006
6933
7007
6934
7008
6935
7009
6936
7010
6937
7011
6938
7012
6939
7013
6940
7014
6941
7015
6942
7016
6943
7017
6944
7018
6945
7019
6946
7020
6947
7021
6948
7022
6949
7023
6950
7024
6951
7025
6952
7026
6953
7027
6954
7028
6955
7029
6956
7030
6957
7031
6958
7032
6959
7033
6960
7034
6961
7035
6962
7036
6963
7037
6964
7038
6965
7039
6966
7040
6967
7041
6968
7042
6969
7043
6970
7044
6971
7045
6972
7046
6973
7047
6974
7048
7049
6976
7050
6977
7051
6978
7052
6979
7053
6980
7054
6981
7055
6982
7056
6983
7057
6984
7058
6985
7059
6986
7060
6987
7061
6988
7062
6989
7063
6990
7064
6991
7065
6992
7066
6993
7067
6994
7068
6995
7069
6996
7070
6997
7071
6998
7072
6999
7073
7000
7074
7001
7075
7002
7076
7003
7077
7004
7078
7005
7079
7006
7080
7007
7081
7008
7082
7009
7083
7010
7084
7011
7085
7012
7086
7013
7087
7014
7088
7015
7089
7016
7090
7017
7091
7018
7092
7019
7093
7020
7094
7021
7095
7022
7096
7023
7097
7024
7098
7025
7099
7026
7100
7027
7101
7028
7102
7029
7103
7030
7104
7031
7105
7032
7106
7033
7107
7034
7108
7035
7109
7036
7110
7037
7111
7038
7112
7039
7113
7040
7114
7041
7115
7042
7116
7043
7117
7044
7118
7045
7119
7046
7120
7047
7121
7048
7122
7049
7123
7124
7051
7125
7052
7126
7053
7127
7054
7128
7055
7129
7056
7130
7057
7131
7058
7132
7059
7133
7060
7134
7061
7135
7062
7136
7063
7137
7064
7138
7065
7139
7066
7140
7067
7141
7068
7142
7069
7143
7070
7144
7071
7145
7072
7146
7073
7147
7074
7148
7075
7149
7076
7150
7077
7151
7078
7152
7079
7153
7080
7154
7081
7155
7082
7156
7083
7157
7084
7158
7085
7159
7086
7160
7087
7161
7088
7162
7089
7163
7090
7164
7091
7165
7092
7166
7093
7167
7094
7168
7095
7169
7096
7170
7097
7171
7098
7172
7099
7173
7100
7174
7101
7175
7102
7176
7103
7177
7104
7178
7105
7179
7106
7180
7107
7181
7108
7182
7109
7183
7110
7184
7111
7185
7112
7186
7113
7187
7114
7188
7115
7189
7116
7190
7117
7191
7118
7192
7119
7193
7120
7194
7121
7195
7122
7196
7123
7197
7124
7198
7199
7126
7200
7127
7201
7128
7202
7129
7203
7130
7204
7131
7205
7132
7206
7133
7207
7134
7208
7135
7209
7136
7210
7137
7211
7138
7212
7139
7213
7140
7214
7141
7215
7142
7216
7143
7217
7144
7218
7145
7219
7146
7220
7147
7221
7148
7222
7149
7223
7150
7224
7151
7225
7152
7226
7153
7227
7154
7228
7155
7229
7156
7230
7157
7231
7158
7232
7159
7233
7160
7234
7161
7235
7162
7236
7163
7237
7164
7238
7165
7239
7166
7240
7167
7241
7168
7242
7169
7243
7170
7244
7171
7245
7172
7246
7173
7247
7174
7248
7175
7249
7176
7250
7177
7251
7178
7252
7179
7253
7180
7254
7181
7255
7182
7256
7183
7257
7184
7258
7185
7259
7186
7260
7187
7261
7188
7262
7189
7263
7190
7264
7191
7265
7192
7266
7193
7267
7194
7268
7195
7269
7196
7270
7197
7271
7198
7272
7199
7273
7274
7201
7275
7202
7276
7203
7277
7204
7278
7205
7279
7206
7280
7207
7281
7208
7282
7209
7283
7210
7284
7211
7285
7212
7286
7213
7287
7214
7288
7215
7289
7216
7290
7217
7291
7218
7292
7219
7293
7220
7294
7221
7295
7222
7296
7223
7297
7224
7298
7225
7299
7226
7300
7227
7301
7228
7302
7229
7303
7230
7304
7231
7305
7232
7306
7233
7307
7234
7308
7235
7309
7236
7310
7237
7311
7238
7312
7239
7313
7240
7314
7241
7315
7242
7316
7243
7317
7244
7318
7245
7319
7246
7320
7247
7321
7248
7322
7249
7323
7250
7324
7251
7325
7252
7326
7253
7327
7254
7328
7255
7329
7256
7330
7257
7331
7258
7332
7259
7333
7260
7334
7261
7335
7262
7336
7263
7337
7264
7338
7265
7339
7266
7340
7267
7341
7268
7342
7269
7343
7270
7344
7271
7345
7272
7346
7273
7347
7274
7348
7349
7276
7350
7277
7351
7278
7352
7279
7353
7280
7354
7281
7355
7282
7356
7283
7357
7284
7358
7285
7359
7286
7360
7287
7361
7288
7362
7289
7363
7290
7364
7291
7365
7292
7366
7293
7367
7294
7368
7295
7369
7296
7370
7297
7371
7298
7372
7299
7373
7300
7374
7301
7375
7302
7376
7303
7377
7304
7378
7305
7379
7306
7380
7307
7381
7308
7382
7309
7383
7310
7384
7311
7385
7312
7386
7313
7387
7314
7388
7315
7389
7316
7390
7317
7391
7318
7392
7319
7393
7320
7394
7321
7395
7322
7396
7323
7397
7324
7398
7325
7399
7326
7400
7327
7401
7328
7402
7329
7403
7330
7404
7331
7405
7332
7406
7333
7407
7334
7408
7335
7409
7336
7410
7337
7411
7338
7412
7339
7413
7340
7414
7341
7415
7342
7416
7343
7417
7344
7418
7345
7419
7346
7420
7347
7421
7348
7422
7349
7423
7424
7351
7425
7352
7426
7353
7427
7354
7428
7355
7429
7356
7430
7357
7431
7358
7432
7359
7433
7360
7434
7361
7435
7362
7436
7363
7437
7364
7438
7365
7439
7366
7440
7367
7441
7368
7442
7369
7443
7370
7444
7371
7445
7372
7446
7373
7447
7374
7448
7375
7449
7376
7450
7377
7451
7378
7452
7379
7453
7380
7454
7381
7455
7382
7456
7383
7457
7384
7458
7385
7459
7386
7460
7387
7461
7388
7462
7389
7463
7390
7464
7391
7465
7392
7466
7393
7467
7394
7468
7395
7469
7396
7470
7397
7471
7398
7472
7399
7473
7400
7474
7401
7475
7402
7476
7403
7477
7404
7478
7405
7479
7406
7480
7407
7481
7408
7482
7409
7483
7410
7484
7411
7485
7412
7486
7413
7487
7414
7488
7415
7489
7416
7490
7417
7491
7418
7492
7419
7493
7420
7494
7421
7495
7422
7496
7423
7497
7424
7498
7499
7426
7500
7427
7501
7428
7502
7429
7503
7430
7504
7431
7505
7432
7506
7433
7507
7434
7508
7435
7509
7436
7510
7437
7511
7438
7512
7439
7513
7440
7514
7441
7515
7442
7516
7443
7517
7444
7518
7445
7519
7446
7520
7447
7521
7448
7522
7449
7523
7450
7524
7451
7525
7452
7526
7453
7527
7454
7528
7455
7529
7456
7530
7457
7531
7458
7532
7459
7533
7460
7534
7461
7535
7462
7536
7463
7537
7464
7538
7465
7539
7466
7540
7467
7541
7468
7542
7469
7543
7470
7544
7471
7545
7472
7546
7473
7547
7474
7548
7475
7549
7476
7550
7477
7551
7478
7552
7479
7553
7480
7554
7481
7555
7482
7556
7483
7557
7484
7558
7485
7559
7486
7560
7487
7561
7488
7562
7489
7563
7490
7564
7491
7565
7492
7566
7493
7567
7494
7568
7495
7569
7496
7570
7497
7571
7498
7572
7499
7573
7574
7501
7575
7502
7576
7503
7577
7504
7578
7505
7579
7506
7580
7507
7581
7508
7582
7509
7583
7510
7584
7511
7585
7512
7586
7513
7587
7514
7588
7515
7589
7516
7590
7517
7591
7518
7592
7519
7593
7520
7594
7521
7595
7522
7596
7523
7597
7524
7598
7525
7599
7526
7600
7527
7601
7528
7602
7529
7603
7530
7604
7531
7605
7532
7606
7533
7607
7534
7608
7535
7609
7536
7610
7537
7611
7538
7612
7539
7613
7540
7614
7541
7615
7542
7616
7543
7617
7544
7618
7545
7619
7546
7620
7547
7621
7548
7622
7549
7623
7550
7624
7551
7625
7552
7626
7553
7627
7554
7628
7555
7629
7556
7630
7557
7631
7558
7632
7559
7633
7560
7634
7561
7635
7562
7636
7563
7637
7564
7638
7565
7639
7566
7640
7567
7641
7568
7642
7569
7643
7570
7644
7571
7645
7572
7646
7573
7647
7574
7648
7649
7576
7650
7577
7651
7578
7652
7579
7653
7580
7654
7581
7655
7582
7656
7583
7657
7584
7658
7585
7659
7586
7660
7587
7661
7588
7662
7589
7663
7590
7664
7591
7665
7592
7666
7593
7667
7594
7668
7595
7669
7596
7670
7597
7671
7598
7672
7599
7673
7600
7674
7601
7675
7602
7676
7603
7677
7604
7678
7605
7679
7606
7680
7607
7681
7608
7682
7609
7683
7610
7684
7611
7685
7612
7686
7613
7687
7614
7688
7615
7689
7616
7690
7617
7691
7618
7692
7619
7693
7620
7694
7621
7695
7622
7696
7623
7697
7624
7698
7625
7699
7626
7700
7627
7701
7628
7702
7629
7703
7630
7704
7631
7705
7632
7706
7633
7707
7634
7708
7635
7709
7636
7710
7637
7711
7638
7712
7639
7713
7640
7714
7641
7715
7642
7716
7643
7717
7644
7718
7645
7719
7646
7720
7647
7721
7648
7722
7649
7723
7724
7651
7725
7652
7726
7653
7727
7654
7728
7655
7729
7656
7730
7657
7731
7658
7732
7659
7733
7660
7734
7661
7735
7662
7736
7663
7737
7664
7738
7665
7739
7666
7740
7667
7741
7668
7742
7669
7743
7670
7744
7671
7745
7672
7746
7673
7747
7674
7748
7675
7749
7676
7750
7677
7751
7678
7752
7679
7753
7680
7754
7681
7755
7682
7756
7683
7757
7684
7758
7685
7759
7686
7760
7687
7761
7688
7762
7689
7763
7690
7764
7691
7765
7692
7766
7693
7767
7694
7768
7695
7769
7696
7770
7697
7771
7698
7772
7699
7773
7700
7774
7701
7775
7702
7776
7703
7777
7704
7778
7705
7779
7706
7780
7707
7781
7708
7782
7709
7783
7710
7784
7711
7785
7712
7786
7713
7787
7714
7788
7715
7789
7716
7790
7717
7791
7718
7792
7719
7793
7720
7794
7721
7795
7722
7796
7723
7797
7724
7798
7799
7726
7800
7727
7801
7728
7802
7729
7803
7730
7804
7731
7805
7732
7806
7733
7807
7734
7808
7735
7809
7736
7810
7737
7811
7738
7812
7739
7813
7740
7814
7741
7815
7742
7816
7743
7817
7744
7818
7745
7819
7746
7820
7747
7821
7748
7822
7749
7823
7750
7824
7751
7825
7752
7826
7753
7827
7754
7828
7755
7829
7756
7830
7757
7831
7758
7832
7759
7833
7760
7834
7761
7835
7762
7836
7763
7837
7764
7838
7765
7839
7766
7840
7767
7841
7768
7842
7769
7843
7770
7844
7771
7845
7772
7846
7773
7847
7774
7848
7775
7849
7776
7850
7777
7851
7778
7852
7779
7853
7780
7854
7781
7855
7782
7856
7783
7857
7784
7858
7785
7859
7786
7860
7787
7861
7788
7862
7789
7863
7790
7864
7791
7865
7792
7866
7793
7867
7794
7868
7795
7869
7796
7870
7797
7871
7798
7872
7799
7873
7874
7801
7875
7802
7876
7803
7877
7804
7878
7805
7879
7806
7880
7807
7881
7808
7882
7809
7883
7810
7884
7811
7885
7812
7886
7813
7887
7814
7888
7815
7889
7816
7890
7817
7891
7818
7892
7819
7893
7820
7894
7821
7895
7822
7896
7823
7897
7824
7898
7825
7899
7826
7900
7827
7901
7828
7902
7829
7903
7830
7904
7831
7905
7832
7906
7833
7907
7834
7908
7835
7909
7836
7910
7837
7911
7838
7912
7839
7913
7840
7914
7841
7915
7842
7916
7843
7917
7844
7918
7845
7919
7846
7920
7847
7921
7848
7922
7849
7923
7850
7924
7851
7925
7852
7926
7853
7927
7854
7928
7855
7929
7856
7930
7857
7931
7858
7932
7859
7933
7860
7934
7861
7935
7862
7936
7863
7937
7864
7938
7865
7939
7866
7940
7867
7941
7868
7942
7869
7943
7870
7944
7871
7945
7872
7946
7873
7947
7874
7948
7949
7876
7950
7877
7951
7878
7952
7879
7953
7880
7954
7881
7955
7882
7956
7883
7957
7884
7958
7885
7959
7886
7960
7887
7961
7888
7962
7889
7963
7890
7964
7891
7965
7892
7966
7893
7967
7894
7968
7895
7969
7896
7970
7897
7971
7898
7972
7899
7973
7900
7974
7901
7975
7902
7976
7903
7977
7904
7978
7905
7979
7906
7980
7907
7981
7908
7982
7909
7983
7910
7984
7911
7985
7912
7986
7913
7987
7914
7988
7915
7989
7916
7990
7917
7991
7918
7992
7919
7993
7920
7994
7921
7995
7922
7996
7923
7997
7924
7998
7925
7999
7926
8000
7927
8001
7928
8002
7929
8003
7930
8004
7931
8005
7932
8006
7933
8007
7934
8008
7935
8009
7936
8010
7937
8011
7938
8012
7939
8013
7940
8014
7941
8015
7942
8016
7943
8017
7944
8018
7945
8019
7946
8020
7947
8021
7948
8022
7949
8023
8024
7951
8025
7952
8026
7953
8027
7954
8028
7955
8029
7956
8030
7957
8031
7958
8032
7959
8033
7960
8034
7961
8035
7962
8036
7963
8037
7964
8038
7965
8039
7966
8040
7967
8041
7968
8042
7969
8043
7970
8044
7971
8045
7972
8046
7973
8047
7974
8048
7975
8049
7976
8050
7977
8051
7978
8052
7979
8053
7980
8054
7981
8055
7982
8056
7983
8057
7984
8058
7985
8059
7986
8060
7987
8061
7988
8062
7989
8063
7990
8064
7991
8065
7992
8066
7993
8067
7994
8068
7995
8069
7996
8070
7997
8071
7998
8072
7999
8073
8000
8074
8001
8075
8002
8076
8003
8077
8004
8078
8005
8079
8006
8080
8007
8081
8008
8082
8009
8083
8010
8084
8011
8085
8012
8086
8013
8087
8014
8088
8015
8089
8016
8090
8017
8091
8018
8092
8019
8093
8020
8094
8021
8095
8022
8096
8023
8097
8024
8098
8099
8026
8100
8027
8101
8028
8102
8029
8103
8030
8104
8031
8105
8032
8106
8033
8107
8034
8108
8035
8109
8036
8110
8037
8111
8038
8112
8039
8113
8040
8114
8041
8115
8042
8116
8043
8117
8044
8118
8045
8119
8046
8120
8047
8121
8048
8122
8049
8123
8050
8124
8051
8125
8052
8126
8053
8127
8054
8128
8055
8129
8056
8130
8057
8131
8058
8132
8059
8133
8060
8134
8061
8135
8062
8136
8063
8137
8064
8138
8065
8139
8066
8140
8067
8141
8068
8142
8069
8143
8070
8144
8071
8145
8072
8146
8073
8147
8074
8148
8075
8149
8076
8150
8077
8151
8078
8152
8079
8153
8080
8154
8081
8155
8082
8156
8083
8157
8084
8158
8085
8159
8086
8160
8087
8161
8088
8162
8089
8163
8090
8164
8091
8165
8092
8166
8093
8167
8094
8168
8095
8169
8096
8170
8097
8171
8098
8172
8099
8173
8174
8101
8175
8102
8176
8103
8177
8104
8178
8105
8179
8106
8180
8107
8181
8108
8182
8109
8183
8110
8184
8111
8185
8112
8186
8113
8187
8114
8188
8115
8189
8116
8190
8117
8191
8118
8192
8119
8193
8120
8194
8121
8195
8122
8196
8123
8197
8124
8198
8125
8199
8126
8200
8127
8201
8128
8202
8129
8203
8130
8204
8131
8205
8132
8206
8133
8207
8134
8208
8135
8209
8136
8210
8137
8211
8138
8212
8139
8213
8140
8214
8141
8215
8142
8216
8143
8217
8144
8218
8145
8219
8146
8220
8147
8221
8148
8222
8149
8223
8150
8224
8151
8225
8152
8226
8153
8227
8154
8228
8155
8229
8156
8230
8157
8231
8158
8232
8159
8233
8160
8234
8161
8235
8162
8236
8163
8237
8164
8238
8165
8239
8166
8240
8167
8241
8168
8242
8169
8243
8170
8244
8171
8245
8172
8246
8173
8247
8174
8248
8249
8176
8250
8177
8251
8178
8252
8179
8253
8180
8254
8181
8255
8182
8256
8183
8257
8184
8258
8185
8259
8186
8260
8187
8261
8188
8262
8189
8263
8190
8264
8191
8265
8192
8266
8193
8267
8194
8268
8195
8269
8196
8270
8197
8271
8198
8272
8199
8273
8200
8274
8201
8275
8202
8276
8203
8277
8204
8278
8205
8279
8206
8280
8207
8281
8208
8282
8209
8283
8210
8284
8211
8285
8212
8286
8213
8287
8214
8288
8215
8289
8216
8290
8217
8291
8218
8292
8219
8293
8220
8294
8221
8295
8222
8296
8223
8297
8224
8298
8225
8299
8226
8300
8227
8301
8228
8302
8229
8303
8230
8304
8231
8305
8232
8306
8233
8307
8234
8308
8235
8309
8236
8310
8237
8311
8238
8312
8239
8313
8240
8314
8241
8315
8242
8316
8243
8317
8244
8318
8245
8319
8246
8320
8247
8321
8248
8322
8249
8323
8324
8251
8325
8252
8326
8253
8327
8254
8328
8255
8329
8256
8330
8257
8331
8258
8332
8259
8333
8260
8334
8261
8335
8262
8336
8263
8337
8264
8338
8265
8339
8266
8340
8267
8341
8268
8342
8269
8343
8270
8344
8271
8345
8272
8346
8273
8347
8274
8348
8275
8349
8276
8350
8277
8351
8278
8352
8279
8353
8280
8354
8281
8355
8282
8356
8283
8357
8284
8358
8285
8359
8286
8360
8287
8361
8288
8362
8289
8363
8290
8364
8291
8365
8292
8366
8293
8367
8294
8368
8295
8369
8296
8370
8297
8371
8298
8372
8299
8373
8300
8374
8301
8375
8302
8376
8303
8377
8304
8378
8305
8379
8306
8380
8307
8381
8308
8382
8309
8383
8310
8384
8311
8385
8312
8386
8313
8387
8314
8388
8315
8389
8316
8390
8317
8391
8318
8392
8319
8393
8320
8394
8321
8395
8322
8396
8323
8397
8324
8398
8399
8326
8400
8327
8401
8328
8402
8329
8403
8330
8404
8331
8405
8332
8406
8333
8407
8334
8408
8335
8409
8336
8410
8337
8411
8338
8412
8339
8413
8340
8414
8341
8415
8342
8416
8343
8417
8344
8418
8345
8419
8346
8420
8347
8421
8348
8422
8349
8423
8350
8424
8351
8425
8352
8426
8353
8427
8354
8428
8355
8429
8356
8430
8357
8431
8358
8432
8359
8433
8360
8434
8361
8435
8362
8436
8363
8437
8364
8438
8365
8439
8366
8440
8367
8441
8368
8442
8369
8443
8370
8444
8371
8445
8372
8446
8373
8447
8374
8448
8375
8449
8376
8450
8377
8451
8378
8452
8379
8453
8380
8454
8381
8455
8382
8456
8383
8457
8384
8458
8385
8459
8386
8460
8387
8461
8388
8462
8389
8463
8390
8464
8391
8465
8392
8466
8393
8467
8394
8468
8395
8469
8396
8470
8397
8471
8398
8472
8399
8473
8474
8401
8402
8403
8404
8405
8406
8407
8408
8409
8410
8411
8412
8413
8414
8415
8416
8417
8418
8419
8420
8421
8422
8423
8424
8425
8426
8427
8428
8429
8430
8431
8432
8433
8434
8435
8436
8437
8438
8439
8440
8441
8442
8443
8444
8445
8446
8447
8448
8449
8450
8451
8452
8453
8454
8455
8456
8457
8458
8459
8460
8461
8462
8463
8464
8465
8466
8467
8468
8469
8470
8471
8472
8473
8474
)


// ************************************************************************* //
