6.25e-05 7.53856e-05
0.000125 7.19642e-05
0.0001875 6.9032e-05
0.00025 6.83713e-05
0.0003125 6.89096e-05
0.000375 7.01887e-05
0.0004375 7.12721e-05
0.0005 7.10942e-05
0.0005625 7.13954e-05
0.000625 7.19181e-05
0.0006875 7.24338e-05
0.00075 7.2926e-05
0.0008125 7.3457e-05
0.000875 7.40806e-05
0.0009375 7.47966e-05
0.001 7.54457e-05
0.0010625 7.64043e-05
0.001125 7.74077e-05
0.0011875 7.83795e-05
0.00125 7.93209e-05
0.0013125 8.02009e-05
0.001375 8.10752e-05
0.0014375 8.1832e-05
0.0015 8.25698e-05
0.0015625 8.33101e-05
0.001625 8.40442e-05
0.0016875 8.47615e-05
0.00175 8.54766e-05
0.0018125 8.61816e-05
0.001875 8.68827e-05
0.0019375 8.7577e-05
0.002 8.82594e-05
0.0020625 8.89359e-05
0.002125 8.95864e-05
0.0021875 9.02196e-05
0.00225 9.08274e-05
0.0023125 9.14291e-05
0.002375 9.20163e-05
0.0024375 9.25904e-05
0.0025 9.31565e-05
0.0025625 9.37125e-05
0.002625 9.42632e-05
0.0026875 9.4806e-05
0.00275 9.53415e-05
0.0028125 9.58685e-05
0.002875 9.63819e-05
0.0029375 9.68919e-05
0.003 9.7389e-05
0.0030625 9.78808e-05
0.003125 9.83625e-05
0.0031875 9.88373e-05
0.00325 9.93056e-05
0.0033125 9.97672e-05
0.003375 0.000100224
0.0034375 0.000100674
0.0035 0.000101121
0.0035625 0.000101558
0.003625 0.000101992
0.0036875 0.000102418
0.00375 0.00010284
0.0038125 0.000103261
0.003875 0.000103674
0.0039375 0.000104085
0.004 0.000104488
0.0040625 0.000104891
0.004125 0.000105289
0.0041875 0.000105685
0.00425 0.000106077
0.0043125 0.000106468
0.004375 0.000106856
0.0044375 0.00010724
0.0045 0.000107621
0.0045625 0.000107998
0.004625 0.000108371
0.0046875 0.00010874
0.00475 0.000109109
0.0048125 0.000109476
0.004875 0.000109839
0.0049375 0.000110202
0.005 0.00011056
0.0050625 0.000110919
0.005125 0.000111274
0.0051875 0.00011163
0.00525 0.000111984
0.0053125 0.000112337
0.005375 0.00011269
0.0054375 0.000113039
0.0055 0.000113389
0.0055625 0.000113735
0.005625 0.000114082
0.0056875 0.000114427
0.00575 0.00011477
0.0058125 0.000115113
0.005875 0.000115453
0.0059375 0.000115794
0.006 0.000116131
0.0060625 0.00011647
0.006125 0.000116806
0.0061875 0.000117143
0.00625 0.000117479
0.0063125 0.000117812
0.006375 0.000118147
0.0064375 0.000118479
0.0065 0.000118812
0.0065625 0.000119141
0.006625 0.000119475
0.0066875 0.000119807
0.00675 0.000120137
0.0068125 0.000120469
0.006875 0.000120798
0.0069375 0.000121129
0.007 0.000121457
0.0070625 0.000121786
0.007125 0.000122113
0.0071875 0.000122441
0.00725 0.000122767
0.0073125 0.000123093
0.007375 0.000123418
0.0074375 0.000123742
0.0075 0.000124067
0.0075625 0.000124388
0.007625 0.000124712
0.0076875 0.000125034
0.00775 0.000125355
0.0078125 0.000125677
0.007875 0.000125996
0.0079375 0.000126317
0.008 0.000126635
0.0080625 0.000126955
0.008125 0.000127273
0.0081875 0.000127591
0.00825 0.000127909
0.0083125 0.000128226
0.008375 0.000128544
0.0084375 0.00012886
0.0085 0.000129177
0.0085625 0.000129492
0.008625 0.000129808
0.0086875 0.000130124
0.00875 0.000130438
0.0088125 0.000130754
0.008875 0.000131067
0.0089375 0.000131382
0.009 0.000131694
0.0090625 0.000132009
0.009125 0.000132322
0.0091875 0.000132635
0.00925 0.000132948
0.0093125 0.00013326
0.009375 0.000133573
0.0094375 0.000133884
0.0095 0.000134197
0.0095625 0.000134507
0.009625 0.000134818
0.0096875 0.00013513
0.00975 0.00013544
0.0098125 0.000135752
0.009875 0.000136062
0.0099375 0.000136374
0.01 0.000136683
0.0100625 0.000136994
0.010125 0.000137304
0.0101875 0.000137614
0.01025 0.000137924
0.0103125 0.000138233
0.010375 0.000138543
0.0104375 0.000138851
0.0105 0.000139161
0.0105625 0.000139469
0.010625 0.000139778
0.0106875 0.000140087
0.01075 0.000140395
0.0108125 0.000140705
0.010875 0.000141012
0.0109375 0.000141321
0.011 0.000141628
0.0110625 0.000141937
0.011125 0.000142244
0.0111875 0.000142552
0.01125 0.00014286
0.0113125 0.000143167
0.011375 0.000143475
0.0114375 0.000143781
0.0115 0.00014409
0.0115625 0.000144396
0.011625 0.000144704
0.0116875 0.000145011
0.01175 0.000145317
0.0118125 0.000145625
0.011875 0.000145931
0.0119375 0.00014624
0.012 0.000146546
0.0120625 0.000146854
0.012125 0.000147162
0.0121875 0.000147469
0.01225 0.000147777
0.0123125 0.000148083
0.012375 0.000148391
0.0124375 0.000148697
0.0125 0.000149005
0.0125625 0.000149312
0.012625 0.000149619
0.0126875 0.000149926
0.01275 0.000150232
0.0128125 0.00015054
0.012875 0.000150846
0.0129375 0.000151154
0.013 0.000151459
0.0130625 0.000151766
0.013125 0.000152073
0.0131875 0.000152379
0.01325 0.000152687
0.0133125 0.000152992
0.013375 0.0001533
0.0134375 0.000153605
0.0135 0.000153912
0.0135625 0.000154218
0.013625 0.000154525
0.0136875 0.000154832
0.01375 0.000155138
0.0138125 0.000155445
0.013875 0.00015575
0.0139375 0.000156058
0.014 0.000156363
0.0140625 0.00015667
0.014125 0.000156977
0.0141875 0.000157282
0.01425 0.00015759
0.0143125 0.000157895
0.014375 0.000158202
0.0144375 0.000158507
0.0145 0.000158815
0.0145625 0.000159121
0.014625 0.000159427
0.0146875 0.000159734
0.01475 0.00016004
0.0148125 0.000160347
0.014875 0.000160652
0.0149375 0.00016096
0.015 0.000161265
0.0150625 0.000161572
0.015125 0.000161879
0.0151875 0.000162185
0.01525 0.000162492
0.0153125 0.000162797
0.015375 0.000163105
0.0154375 0.00016341
0.0155 0.000163718
0.0155625 0.000164024
0.015625 0.000164331
0.0156875 0.000164638
0.01575 0.000164943
0.0158125 0.000165251
0.015875 0.000165556
0.0159375 0.000165864
0.016 0.000166169
0.0160625 0.000166476
0.016125 0.000166783
0.0161875 0.000167089
0.01625 0.000167396
0.0163125 0.000167701
0.016375 0.000168008
0.0164375 0.000168313
0.0165 0.00016862
0.0165625 0.000168927
0.016625 0.000169233
0.0166875 0.00016954
0.01675 0.000169845
0.0168125 0.000170153
0.016875 0.000170458
0.0169375 0.000170766
0.017 0.000171071
0.0170625 0.000171378
0.017125 0.000171685
0.0171875 0.00017199
0.01725 0.000172298
0.0173125 0.000172603
0.017375 0.000172911
0.0174375 0.000173216
0.0175 0.000173523
0.0175625 0.000173829
0.017625 0.000174136
0.0176875 0.000174443
0.01775 0.000174748
0.0178125 0.000175056
0.017875 0.000175361
0.0179375 0.000175669
0.018 0.000175975
0.0180625 0.000176282
0.018125 0.00017659
0.0181875 0.000176895
0.01825 0.000177203
0.0183125 0.000177509
0.018375 0.000177817
0.0184375 0.000178122
0.0185 0.00017843
0.0185625 0.000178737
0.018625 0.000179044
0.0186875 0.000179352
0.01875 0.000179658
0.0188125 0.000179966
0.018875 0.000180272
0.0189375 0.000180581
0.019 0.000180888
0.0190625 0.000181196
0.019125 0.000181504
0.0191875 0.00018181
0.01925 0.000182119
0.0193125 0.000182425
0.019375 0.000182734
0.0194375 0.00018304
0.0195 0.000183349
0.0195625 0.000183657
0.019625 0.000183964
0.0196875 0.000184272
0.01975 0.000184579
0.0198125 0.000184888
0.019875 0.000185194
0.0199375 0.000185504
0.02 0.000185811
0.0200625 0.000186119
0.020125 0.000186428
0.0201875 0.000186735
0.02025 0.000187044
0.0203125 0.000187351
0.020375 0.000187661
0.0204375 0.000187968
0.0205 0.000188277
0.0205625 0.000188586
0.020625 0.000188894
0.0206875 0.000189203
0.02075 0.000189511
0.0208125 0.000189821
0.020875 0.000190128
0.0209375 0.000190437
0.021 0.000190746
0.0210625 0.000191054
0.021125 0.000191364
0.0211875 0.000191671
0.02125 0.000191981
0.0213125 0.000192288
0.021375 0.000192598
0.0214375 0.000192906
0.0215 0.000193215
0.0215625 0.000193524
0.021625 0.000193833
0.0216875 0.000194143
0.02175 0.00019445
0.0218125 0.000194761
0.021875 0.000195068
0.0219375 0.000195377
0.022 0.000195685
0.0220625 0.000195994
0.022125 0.000196303
0.0221875 0.000196611
0.02225 0.000196921
0.0223125 0.000197228
0.022375 0.000197538
0.0224375 0.000197846
0.0225 0.000198155
0.0225625 0.000198464
0.022625 0.000198773
0.0226875 0.000199082
0.02275 0.00019939
0.0228125 0.000199701
0.022875 0.000200008
0.0229375 0.000200318
0.023 0.000200627
0.0230625 0.000200936
0.023125 0.000201246
0.0231875 0.000201554
0.02325 0.000201865
0.0233125 0.000202173
0.023375 0.000202483
0.0234375 0.000202792
0.0235 0.000203102
0.0235625 0.000203412
0.023625 0.00020372
0.0236875 0.000204031
0.02375 0.000204339
0.0238125 0.00020465
0.023875 0.000204958
0.0239375 0.000205268
0.024 0.000205578
0.0240625 0.000205887
0.024125 0.000206198
0.0241875 0.000206507
0.02425 0.000206817
0.0243125 0.000207126
0.024375 0.000207437
0.0244375 0.000207746
0.0245 0.000208057
0.0245625 0.000208367
0.024625 0.000208677
0.0246875 0.000208988
0.02475 0.000209297
0.0248125 0.000209609
0.024875 0.000209918
0.0249375 0.000210229
0.025 0.000210539
0.0250625 0.000210849
0.025125 0.000211161
0.0251875 0.00021147
0.02525 0.000211782
0.0253125 0.000212091
0.025375 0.000212403
0.0254375 0.000212713
0.0255 0.000213024
0.0255625 0.000213336
0.025625 0.000213646
0.0256875 0.000213958
0.02575 0.000214268
0.0258125 0.000214581
0.025875 0.000214891
0.0259375 0.000215203
0.026 0.000215515
0.0260625 0.000215826
0.026125 0.000216138
0.0261875 0.000216449
0.02625 0.000216761
0.0263125 0.000217071
0.026375 0.000217384
0.0264375 0.000217695
0.0265 0.000218007
0.0265625 0.000218319
0.026625 0.00021863
0.0266875 0.000218943
0.02675 0.000219254
0.0268125 0.000219567
0.026875 0.000219877
0.0269375 0.000220189
0.027 0.000220501
0.0270625 0.000220812
0.027125 0.000221125
0.0271875 0.000221435
0.02725 0.000221748
0.0273125 0.000222059
0.027375 0.000222371
0.0274375 0.000222683
0.0275 0.000222995
0.0275625 0.000223308
0.027625 0.000223619
0.0276875 0.000223932
0.02775 0.000224242
0.0278125 0.000224556
0.027875 0.000224867
0.0279375 0.00022518
0.028 0.000225492
0.0280625 0.000225804
0.028125 0.000226117
0.0281875 0.000226429
0.02825 0.000226742
0.0283125 0.000227053
0.028375 0.000227367
0.0284375 0.000227679
0.0285 0.000227992
0.0285625 0.000228305
0.028625 0.000228617
0.0286875 0.000228931
0.02875 0.000229242
0.0288125 0.000229557
0.028875 0.000229869
0.0289375 0.000230182
0.029 0.000230496
0.0290625 0.000230808
0.029125 0.000231122
0.0291875 0.000231434
0.02925 0.000231748
0.0293125 0.00023206
0.029375 0.000232374
0.0294375 0.000232687
0.0295 0.000233
0.0295625 0.000233314
0.029625 0.000233626
0.0296875 0.00023394
0.02975 0.000234252
0.0298125 0.000234567
0.029875 0.000234879
0.0299375 0.000235193
0.03 0.000235507
0.0300625 0.000235819
0.030125 0.000236134
0.0301875 0.000236446
0.03025 0.000236761
0.0303125 0.000237073
0.030375 0.000237387
0.0304375 0.000237702
0.0305 0.000238015
0.0305625 0.000238329
0.030625 0.000238642
0.0306875 0.000238957
0.03075 0.00023927
0.0308125 0.000239585
0.030875 0.000239899
0.0309375 0.000240212
0.031 0.000240527
0.0310625 0.00024084
0.031125 0.000241156
0.0311875 0.000241469
0.03125 0.000241785
0.0313125 0.000242098
0.031375 0.000242413
0.0314375 0.000242728
0.0315 0.000243042
0.0315625 0.000243357
0.031625 0.00024367
0.0316875 0.000243986
0.03175 0.000244299
0.0318125 0.000244614
0.031875 0.000244929
0.0319375 0.000245243
0.032 0.000245559
0.0320625 0.000245872
0.032125 0.000246188
0.0321875 0.000246501
0.03225 0.000246818
0.0323125 0.000247132
0.032375 0.000247447
0.0324375 0.000247762
0.0325 0.000248077
0.0325625 0.000248393
0.032625 0.000248707
0.0326875 0.000249023
0.03275 0.000249337
0.0328125 0.000249653
0.032875 0.000249968
0.0329375 0.000250283
0.033 0.000250599
0.0330625 0.000250913
0.033125 0.00025123
0.0331875 0.000251544
0.03325 0.000251861
0.0333125 0.000252175
0.033375 0.000252491
0.0334375 0.000252807
0.0335 0.000253122
0.0335625 0.000253439
0.033625 0.000253753
0.0336875 0.00025407
0.03375 0.000254385
0.0338125 0.000254701
0.033875 0.000255017
0.0339375 0.000255333
0.034 0.00025565
0.0340625 0.000255965
0.034125 0.000256282
0.0341875 0.000256597
0.03425 0.000256914
0.0343125 0.00025723
0.034375 0.000257546
0.0344375 0.000257863
0.0345 0.000258178
0.0345625 0.000258496
0.034625 0.000258811
0.0346875 0.000259129
0.03475 0.000259444
0.0348125 0.000259761
0.034875 0.000260078
0.0349375 0.000260394
0.035 0.000260711
0.0350625 0.000261027
0.035125 0.000261344
0.0351875 0.00026166
0.03525 0.000261978
0.0353125 0.000262294
0.035375 0.000262611
0.0354375 0.000262929
0.0355 0.000263244
0.0355625 0.000263562
0.035625 0.000263878
0.0356875 0.000264196
0.03575 0.000264512
0.0358125 0.00026483
0.035875 0.000265147
0.0359375 0.000265464
0.036 0.000265782
0.0360625 0.000266098
0.036125 0.000266416
0.0361875 0.000266731
0.03625 0.000267049
0.0363125 0.000267366
0.036375 0.000267683
0.0364375 0.000268001
0.0365 0.000268318
0.0365625 0.000268636
0.036625 0.000268952
0.0366875 0.000269271
0.03675 0.000269587
0.0368125 0.000269905
0.036875 0.000270223
0.0369375 0.00027054
0.037 0.000270859
0.0370625 0.000271175
0.037125 0.000271494
0.0371875 0.000271811
0.03725 0.000272129
0.0373125 0.000272447
0.037375 0.000272765
0.0374375 0.000273083
0.0375 0.0002734
0.0375625 0.000273719
0.037625 0.000274036
0.0376875 0.000274355
0.03775 0.000274673
0.0378125 0.000274991
0.037875 0.00027531
0.0379375 0.000275627
0.038 0.000275947
0.0380625 0.000276264
0.038125 0.000276583
0.0381875 0.0002769
0.03825 0.000277219
0.0383125 0.000277538
0.038375 0.000277856
0.0384375 0.000278175
0.0385 0.000278493
0.0385625 0.000278813
0.038625 0.00027913
0.0386875 0.00027945
0.03875 0.000279768
0.0388125 0.000280087
0.038875 0.000280406
0.0389375 0.000280724
0.039 0.000281044
0.0390625 0.000281362
0.039125 0.000281682
0.0391875 0.000281999
0.03925 0.000282319
0.0393125 0.000282638
0.039375 0.000282957
0.0394375 0.000283277
0.0395 0.000283595
0.0395625 0.000283915
0.039625 0.000284233
0.0396875 0.000284554
0.03975 0.000284872
0.0398125 0.000285192
0.039875 0.000285512
0.0399375 0.00028583
0.04 0.000286151
0.0400625 0.000286469
0.040125 0.00028679
0.0401875 0.000287108
0.04025 0.000287428
0.0403125 0.000287748
0.040375 0.000288067
0.0404375 0.000288387
0.0405 0.000288706
0.0405625 0.000289027
0.040625 0.000289345
0.0406875 0.000289665
0.04075 0.000289985
0.0408125 0.000290304
0.040875 0.000290625
0.0409375 0.000290943
0.041 0.000291264
0.0410625 0.000291583
0.041125 0.000291904
0.0411875 0.000292223
0.04125 0.000292543
0.0413125 0.000292864
0.041375 0.000293183
0.0414375 0.000293505
0.0415 0.000293824
0.0415625 0.000294145
0.041625 0.000294464
0.0416875 0.000294785
0.04175 0.000295105
0.0418125 0.000295425
0.041875 0.000295746
0.0419375 0.000296066
0.042 0.000296387
0.0420625 0.000296706
0.042125 0.000297028
0.0421875 0.000297348
0.04225 0.000297668
0.0423125 0.00029799
0.042375 0.000298309
0.0424375 0.000298631
0.0425 0.000298951
0.0425625 0.000299272
0.042625 0.000299592
0.0426875 0.000299913
0.04275 0.000300234
0.0428125 0.000300555
0.042875 0.000300876
0.0429375 0.000301196
0.043 0.000301518
0.0430625 0.000301838
0.043125 0.00030216
0.0431875 0.00030248
0.04325 0.000302802
0.0433125 0.000303123
0.043375 0.000303444
0.0434375 0.000303766
0.0435 0.000304086
0.0435625 0.000304408
0.043625 0.000304728
0.0436875 0.00030505
0.04375 0.000305372
0.0438125 0.000305693
0.043875 0.000306015
0.0439375 0.000306336
0.044 0.000306658
0.0440625 0.000306978
0.044125 0.000307301
0.0441875 0.000307622
0.04425 0.000307944
0.0443125 0.000308266
0.044375 0.000308587
0.0444375 0.00030891
0.0445 0.00030923
0.0445625 0.000309554
0.044625 0.000309874
0.0446875 0.000310196
0.04475 0.000310518
0.0448125 0.00031084
0.044875 0.000311162
0.0449375 0.000311483
0.045 0.000311806
0.0450625 0.000312126
0.045125 0.00031245
0.0451875 0.000312771
0.04525 0.000313093
0.0453125 0.000313416
0.045375 0.000313737
0.0454375 0.00031406
0.0455 0.000314381
0.0455625 0.000314704
0.045625 0.000315025
0.0456875 0.000315348
0.04575 0.00031567
0.0458125 0.000315992
0.045875 0.000316316
0.0459375 0.000316637
0.046 0.000316961
0.0460625 0.000317282
0.046125 0.000317606
0.0461875 0.000317928
0.04625 0.000318251
0.0463125 0.000318574
0.046375 0.000318896
0.0464375 0.00031922
0.0465 0.000319542
0.0465625 0.000319866
0.046625 0.000320188
0.0466875 0.000320511
0.04675 0.000320834
0.0468125 0.000321157
0.046875 0.00032148
0.0469375 0.000321802
0.047 0.000322126
0.0470625 0.000322448
0.047125 0.000322772
0.0471875 0.000323094
0.04725 0.000323417
0.0473125 0.000323741
0.047375 0.000324063
0.0474375 0.000324388
0.0475 0.000324709
0.0475625 0.000325034
0.047625 0.000325356
0.0476875 0.00032568
0.04775 0.000326004
0.0478125 0.000326326
0.047875 0.000326651
0.0479375 0.000326973
0.048 0.000327298
0.0480625 0.00032762
0.048125 0.000327944
0.0481875 0.000328268
0.04825 0.000328591
0.0483125 0.000328915
0.048375 0.000329238
0.0484375 0.000329563
0.0485 0.000329885
0.0485625 0.00033021
0.048625 0.000330533
0.0486875 0.000330857
0.04875 0.000331182
0.0488125 0.000331505
0.048875 0.00033183
0.0489375 0.000332152
0.049 0.000332477
0.0490625 0.0003328
0.049125 0.000333124
0.0491875 0.000333448
0.04925 0.000333772
0.0493125 0.000334096
0.049375 0.000334419
0.0494375 0.000334744
0.0495 0.000335067
0.0495625 0.000335392
0.049625 0.000335716
0.0496875 0.00033604
0.04975 0.000336365
0.0498125 0.000336688
0.049875 0.000337014
0.0499375 0.000337337
0.05 0.000337662
0.0500625 0.000337985
0.050125 0.00033831
0.0501875 0.000338635
0.05025 0.000338959
0.0503125 0.000339284
0.050375 0.000339608
0.0504375 0.000339933
0.0505 0.000340257
0.0505625 0.000340583
0.050625 0.000340907
0.0506875 0.000341232
0.05075 0.000341557
0.0508125 0.000341881
0.050875 0.000342207
0.0509375 0.000342531
0.051 0.000342857
0.0510625 0.000343181
0.051125 0.000343506
0.0511875 0.000343832
0.05125 0.000344156
0.0513125 0.000344482
0.051375 0.000344806
0.0514375 0.000345133
0.0515 0.000345456
0.0515625 0.000345782
0.051625 0.000346107
0.0516875 0.000346432
0.05175 0.000346759
0.0518125 0.000347083
0.051875 0.000347409
0.0519375 0.000347733
0.052 0.00034806
0.0520625 0.000348384
0.052125 0.00034871
0.0521875 0.000349036
0.05225 0.000349361
0.0523125 0.000349687
0.052375 0.000350012
0.0524375 0.000350338
0.0525 0.000350662
0.0525625 0.000350989
0.052625 0.000351314
0.0526875 0.00035164
0.05275 0.000351966
0.0528125 0.000352291
0.052875 0.000352618
0.0529375 0.000352942
0.053 0.000353269
0.0530625 0.000353594
0.053125 0.00035392
0.0531875 0.000354246
0.05325 0.000354571
0.0533125 0.000354898
0.053375 0.000355223
0.0534375 0.00035555
0.0535 0.000355874
0.0535625 0.0003562
0.053625 0.000356526
0.0536875 0.000356852
0.05375 0.000357179
0.0538125 0.000357503
0.053875 0.00035783
0.0539375 0.000358155
0.054 0.000358482
0.0540625 0.000358808
0.054125 0.000359134
0.0541875 0.000359461
0.05425 0.000359786
0.0543125 0.000360114
0.054375 0.000360438
0.0544375 0.000360766
0.0545 0.000361091
0.0545625 0.000361418
0.054625 0.000361744
0.0546875 0.00036207
0.05475 0.000362397
0.0548125 0.000362723
0.054875 0.000363051
0.0549375 0.000363376
0.055 0.000363704
0.0550625 0.00036403
0.055125 0.000364357
0.0551875 0.000364685
0.05525 0.00036501
0.0553125 0.000365338
0.055375 0.000365664
0.0554375 0.000365992
0.0555 0.000366318
0.0555625 0.000366645
0.055625 0.000366972
0.0556875 0.000367299
0.05575 0.000367627
0.0558125 0.000367953
0.055875 0.000368281
0.0559375 0.000368607
0.056 0.000368935
0.0560625 0.000369262
0.056125 0.000369589
0.0561875 0.000369917
0.05625 0.000370243
0.0563125 0.000370572
0.056375 0.000370898
0.0564375 0.000371226
0.0565 0.000371553
0.0565625 0.00037188
0.056625 0.000372208
0.0566875 0.000372535
0.05675 0.000372863
0.0568125 0.000373189
0.056875 0.000373518
0.0569375 0.000373844
0.057 0.000374172
0.0570625 0.0003745
0.057125 0.000374827
0.0571875 0.000375155
0.05725 0.000375482
0.0573125 0.00037581
0.057375 0.000376136
0.0574375 0.000376465
0.0575 0.000376792
0.0575625 0.00037712
0.057625 0.000377448
0.0576875 0.000377775
0.05775 0.000378103
0.0578125 0.00037843
0.057875 0.000378759
0.0579375 0.000379085
0.058 0.000379413
0.0580625 0.000379741
0.058125 0.000380069
0.0581875 0.000380397
0.05825 0.000380724
0.0583125 0.000381053
0.058375 0.00038138
0.0584375 0.000381709
0.0585 0.000382036
0.0585625 0.000382364
0.058625 0.000382693
0.0586875 0.00038302
0.05875 0.000383349
0.0588125 0.000383676
0.058875 0.000384006
0.0589375 0.000384332
0.059 0.000384661
0.0590625 0.00038499
0.059125 0.000385317
0.0591875 0.000385647
0.05925 0.000385974
0.0593125 0.000386304
0.059375 0.000386631
0.0594375 0.000386961
0.0595 0.000387289
0.0595625 0.000387617
0.059625 0.000387946
0.0596875 0.000388274
0.05975 0.000388604
0.0598125 0.000388931
0.059875 0.000389261
0.0599375 0.000389589
0.06 0.000389918
0.0600625 0.000390247
0.060125 0.000390575
0.0601875 0.000390905
0.06025 0.000391233
0.0603125 0.000391563
0.060375 0.00039189
0.0604375 0.00039222
0.0605 0.000392549
0.0605625 0.000392878
0.060625 0.000393208
0.0606875 0.000393536
0.06075 0.000393866
0.0608125 0.000394194
0.060875 0.000394524
0.0609375 0.000394852
0.061 0.000395182
0.0610625 0.000395511
0.061125 0.00039584
0.0611875 0.00039617
0.06125 0.000396498
0.0613125 0.000396829
0.061375 0.000397156
0.0614375 0.000397486
0.0615 0.000397815
0.0615625 0.000398144
0.061625 0.000398474
0.0616875 0.000398802
0.06175 0.000399133
0.0618125 0.00039946
0.061875 0.000399791
0.0619375 0.000400119
0.062 0.000400449
0.0620625 0.000400779
0.062125 0.000401108
0.0621875 0.000401438
0.06225 0.000401766
0.0623125 0.000402097
0.062375 0.000402425
0.0624375 0.000402755
0.0625 0.000403085
0.0625625 0.000403414
0.062625 0.000403744
0.0626875 0.000404073
0.06275 0.000404404
0.0628125 0.000404732
0.062875 0.000405063
0.0629375 0.000405392
0.063 0.000405722
0.0630625 0.000406052
0.063125 0.000406381
0.0631875 0.000406712
0.06325 0.000407041
0.0633125 0.000407372
0.063375 0.0004077
0.0634375 0.000408031
0.0635 0.000408361
0.0635625 0.000408691
0.063625 0.000409022
0.0636875 0.000409351
0.06375 0.000409682
0.0638125 0.000410011
0.063875 0.000410343
0.0639375 0.000410672
0.064 0.000411003
0.0640625 0.000411334
0.064125 0.000411663
0.0641875 0.000411995
0.06425 0.000412324
0.0643125 0.000412655
0.064375 0.000412984
0.0644375 0.000413315
0.0645 0.000413646
0.0645625 0.000413976
0.064625 0.000414307
0.0646875 0.000414637
0.06475 0.000414968
0.0648125 0.000415297
0.064875 0.000415629
0.0649375 0.000415959
0.065 0.00041629
0.0650625 0.000416621
0.065125 0.000416951
0.0651875 0.000417283
0.06525 0.000417612
0.0653125 0.000417944
0.065375 0.000418274
0.0654375 0.000418605
0.0655 0.000418936
0.0655625 0.000419266
0.065625 0.000419598
0.0656875 0.000419928
0.06575 0.00042026
0.0658125 0.000420589
0.065875 0.000420921
0.0659375 0.000421251
0.066 0.000421582
0.0660625 0.000421914
0.066125 0.000422244
0.0661875 0.000422575
0.06625 0.000422905
0.0663125 0.000423237
0.066375 0.000423567
0.0664375 0.000423898
0.0665 0.00042423
0.0665625 0.00042456
0.066625 0.000424892
0.0666875 0.000425222
0.06675 0.000425555
0.0668125 0.000425884
0.066875 0.000426216
0.0669375 0.000426547
0.067 0.000426878
0.0670625 0.00042721
0.067125 0.000427541
0.0671875 0.000427873
0.06725 0.000428203
0.0673125 0.000428536
0.067375 0.000428866
0.0674375 0.000429198
0.0675 0.00042953
0.0675625 0.000429861
0.067625 0.000430193
0.0676875 0.000430524
0.06775 0.000430857
0.0678125 0.000431187
0.067875 0.000431519
0.0679375 0.000431851
0.068 0.000432182
0.0680625 0.000432515
0.068125 0.000432845
0.0681875 0.000433178
0.06825 0.000433509
0.0683125 0.000433842
0.068375 0.000434173
0.0684375 0.000434505
0.0685 0.000434838
0.0685625 0.000435169
0.068625 0.000435502
0.0686875 0.000435832
0.06875 0.000436166
0.0688125 0.000436496
0.068875 0.000436829
0.0689375 0.000437161
0.069 0.000437492
0.0690625 0.000437825
0.069125 0.000438156
0.0691875 0.00043849
0.06925 0.00043882
0.0693125 0.000439154
0.069375 0.000439486
0.0694375 0.000439818
0.0695 0.000440151
0.0695625 0.000440482
0.069625 0.000440815
0.0696875 0.000441146
0.06975 0.00044148
0.0698125 0.00044181
0.069875 0.000442143
0.0699375 0.000442476
0.07 0.000442807
0.0700625 0.000443141
0.070125 0.000443472
0.0701875 0.000443806
0.07025 0.000444136
0.0703125 0.00044447
0.070375 0.000444802
0.0704375 0.000445134
0.0705 0.000445468
0.0705625 0.000445799
0.070625 0.000446132
0.0706875 0.000446464
0.07075 0.000446797
0.0708125 0.000447129
0.070875 0.000447462
0.0709375 0.000447795
0.071 0.000448126
0.0710625 0.00044846
0.071125 0.000448792
0.0711875 0.000449125
0.07125 0.000449457
0.0713125 0.00044979
0.071375 0.000450123
0.0714375 0.000450455
0.0715 0.000450789
0.0715625 0.000451121
0.071625 0.000451455
0.0716875 0.000451786
0.07175 0.000452121
0.0718125 0.000452453
0.071875 0.000452786
0.0719375 0.00045312
0.072 0.000453452
0.0720625 0.000453786
0.072125 0.000454118
0.0721875 0.000454452
0.07225 0.000454784
0.0723125 0.000455118
0.072375 0.000455451
0.0724375 0.000455784
0.0725 0.000456118
0.0725625 0.00045645
0.072625 0.000456784
0.0726875 0.000457116
0.07275 0.000457451
0.0728125 0.000457783
0.072875 0.000458117
0.0729375 0.000458451
0.073 0.000458783
0.0730625 0.000459118
0.073125 0.00045945
0.0731875 0.000459785
0.07325 0.000460117
0.0733125 0.000460451
0.073375 0.000460784
0.0734375 0.000461118
0.0735 0.000461452
0.0735625 0.000461784
0.073625 0.000462119
0.0736875 0.000462451
0.07375 0.000462786
0.0738125 0.000463119
0.073875 0.000463453
0.0739375 0.000463787
0.074 0.00046412
0.0740625 0.000464454
0.074125 0.000464787
0.0741875 0.000465122
0.07425 0.000465454
0.0743125 0.000465788
0.074375 0.000466122
0.0744375 0.000466455
0.0745 0.00046679
0.0745625 0.000467123
0.074625 0.000467458
0.0746875 0.00046779
0.07475 0.000468125
0.0748125 0.000468459
0.074875 0.000468792
0.0749375 0.000469127
0.075 0.00046946
0.0750625 0.000469795
0.075125 0.000470128
0.0751875 0.000470463
0.07525 0.000470796
0.0753125 0.00047113
0.075375 0.000471464
0.0754375 0.000471798
0.0755 0.000472133
0.0755625 0.000472466
0.075625 0.000472801
0.0756875 0.000473134
0.07575 0.000473469
0.0758125 0.000473803
0.075875 0.000474137
0.0759375 0.000474472
0.076 0.000474806
0.0760625 0.000475141
0.076125 0.000475474
0.0761875 0.00047581
0.07625 0.000476143
0.0763125 0.000476478
0.076375 0.000476813
0.0764375 0.000477147
0.0765 0.000477482
0.0765625 0.000477815
0.076625 0.000478151
0.0766875 0.000478484
0.07675 0.00047882
0.0768125 0.000479154
0.076875 0.000479488
0.0769375 0.000479824
0.077 0.000480158
0.0770625 0.000480493
0.077125 0.000480827
0.0771875 0.000481163
0.07725 0.000481496
0.0773125 0.000481831
0.077375 0.000482167
0.0774375 0.000482501
0.0775 0.000482837
0.0775625 0.00048317
0.077625 0.000483506
0.0776875 0.000483839
0.07775 0.000484175
0.0778125 0.00048451
0.077875 0.000484844
0.0779375 0.00048518
0.078 0.000485514
0.0780625 0.00048585
0.078125 0.000486183
0.0781875 0.000486519
0.07825 0.000486854
0.0783125 0.000487189
0.078375 0.000487524
0.0784375 0.000487859
0.0785 0.000488195
0.0785625 0.000488528
0.078625 0.000488865
0.0786875 0.000489198
0.07875 0.000489534
0.0788125 0.000489869
0.078875 0.000490204
0.0789375 0.00049054
0.079 0.000490874
0.0790625 0.00049121
0.079125 0.000491544
0.0791875 0.000491881
0.07925 0.000492216
0.0793125 0.000492551
0.079375 0.000492887
0.0794375 0.000493221
0.0795 0.000493558
0.0795625 0.000493892
0.079625 0.000494228
0.0796875 0.000494562
0.07975 0.000494898
0.0798125 0.000495234
0.079875 0.000495569
0.0799375 0.000495905
0.08 0.00049624
0.0800625 0.000496576
0.080125 0.00049691
0.0801875 0.000497247
0.08025 0.000497583
0.0803125 0.000497918
0.080375 0.000498254
0.0804375 0.000498589
0.0805 0.000498926
0.0805625 0.00049926
0.080625 0.000499597
0.0806875 0.000499932
0.08075 0.000500268
0.0808125 0.000500604
0.080875 0.000500939
0.0809375 0.000501276
0.081 0.000501611
0.0810625 0.000501948
0.081125 0.000502282
0.0811875 0.000502619
0.08125 0.000502955
0.0813125 0.000503291
0.081375 0.000503627
0.0814375 0.000503962
0.0815 0.000504299
0.0815625 0.000504634
0.081625 0.000504971
0.0816875 0.000505306
0.08175 0.000505642
0.0818125 0.000505979
0.081875 0.000506314
0.0819375 0.000506651
0.082 0.000506986
0.0820625 0.000507323
0.082125 0.000507658
0.0821875 0.000507995
0.08225 0.000508331
0.0823125 0.000508667
0.082375 0.000509004
0.0824375 0.000509339
0.0825 0.000509676
0.0825625 0.000510011
0.082625 0.000510349
0.0826875 0.000510684
0.08275 0.000511021
0.0828125 0.000511358
0.082875 0.000511693
0.0829375 0.000512031
0.083 0.000512366
0.0830625 0.000512703
0.083125 0.000513038
0.0831875 0.000513375
0.08325 0.000513712
0.0833125 0.000514048
0.083375 0.000514385
0.0834375 0.000514721
0.0835 0.000515058
0.0835625 0.000515393
0.083625 0.000515731
0.0836875 0.000516067
0.08375 0.000516404
0.0838125 0.000516741
0.083875 0.000517077
0.0839375 0.000517414
0.084 0.00051775
0.0840625 0.000518088
0.084125 0.000518423
0.0841875 0.00051876
0.08425 0.000519097
0.0843125 0.000519434
0.084375 0.000519771
0.0844375 0.000520107
0.0845 0.000520445
0.0845625 0.00052078
0.084625 0.000521119
0.0846875 0.000521455
0.08475 0.000521792
0.0848125 0.00052213
0.084875 0.000522466
0.0849375 0.000522804
0.085 0.000523139
0.0850625 0.000523478
0.085125 0.000523813
0.0851875 0.000524151
0.08525 0.000524488
0.0853125 0.000524825
0.085375 0.000525163
0.0854375 0.000525499
0.0855 0.000525837
0.0855625 0.000526173
0.085625 0.000526511
0.0856875 0.000526848
0.08575 0.000527184
0.0858125 0.000527522
0.085875 0.000527859
0.0859375 0.000528197
0.086 0.000528533
0.0860625 0.000528871
0.086125 0.000529207
0.0861875 0.000529545
0.08625 0.000529883
0.0863125 0.000530219
0.086375 0.000530558
0.0864375 0.000530894
0.0865 0.000531232
0.0865625 0.000531568
0.086625 0.000531906
0.0866875 0.000532244
0.08675 0.000532581
0.0868125 0.000532919
0.086875 0.000533255
0.0869375 0.000533594
0.087 0.00053393
0.0870625 0.000534269
0.087125 0.000534605
0.0871875 0.000534943
0.08725 0.000535281
0.0873125 0.000535618
0.087375 0.000535957
0.0874375 0.000536293
0.0875 0.000536632
0.0875625 0.000536968
0.087625 0.000537307
0.0876875 0.000537644
0.08775 0.000537981
0.0878125 0.00053832
0.087875 0.000538657
0.0879375 0.000538996
0.088 0.000539332
0.0880625 0.000539671
0.088125 0.000540008
0.0881875 0.000540346
0.08825 0.000540684
0.0883125 0.000541022
0.088375 0.00054136
0.0884375 0.000541697
0.0885 0.000542036
0.0885625 0.000542373
0.088625 0.000542711
0.0886875 0.000543049
0.08875 0.000543387
0.0888125 0.000543726
0.088875 0.000544063
0.0889375 0.000544402
0.089 0.000544739
0.0890625 0.000545078
0.089125 0.000545416
0.0891875 0.000545754
0.08925 0.000546093
0.0893125 0.00054643
0.089375 0.000546769
0.0894375 0.000547106
0.0895 0.000547445
0.0895625 0.000547782
0.089625 0.000548121
0.0896875 0.000548459
0.08975 0.000548797
0.0898125 0.000549136
0.089875 0.000549473
0.0899375 0.000549812
0.09 0.000550149
0.0900625 0.000550489
0.090125 0.000550827
0.0901875 0.000551165
0.09025 0.000551504
0.0903125 0.000551841
0.090375 0.000552181
0.0904375 0.000552518
0.0905 0.000552858
0.0905625 0.000553195
0.090625 0.000553534
0.0906875 0.000553872
0.09075 0.00055421
0.0908125 0.00055455
0.090875 0.000554887
0.0909375 0.000555227
0.091 0.000555564
0.0910625 0.000555903
0.091125 0.000556242
0.0911875 0.00055658
0.09125 0.000556919
0.0913125 0.000557257
0.091375 0.000557597
0.0914375 0.000557934
0.0915 0.000558274
0.0915625 0.000558612
0.091625 0.000558951
0.0916875 0.00055929
0.09175 0.000559628
0.0918125 0.000559968
0.091875 0.000560306
0.0919375 0.000560646
0.092 0.000560983
0.0920625 0.000561323
0.092125 0.000561661
0.0921875 0.000562
0.09225 0.000562339
0.0923125 0.000562677
0.092375 0.000563017
0.0924375 0.000563355
0.0925 0.000563695
0.0925625 0.000564033
0.092625 0.000564372
0.0926875 0.000564712
0.09275 0.00056505
0.0928125 0.00056539
0.092875 0.000565728
0.0929375 0.000566068
0.093 0.000566406
0.0930625 0.000566746
0.093125 0.000567085
0.0931875 0.000567424
0.09325 0.000567764
0.0933125 0.000568102
0.093375 0.000568442
0.0934375 0.00056878
0.0935 0.000569121
0.0935625 0.000569459
0.093625 0.000569798
0.0936875 0.000570138
0.09375 0.000570477
0.0938125 0.000570817
0.093875 0.000571155
0.0939375 0.000571495
0.094 0.000571833
0.0940625 0.000572173
0.094125 0.000572513
0.0941875 0.000572852
0.09425 0.000573192
0.0943125 0.00057353
0.094375 0.000573871
0.0944375 0.000574208
0.0945 0.000574549
0.0945625 0.000574888
0.094625 0.000575228
0.0946875 0.000575568
0.09475 0.000575906
0.0948125 0.000576247
0.094875 0.000576585
0.0949375 0.000576926
0.095 0.000577264
0.0950625 0.000577604
0.095125 0.000577944
0.0951875 0.000578283
0.09525 0.000578624
0.0953125 0.000578962
0.095375 0.000579303
0.0954375 0.000579641
0.0955 0.000579982
0.0955625 0.000580321
0.095625 0.000580661
0.0956875 0.000581001
0.09575 0.00058134
0.0958125 0.000581681
0.095875 0.000582019
0.0959375 0.000582361
0.096 0.000582699
0.0960625 0.00058304
0.096125 0.00058338
0.0961875 0.000583719
0.09625 0.00058406
0.0963125 0.000584399
0.096375 0.00058474
0.0964375 0.000585078
0.0965 0.000585419
0.0965625 0.000585759
0.096625 0.000586098
0.0966875 0.000586439
0.09675 0.000586778
0.0968125 0.000587119
0.096875 0.000587458
0.0969375 0.000587799
0.097 0.000588138
0.0970625 0.000588478
0.097125 0.000588819
0.0971875 0.000589158
0.09725 0.0005895
0.0973125 0.000589839
0.097375 0.00059018
0.0974375 0.000590518
0.0975 0.000590859
0.0975625 0.0005912
0.097625 0.000591539
0.0976875 0.00059188
0.09775 0.00059222
0.0978125 0.000592561
0.097875 0.0005929
0.0979375 0.000593241
0.098 0.000593581
0.0980625 0.000593921
0.098125 0.000594262
0.0981875 0.000594602
0.09825 0.000594943
0.0983125 0.000595282
0.098375 0.000595624
0.0984375 0.000595963
0.0985 0.000596304
0.0985625 0.000596644
0.098625 0.000596984
0.0986875 0.000597326
0.09875 0.000597665
0.0988125 0.000598006
0.098875 0.000598345
0.0989375 0.000598687
0.099 0.000599027
0.0990625 0.000599368
0.099125 0.000599709
0.0991875 0.000600049
0.09925 0.000600391
0.0993125 0.00060073
0.099375 0.000601072
0.0994375 0.000601411
0.0995 0.000601752
0.0995625 0.000602093
0.099625 0.000602433
0.0996875 0.000602775
0.09975 0.000603114
0.0998125 0.000603456
0.099875 0.000603795
0.0999375 0.000604137
0.1 0.000604478
0.100062 0.000604819
0.100125 0.00060516
0.100187 0.0006055
0.10025 0.000605842
0.100312 0.000606181
0.100375 0.000606524
0.100437 0.000606863
0.1005 0.000607205
0.100562 0.000607546
0.100625 0.000607886
0.100687 0.000608228
0.10075 0.000608568
0.100812 0.00060891
0.100875 0.000609249
0.100937 0.000609591
0.101 0.000609932
0.101062 0.000610273
0.101125 0.000610614
0.101187 0.000610955
0.10125 0.000611297
0.101312 0.000611636
0.101375 0.000611979
0.101437 0.000612319
0.1015 0.00061266
0.101562 0.000613002
0.101625 0.000613342
0.101687 0.000613684
0.10175 0.000614024
0.101812 0.000614366
0.101875 0.000614706
0.101937 0.000615048
0.102 0.000615389
0.102062 0.00061573
0.102125 0.000616072
0.102187 0.000616412
0.10225 0.000616755
0.102312 0.000617094
0.102375 0.000617437
0.102437 0.000617778
0.1025 0.000618119
0.102562 0.000618461
0.102625 0.000618802
0.102687 0.000619144
0.10275 0.000619484
0.102812 0.000619827
0.102875 0.000620167
0.102937 0.000620509
0.103 0.00062085
0.103062 0.000621191
0.103125 0.000621534
0.103187 0.000621874
0.10325 0.000622217
0.103312 0.000622557
0.103375 0.0006229
0.103437 0.000623241
0.1035 0.000623582
0.103562 0.000623924
0.103625 0.000624265
0.103687 0.000624608
0.10375 0.000624948
0.103812 0.000625291
0.103875 0.000625631
0.103937 0.000625974
0.104 0.000626315
0.104062 0.000626657
0.104125 0.000626999
0.104187 0.00062734
0.10425 0.000627683
0.104312 0.000628023
0.104375 0.000628366
0.104437 0.000628708
0.1045 0.000629049
0.104562 0.000629392
0.104625 0.000629733
0.104687 0.000630076
0.10475 0.000630416
0.104812 0.000630759
0.104875 0.0006311
0.104937 0.000631442
0.105 0.000631784
0.105062 0.000632126
0.105125 0.000632468
0.105187 0.000632809
0.10525 0.000633152
0.105312 0.000633493
0.105375 0.000633836
0.105437 0.000634177
0.1055 0.000634519
0.105562 0.000634862
0.105625 0.000635203
0.105687 0.000635546
0.10575 0.000635886
0.105812 0.00063623
0.105875 0.000636571
0.105937 0.000636913
0.106 0.000637256
0.106062 0.000637597
0.106125 0.00063794
0.106187 0.000638281
0.10625 0.000638624
0.106312 0.000638965
0.106375 0.000639308
0.106437 0.00063965
0.1065 0.000639992
0.106562 0.000640335
0.106625 0.000640676
0.106687 0.00064102
0.10675 0.00064136
0.106812 0.000641704
0.106875 0.000642045
0.106937 0.000642388
0.107 0.000642731
0.107062 0.000643072
0.107125 0.000643416
0.107187 0.000643757
0.10725 0.000644101
0.107312 0.000644441
0.107375 0.000644785
0.107437 0.000645127
0.1075 0.000645469
0.107562 0.000645812
0.107625 0.000646154
0.107687 0.000646497
0.10775 0.000646838
0.107812 0.000647182
0.107875 0.000647524
0.107937 0.000647867
0.108 0.00064821
0.108062 0.000648552
0.108125 0.000648896
0.108187 0.000649237
0.10825 0.000649581
0.108312 0.000649922
0.108375 0.000650265
0.108437 0.000650608
0.1085 0.00065095
0.108562 0.000651294
0.108625 0.000651635
0.108687 0.000651979
0.10875 0.00065232
0.108812 0.000652664
0.108875 0.000653007
0.108937 0.000653349
0.109 0.000653693
0.109062 0.000654035
0.109125 0.000654378
0.109187 0.00065472
0.10925 0.000655064
0.109312 0.000655405
0.109375 0.000655748
0.109437 0.000656092
0.1095 0.000656434
0.109562 0.000656777
0.109625 0.000657119
0.109687 0.000657463
0.10975 0.000657804
0.109812 0.000658149
0.109875 0.000658491
0.109937 0.000658834
0.11 0.000659178
0.110062 0.00065952
0.110125 0.000659864
0.110187 0.000660205
0.11025 0.000660549
0.110312 0.000660891
0.110375 0.000661235
0.110437 0.000661578
0.1105 0.00066192
0.110562 0.000662264
0.110625 0.000662606
0.110687 0.000662951
0.11075 0.000663292
0.110812 0.000663636
0.110875 0.000663979
0.110937 0.000664322
0.111 0.000664666
0.111062 0.000665008
0.111125 0.000665353
0.111187 0.000665694
0.11125 0.000666039
0.111312 0.000666381
0.111375 0.000666725
0.111437 0.000667068
0.1115 0.000667411
0.111562 0.000667755
0.111625 0.000668097
0.111687 0.000668442
0.11175 0.000668784
0.111812 0.000669128
0.111875 0.000669471
0.111937 0.000669814
0.112 0.000670159
0.112062 0.000670501
0.112125 0.000670845
0.112187 0.000671187
0.11225 0.000671532
0.112312 0.000671875
0.112375 0.000672219
0.112437 0.000672563
0.1125 0.000672905
0.112562 0.00067325
0.112625 0.000673592
0.112687 0.000673937
0.11275 0.000674279
0.112812 0.000674623
0.112875 0.000674967
0.112937 0.00067531
0.113 0.000675654
0.113062 0.000675997
0.113125 0.000676341
0.113187 0.000676683
0.11325 0.000677028
0.113312 0.000677371
0.113375 0.000677715
0.113437 0.000678059
0.1135 0.000678402
0.113562 0.000678747
0.113625 0.000679089
0.113687 0.000679434
0.11375 0.000679776
0.113812 0.000680121
0.113875 0.000680464
0.113937 0.000680808
0.114 0.000681152
0.114062 0.000681495
0.114125 0.00068184
0.114187 0.000682182
0.11425 0.000682527
0.114312 0.000682871
0.114375 0.000683214
0.114437 0.000683559
0.1145 0.000683902
0.114562 0.000684247
0.114625 0.000684589
0.114687 0.000684934
0.11475 0.000685277
0.114812 0.000685621
0.114875 0.000685966
0.114937 0.000686309
0.115 0.000686654
0.115062 0.000686997
0.115125 0.000687342
0.115187 0.000687684
0.11525 0.00068803
0.115312 0.000688373
0.115375 0.000688717
0.115437 0.000689062
0.1155 0.000689405
0.115562 0.00068975
0.115625 0.000690093
0.115687 0.000690439
0.11575 0.000690782
0.115812 0.000691126
0.115875 0.000691471
0.115937 0.000691814
0.116 0.00069216
0.116062 0.000692503
0.116125 0.000692848
0.116187 0.000693191
0.11625 0.000693536
0.116312 0.00069388
0.116375 0.000694224
0.116437 0.000694569
0.1165 0.000694912
0.116562 0.000695258
0.116625 0.000695601
0.116687 0.000695946
0.11675 0.00069629
0.116812 0.000696634
0.116875 0.000696979
0.116937 0.000697323
0.117 0.000697668
0.117062 0.000698011
0.117125 0.000698357
0.117187 0.0006987
0.11725 0.000699045
0.117312 0.000699389
0.117375 0.000699733
0.117437 0.000700078
0.1175 0.000700422
0.117562 0.000700767
0.117625 0.00070111
0.117687 0.000701456
0.11775 0.0007018
0.117812 0.000702144
0.117875 0.000702489
0.117937 0.000702833
0.118 0.000703179
0.118062 0.000703522
0.118125 0.000703868
0.118187 0.000704211
0.11825 0.000704556
0.118312 0.000704901
0.118375 0.000705245
0.118437 0.00070559
0.1185 0.000705934
0.118562 0.000706279
0.118625 0.000706623
0.118687 0.000706969
0.11875 0.000707313
0.118812 0.000707658
0.118875 0.000708003
0.118937 0.000708347
0.119 0.000708693
0.119062 0.000709036
0.119125 0.000709382
0.119187 0.000709726
0.11925 0.000710071
0.119312 0.000710416
0.119375 0.00071076
0.119437 0.000711106
0.1195 0.00071145
0.119562 0.000711796
0.119625 0.000712139
0.119687 0.000712485
0.11975 0.00071283
0.119812 0.000713175
0.119875 0.00071352
0.119937 0.000713864
0.12 0.000714211
0.120062 0.000714554
0.120125 0.0007149
0.120187 0.000715244
0.12025 0.00071559
0.120312 0.000715935
0.120375 0.00071628
0.120437 0.000716626
0.1205 0.000716969
0.120562 0.000717316
0.120625 0.000717659
0.120687 0.000718005
0.12075 0.00071835
0.120812 0.000718695
0.120875 0.000719041
0.120937 0.000719385
0.121 0.000719731
0.121062 0.000720075
0.121125 0.000720421
0.121187 0.000720765
0.12125 0.000721111
0.121312 0.000721456
0.121375 0.000721801
0.121437 0.000722147
0.1215 0.000722491
0.121562 0.000722837
0.121625 0.000723181
0.121687 0.000723527
0.12175 0.000723872
0.121812 0.000724217
0.121875 0.000724563
0.121937 0.000724907
0.122 0.000725254
0.122062 0.000725598
0.122125 0.000725944
0.122187 0.000726289
0.12225 0.000726634
0.122312 0.00072698
0.122375 0.000727325
0.122437 0.000727671
0.1225 0.000728015
0.122562 0.000728362
0.122625 0.000728706
0.122687 0.000729052
0.12275 0.000729397
0.122812 0.000729742
0.122875 0.000730089
0.122937 0.000730433
0.123 0.00073078
0.123062 0.000731124
0.123125 0.000731471
0.123187 0.000731816
0.12325 0.000732161
0.123312 0.000732508
0.123375 0.000732852
0.123437 0.000733199
0.1235 0.000733543
0.123562 0.00073389
0.123625 0.000734234
0.123687 0.000734581
0.12375 0.000734926
0.123812 0.000735272
0.123875 0.000735618
0.123937 0.000735963
0.124 0.00073631
0.124062 0.000736654
0.124125 0.000737001
0.124187 0.000737346
0.12425 0.000737692
0.124312 0.000738038
0.124375 0.000738383
0.124437 0.00073873
0.1245 0.000739074
0.124562 0.000739422
0.124625 0.000739766
0.124687 0.000740112
0.12475 0.000740459
0.124812 0.000740804
0.124875 0.00074115
0.124937 0.000741495
0.125 0.000741842
0.125062 0.000742186
0.125125 0.000742533
0.125187 0.000742879
0.12525 0.000743225
0.125312 0.000743571
0.125375 0.000743916
0.125437 0.000744263
0.1255 0.000744608
0.125562 0.000744955
0.125625 0.0007453
0.125687 0.000745646
0.12575 0.000745992
0.125812 0.000746338
0.125875 0.000746685
0.125937 0.000747029
0.126 0.000747376
0.126062 0.000747721
0.126125 0.000748068
0.126187 0.000748414
0.12625 0.00074876
0.126312 0.000749106
0.126375 0.000749451
0.126437 0.000749799
0.1265 0.000750143
0.126562 0.000750491
0.126625 0.000750836
0.126687 0.000751182
0.12675 0.000751529
0.126812 0.000751875
0.126875 0.000752222
0.126937 0.000752567
0.127 0.000752914
0.127062 0.000753259
0.127125 0.000753606
0.127187 0.000753952
0.12725 0.000754298
0.127312 0.000754645
0.127375 0.00075499
0.127437 0.000755338
0.1275 0.000755683
0.127562 0.00075603
0.127625 0.000756376
0.127687 0.000756722
0.12775 0.00075707
0.127812 0.000757415
0.127875 0.000757762
0.127937 0.000758108
0.128 0.000758455
0.128062 0.0007588
0.128125 0.000759147
0.128187 0.000759494
0.12825 0.00075984
0.128312 0.000760187
0.128375 0.000760532
0.128437 0.00076088
0.1285 0.000761225
0.128562 0.000761573
0.128625 0.000761919
0.128687 0.000762265
0.12875 0.000762613
0.128812 0.000762958
0.128875 0.000763306
0.128937 0.000763651
0.129 0.000763999
0.129062 0.000764344
0.129125 0.000764691
0.129187 0.000765038
0.12925 0.000765384
0.129312 0.000765731
0.129375 0.000766077
0.129437 0.000766425
0.1295 0.00076677
0.129562 0.000767118
0.129625 0.000767464
0.129687 0.00076781
0.12975 0.000768158
0.129812 0.000768503
0.129875 0.000768851
0.129937 0.000769197
0.13 0.000769545
0.130062 0.00076989
0.130125 0.000770237
0.130187 0.000770584
0.13025 0.00077093
0.130312 0.000771278
0.130375 0.000771624
0.130437 0.000771972
0.1305 0.000772317
0.130562 0.000772665
0.130625 0.000773011
0.130687 0.000773358
0.13075 0.000773706
0.130812 0.000774052
0.130875 0.000774399
0.130937 0.000774745
0.131 0.000775093
0.131062 0.000775439
0.131125 0.000775786
0.131187 0.000776134
0.13125 0.00077648
0.131312 0.000776828
0.131375 0.000777174
0.131437 0.000777522
0.1315 0.000777867
0.131562 0.000778215
0.131625 0.000778562
0.131687 0.000778909
0.13175 0.000779257
0.131812 0.000779603
0.131875 0.000779951
0.131937 0.000780297
0.132 0.000780645
0.132062 0.000780992
0.132125 0.000781339
0.132187 0.000781686
0.13225 0.000782033
0.132312 0.000782381
0.132375 0.000782727
0.132437 0.000783075
0.1325 0.000783421
0.132562 0.000783769
0.132625 0.000784116
0.132687 0.000784463
0.13275 0.000784811
0.132812 0.000785157
0.132875 0.000785505
0.132937 0.000785851
0.133 0.000786199
0.133062 0.000786546
0.133125 0.000786893
0.133187 0.000787241
0.13325 0.000787588
0.133312 0.000787936
0.133375 0.000788282
0.133437 0.00078863
0.1335 0.000788976
0.133562 0.000789324
0.133625 0.000789672
0.133687 0.000790018
0.13375 0.000790367
0.133812 0.000790713
0.133875 0.000791061
0.133937 0.000791407
0.134 0.000791756
0.134062 0.000792103
0.134125 0.00079245
0.134187 0.000792798
0.13425 0.000793145
0.134312 0.000793493
0.134375 0.000793839
0.134437 0.000794188
0.1345 0.000794535
0.134562 0.000794882
0.134625 0.00079523
0.134687 0.000795577
0.13475 0.000795926
0.134812 0.000796272
0.134875 0.000796621
0.134937 0.000796967
0.135 0.000797315
0.135062 0.000797663
0.135125 0.00079801
0.135187 0.000798359
0.13525 0.000798705
0.135312 0.000799054
0.135375 0.0007994
0.135437 0.000799749
0.1355 0.000800096
0.135562 0.000800444
0.135625 0.000800792
0.135687 0.000801139
0.13575 0.000801488
0.135812 0.000801834
0.135875 0.000802183
0.135937 0.000802529
0.136 0.000802878
0.136062 0.000803225
0.136125 0.000803573
0.136187 0.000803922
0.13625 0.000804268
0.136312 0.000804617
0.136375 0.000804963
0.136437 0.000805313
0.1365 0.00080566
0.136562 0.000806008
0.136625 0.000806356
0.136687 0.000806703
0.13675 0.000807052
0.136812 0.000807399
0.136875 0.000807748
0.136937 0.000808094
0.137 0.000808442
0.137062 0.00080879
0.137125 0.000809138
0.137187 0.000809487
0.13725 0.000809833
0.137312 0.000810182
0.137375 0.000810529
0.137437 0.000810878
0.1375 0.000811226
0.137562 0.000811573
0.137625 0.000811922
0.137687 0.000812269
0.13775 0.000812618
0.137812 0.000812965
0.137875 0.000813314
0.137937 0.000813661
0.138 0.000814009
0.138062 0.000814358
0.138125 0.000814705
0.138187 0.000815054
0.13825 0.000815401
0.138312 0.00081575
0.138375 0.000816097
0.138437 0.000816447
0.1385 0.000816794
0.138562 0.000817142
0.138625 0.000817491
0.138687 0.000817838
0.13875 0.000818188
0.138812 0.000818534
0.138875 0.000818884
0.138937 0.000819231
0.139 0.000819579
0.139062 0.000819928
0.139125 0.000820276
0.139187 0.000820625
0.13925 0.000820972
0.139312 0.000821321
0.139375 0.000821668
0.139437 0.000822018
0.1395 0.000822365
0.139562 0.000822714
0.139625 0.000823063
0.139687 0.00082341
0.13975 0.000823759
0.139812 0.000824106
0.139875 0.000824456
0.139937 0.000824803
0.14 0.000825152
0.140062 0.000825501
0.140125 0.000825849
0.140187 0.000826198
0.14025 0.000826545
0.140312 0.000826895
0.140375 0.000827242
0.140437 0.000827591
0.1405 0.000827939
0.140562 0.000828287
0.140625 0.000828637
0.140687 0.000828984
0.14075 0.000829334
0.140812 0.000829681
0.140875 0.000830031
0.140937 0.000830378
0.141 0.000830727
0.141062 0.000831076
0.141125 0.000831424
0.141187 0.000831773
0.14125 0.000832121
0.141312 0.00083247
0.141375 0.000832817
0.141437 0.000833167
0.1415 0.000833515
0.141562 0.000833863
0.141625 0.000834213
0.141687 0.000834561
0.14175 0.00083491
0.141812 0.000835257
0.141875 0.000835608
0.141937 0.000835956
0.142 0.000836304
0.142062 0.000836654
0.142125 0.000837001
0.142187 0.000837351
0.14225 0.000837699
0.142312 0.000838049
0.142375 0.000838396
0.142437 0.000838745
0.1425 0.000839094
0.142562 0.000839442
0.142625 0.000839792
0.142687 0.00084014
0.14275 0.00084049
0.142812 0.000840837
0.142875 0.000841187
0.142937 0.000841535
0.143 0.000841884
0.143062 0.000842234
0.143125 0.000842582
0.143187 0.000842932
0.14325 0.000843279
0.143312 0.000843629
0.143375 0.000843977
0.143437 0.000844326
0.1435 0.000844675
0.143562 0.000845024
0.143625 0.000845374
0.143687 0.000845721
0.14375 0.000846072
0.143812 0.000846419
0.143875 0.000846769
0.143937 0.000847118
0.144 0.000847467
0.144062 0.000847816
0.144125 0.000848164
0.144187 0.000848514
0.14425 0.000848862
0.144312 0.000849212
0.144375 0.00084956
0.144437 0.00084991
0.1445 0.000850259
0.144562 0.000850607
0.144625 0.000850958
0.144687 0.000851305
0.14475 0.000851656
0.144812 0.000852003
0.144875 0.000852353
0.144937 0.000852702
0.145 0.000853051
0.145062 0.000853401
0.145125 0.000853749
0.145187 0.000854099
0.14525 0.000854447
0.145312 0.000854798
0.145375 0.000855146
0.145437 0.000855495
0.1455 0.000855845
0.145562 0.000856193
0.145625 0.000856544
0.145687 0.000856892
0.14575 0.000857242
0.145812 0.00085759
0.145875 0.00085794
0.145937 0.000858289
0.146 0.000858638
0.146062 0.000858988
0.146125 0.000859336
0.146187 0.000859687
0.14625 0.000860035
0.146312 0.000860386
0.146375 0.000860734
0.146437 0.000861084
0.1465 0.000861434
0.146562 0.000861782
0.146625 0.000862132
0.146687 0.000862481
0.14675 0.000862831
0.146812 0.000863179
0.146875 0.000863529
0.146937 0.000863879
0.147 0.000864228
0.147062 0.000864578
0.147125 0.000864926
0.147187 0.000865277
0.14725 0.000865625
0.147312 0.000865976
0.147375 0.000866325
0.147437 0.000866674
0.1475 0.000867024
0.147562 0.000867373
0.147625 0.000867724
0.147687 0.000868072
0.14775 0.000868423
0.147812 0.000868771
0.147875 0.000869121
0.147937 0.000869471
0.148 0.00086982
0.148062 0.00087017
0.148125 0.000870518
0.148187 0.000870869
0.14825 0.000871217
0.148312 0.000871568
0.148375 0.000871917
0.148437 0.000872267
0.1485 0.000872617
0.148562 0.000872966
0.148625 0.000873317
0.148687 0.000873665
0.14875 0.000874016
0.148812 0.000874364
0.148875 0.000874715
0.148937 0.000875065
0.149 0.000875414
0.149062 0.000875764
0.149125 0.000876113
0.149187 0.000876464
0.14925 0.000876812
0.149312 0.000877163
0.149375 0.000877512
0.149437 0.000877862
0.1495 0.000878212
0.149562 0.000878561
0.149625 0.000878912
0.149687 0.000879261
0.14975 0.000879612
0.149812 0.000879961
0.149875 0.000880311
0.149937 0.000880661
0.15 0.00088101
0.150062 0.000881361
0.150125 0.00088171
0.150187 0.000882061
0.15025 0.000882409
0.150312 0.00088276
0.150375 0.00088311
0.150437 0.000883459
0.1505 0.00088381
0.150562 0.000884159
0.150625 0.00088451
0.150687 0.000884859
0.15075 0.00088521
0.150812 0.000885559
0.150875 0.000885909
0.150937 0.00088626
0.151 0.000886609
0.151062 0.00088696
0.151125 0.000887309
0.151187 0.00088766
0.15125 0.000888009
0.151312 0.00088836
0.151375 0.00088871
0.151437 0.000889059
0.1515 0.00088941
0.151562 0.000889759
0.151625 0.00089011
0.151687 0.000890459
0.15175 0.000890811
0.151812 0.00089116
0.151875 0.00089151
0.151937 0.000891861
0.152 0.00089221
0.152062 0.000892561
0.152125 0.00089291
0.152187 0.000893262
0.15225 0.00089361
0.152312 0.000893961
0.152375 0.000894312
0.152437 0.000894661
0.1525 0.000895012
0.152562 0.000895362
0.152625 0.000895713
0.152687 0.000896062
0.15275 0.000896413
0.152812 0.000896763
0.152875 0.000897113
0.152937 0.000897464
0.153 0.000897814
0.153062 0.000898165
0.153125 0.000898514
0.153187 0.000898866
0.15325 0.000899214
0.153312 0.000899565
0.153375 0.000899916
0.153437 0.000900266
0.1535 0.000900617
0.153562 0.000900966
0.153625 0.000901318
0.153687 0.000901667
0.15375 0.000902018
0.153812 0.000902368
0.153875 0.000902718
0.153937 0.00090307
0.154 0.000903419
0.154062 0.000903771
0.154125 0.00090412
0.154187 0.000904472
0.15425 0.000904821
0.154312 0.000905172
0.154375 0.000905523
0.154437 0.000905872
0.1545 0.000906224
0.154562 0.000906573
0.154625 0.000906925
0.154687 0.000907274
0.15475 0.000907625
0.154812 0.000907976
0.154875 0.000908326
0.154937 0.000908677
0.155 0.000909027
0.155062 0.000909379
0.155125 0.000909728
0.155187 0.00091008
0.15525 0.000910429
0.155312 0.00091078
0.155375 0.000911131
0.155437 0.000911481
0.1555 0.000911833
0.155562 0.000912182
0.155625 0.000912534
0.155687 0.000912883
0.15575 0.000913235
0.155812 0.000913585
0.155875 0.000913936
0.155937 0.000914287
0.156 0.000914637
0.156062 0.000914989
0.156125 0.000915338
0.156187 0.00091569
0.15625 0.00091604
0.156312 0.000916391
0.156375 0.000916742
0.156437 0.000917092
0.1565 0.000917444
0.156562 0.000917794
0.156625 0.000918146
0.156687 0.000918495
0.15675 0.000918846
0.156812 0.000919197
0.156875 0.000919548
0.156937 0.000919899
0.157 0.000920249
0.157062 0.000920601
0.157125 0.00092095
0.157187 0.000921303
0.15725 0.000921653
0.157312 0.000922004
0.157375 0.000922356
0.157437 0.000922706
0.1575 0.000923057
0.157562 0.000923407
0.157625 0.000923759
0.157687 0.000924109
0.15775 0.00092446
0.157812 0.000924811
0.157875 0.000925162
0.157937 0.000925514
0.158 0.000925864
0.158062 0.000926216
0.158125 0.000926565
0.158187 0.000926918
0.15825 0.000927268
0.158312 0.000927619
0.158375 0.000927971
0.158437 0.000928321
0.1585 0.000928673
0.158562 0.000929023
0.158625 0.000929375
0.158687 0.000929725
0.15875 0.000930076
0.158812 0.000930428
0.158875 0.000930778
0.158937 0.00093113
0.159 0.00093148
0.159062 0.000931833
0.159125 0.000932182
0.159187 0.000932534
0.15925 0.000932885
0.159312 0.000933236
0.159375 0.000933588
0.159437 0.000933938
0.1595 0.000934291
0.159562 0.00093464
0.159625 0.000934993
0.159687 0.000935343
0.15975 0.000935695
0.159812 0.000936046
0.159875 0.000936397
0.159937 0.000936749
0.16 0.000937099
0.160062 0.000937452
0.160125 0.000937801
0.160187 0.000938153
0.16025 0.000938505
0.160312 0.000938856
0.160375 0.000939208
0.160437 0.000939558
0.1605 0.00093991
0.160562 0.00094026
0.160625 0.000940613
0.160687 0.000940963
0.16075 0.000941315
0.160812 0.000941667
0.160875 0.000942017
0.160937 0.00094237
0.161 0.00094272
0.161062 0.000943073
0.161125 0.000943422
0.161187 0.000943774
0.16125 0.000944126
0.161312 0.000944477
0.161375 0.000944829
0.161437 0.00094518
0.1615 0.000945532
0.161562 0.000945882
0.161625 0.000946235
0.161687 0.000946586
0.16175 0.000946937
0.161812 0.000947289
0.161875 0.00094764
0.161937 0.000947993
0.162 0.000948343
0.162062 0.000948696
0.162125 0.000949046
0.162187 0.000949398
0.16225 0.00094975
0.162312 0.000950101
0.162375 0.000950453
0.162437 0.000950803
0.1625 0.000951156
0.162562 0.000951506
0.162625 0.000951859
0.162687 0.00095221
0.16275 0.000952562
0.162812 0.000952914
0.162875 0.000953265
0.162937 0.000953618
0.163 0.000953968
0.163062 0.000954321
0.163125 0.000954671
0.163187 0.000955024
0.16325 0.000955376
0.163312 0.000955727
0.163375 0.000956079
0.163437 0.00095643
0.1635 0.000956783
0.163562 0.000957133
0.163625 0.000957486
0.163687 0.000957837
0.16375 0.000958189
0.163812 0.000958541
0.163875 0.000958892
0.163937 0.000959245
0.164 0.000959595
0.164062 0.000959948
0.164125 0.000960299
0.164187 0.000960651
0.16425 0.000961003
0.164312 0.000961354
0.164375 0.000961707
0.164437 0.000962058
0.1645 0.000962411
0.164562 0.000962761
0.164625 0.000963114
0.164687 0.000963466
0.16475 0.000963817
0.164812 0.00096417
0.164875 0.000964521
0.164937 0.000964874
0.165 0.000965224
0.165062 0.000965577
0.165125 0.000965928
0.165187 0.000966281
0.16525 0.000966633
0.165312 0.000966984
0.165375 0.000967337
0.165437 0.000967688
0.1655 0.000968041
0.165562 0.000968391
0.165625 0.000968744
0.165687 0.000969096
0.16575 0.000969448
0.165812 0.000969801
0.165875 0.000970152
0.165937 0.000970505
0.166 0.000970855
0.166062 0.000971209
0.166125 0.00097156
0.166187 0.000971912
0.16625 0.000972265
0.166312 0.000972616
0.166375 0.000972969
0.166437 0.00097332
0.1665 0.000973673
0.166562 0.000974024
0.166625 0.000974377
0.166687 0.000974729
0.16675 0.000975081
0.166812 0.000975434
0.166875 0.000975785
0.166937 0.000976138
0.167 0.000976489
0.167062 0.000976842
0.167125 0.000977194
0.167187 0.000977546
0.16725 0.000977899
0.167312 0.00097825
0.167375 0.000978604
0.167437 0.000978954
0.1675 0.000979308
0.167562 0.000979659
0.167625 0.000980011
0.167687 0.000980364
0.16775 0.000980716
0.167812 0.000981069
0.167875 0.00098142
0.167937 0.000981773
0.168 0.000982124
0.168062 0.000982478
0.168125 0.00098283
0.168187 0.000983182
0.16825 0.000983535
0.168312 0.000983886
0.168375 0.000984239
0.168437 0.00098459
0.1685 0.000984944
0.168562 0.000985295
0.168625 0.000985648
0.168687 0.000986001
0.16875 0.000986352
0.168812 0.000986706
0.168875 0.000987057
0.168937 0.000987411
0.169 0.000987761
0.169062 0.000988115
0.169125 0.000988467
0.169187 0.000988819
0.16925 0.000989173
0.169312 0.000989524
0.169375 0.000989877
0.169437 0.000990229
0.1695 0.000990582
0.169562 0.000990934
0.169625 0.000991287
0.169687 0.00099164
0.16975 0.000991991
0.169812 0.000992345
0.169875 0.000992696
0.169937 0.00099305
0.17 0.000993401
0.170062 0.000993754
0.170125 0.000994107
0.170187 0.000994459
0.17025 0.000994812
0.170312 0.000995164
0.170375 0.000995517
0.170437 0.000995868
0.1705 0.000996222
0.170562 0.000996574
0.170625 0.000996927
0.170687 0.00099728
0.17075 0.000997632
0.170812 0.000997985
0.170875 0.000998337
0.170937 0.000998691
0.171 0.000999042
0.171062 0.000999395
0.171125 0.000999748
0.171187 0.0010001
0.17125 0.00100045
0.171312 0.00100081
0.171375 0.00100116
0.171437 0.00100151
0.1715 0.00100186
0.171562 0.00100222
0.171625 0.00100257
0.171687 0.00100292
0.17175 0.00100327
0.171812 0.00100363
0.171875 0.00100398
0.171937 0.00100433
0.172 0.00100469
0.172062 0.00100504
0.172125 0.00100539
0.172187 0.00100574
0.17225 0.0010061
0.172312 0.00100645
0.172375 0.0010068
0.172437 0.00100715
0.1725 0.00100751
0.172562 0.00100786
0.172625 0.00100821
0.172687 0.00100857
0.17275 0.00100892
0.172812 0.00100927
0.172875 0.00100962
0.172937 0.00100998
0.173 0.00101033
0.173062 0.00101068
0.173125 0.00101104
0.173187 0.00101139
0.17325 0.00101174
0.173312 0.00101209
0.173375 0.00101245
0.173437 0.0010128
0.1735 0.00101315
0.173562 0.00101351
0.173625 0.00101386
0.173687 0.00101421
0.17375 0.00101457
0.173812 0.00101492
0.173875 0.00101527
0.173937 0.00101563
0.174 0.00101598
0.174062 0.00101633
0.174125 0.00101668
0.174187 0.00101704
0.17425 0.00101739
0.174312 0.00101774
0.174375 0.0010181
0.174437 0.00101845
0.1745 0.0010188
0.174562 0.00101916
0.174625 0.00101951
0.174687 0.00101986
0.17475 0.00102021
0.174812 0.00102057
0.174875 0.00102092
0.174937 0.00102127
0.175 0.00102163
0.175062 0.00102198
0.175125 0.00102233
0.175187 0.00102269
0.17525 0.00102304
0.175312 0.00102339
0.175375 0.00102375
0.175437 0.0010241
0.1755 0.00102445
0.175562 0.00102481
0.175625 0.00102516
0.175687 0.00102551
0.17575 0.00102586
0.175812 0.00102622
0.175875 0.00102657
0.175937 0.00102693
0.176 0.00102728
0.176062 0.00102763
0.176125 0.00102798
0.176187 0.00102834
0.17625 0.00102869
0.176312 0.00102904
0.176375 0.0010294
0.176437 0.00102975
0.1765 0.0010301
0.176562 0.00103046
0.176625 0.00103081
0.176687 0.00103116
0.17675 0.00103152
0.176812 0.00103187
0.176875 0.00103222
0.176937 0.00103258
0.177 0.00103293
0.177062 0.00103328
0.177125 0.00103364
0.177187 0.00103399
0.17725 0.00103434
0.177312 0.0010347
0.177375 0.00103505
0.177437 0.0010354
0.1775 0.00103576
0.177562 0.00103611
0.177625 0.00103646
0.177687 0.00103682
0.17775 0.00103717
0.177812 0.00103753
0.177875 0.00103788
0.177937 0.00103823
0.178 0.00103859
0.178062 0.00103894
0.178125 0.00103929
0.178187 0.00103965
0.17825 0.00104
0.178312 0.00104035
0.178375 0.00104071
0.178437 0.00104106
0.1785 0.00104141
0.178562 0.00104177
0.178625 0.00104212
0.178687 0.00104247
0.17875 0.00104283
0.178812 0.00104318
0.178875 0.00104353
0.178937 0.00104389
0.179 0.00104424
0.179062 0.00104459
0.179125 0.00104495
0.179187 0.0010453
0.17925 0.00104566
0.179312 0.00104601
0.179375 0.00104636
0.179437 0.00104672
0.1795 0.00104707
0.179562 0.00104742
0.179625 0.00104778
0.179687 0.00104813
0.17975 0.00104848
0.179812 0.00104884
0.179875 0.00104919
0.179937 0.00104955
0.18 0.0010499
0.180062 0.00105025
0.180125 0.00105061
0.180187 0.00105096
0.18025 0.00105132
0.180312 0.00105167
0.180375 0.00105202
0.180437 0.00105238
0.1805 0.00105273
0.180562 0.00105308
0.180625 0.00105344
0.180687 0.00105379
0.18075 0.00105414
0.180812 0.0010545
0.180875 0.00105485
0.180937 0.00105521
0.181 0.00105556
0.181062 0.00105591
0.181125 0.00105627
0.181187 0.00105662
0.18125 0.00105698
0.181312 0.00105733
0.181375 0.00105768
0.181437 0.00105804
0.1815 0.00105839
0.181562 0.00105875
0.181625 0.0010591
0.181687 0.00105945
0.18175 0.00105981
0.181812 0.00106016
0.181875 0.00106051
0.181937 0.00106087
0.182 0.00106122
0.182062 0.00106158
0.182125 0.00106193
0.182187 0.00106228
0.18225 0.00106264
0.182312 0.00106299
0.182375 0.00106335
0.182437 0.0010637
0.1825 0.00106405
0.182562 0.00106441
0.182625 0.00106476
0.182687 0.00106512
0.18275 0.00106547
0.182812 0.00106582
0.182875 0.00106618
0.182937 0.00106653
0.183 0.00106689
0.183062 0.00106724
0.183125 0.00106759
0.183187 0.00106795
0.18325 0.0010683
0.183312 0.00106865
0.183375 0.00106901
0.183437 0.00106936
0.1835 0.00106972
0.183562 0.00107007
0.183625 0.00107043
0.183687 0.00107078
0.18375 0.00107113
0.183812 0.00107149
0.183875 0.00107184
0.183937 0.0010722
0.184 0.00107255
0.184062 0.00107291
0.184125 0.00107326
0.184187 0.00107361
0.18425 0.00107397
0.184312 0.00107432
0.184375 0.00107468
0.184437 0.00107503
0.1845 0.00107538
0.184562 0.00107574
0.184625 0.00107609
0.184687 0.00107645
0.18475 0.0010768
0.184812 0.00107716
0.184875 0.00107751
0.184937 0.00107786
0.185 0.00107822
0.185062 0.00107857
0.185125 0.00107893
0.185187 0.00107928
0.18525 0.00107964
0.185312 0.00107999
0.185375 0.00108034
0.185437 0.0010807
0.1855 0.00108105
0.185562 0.00108141
0.185625 0.00108176
0.185687 0.00108212
0.18575 0.00108247
0.185812 0.00108283
0.185875 0.00108318
0.185937 0.00108353
0.186 0.00108389
0.186062 0.00108424
0.186125 0.0010846
0.186187 0.00108495
0.18625 0.00108531
0.186312 0.00108566
0.186375 0.00108601
0.186437 0.00108637
0.1865 0.00108672
0.186562 0.00108708
0.186625 0.00108743
0.186687 0.00108779
0.18675 0.00108814
0.186812 0.0010885
0.186875 0.00108885
0.186937 0.0010892
0.187 0.00108956
0.187062 0.00108991
0.187125 0.00109027
0.187187 0.00109062
0.18725 0.00109098
0.187312 0.00109133
0.187375 0.00109169
0.187437 0.00109204
0.1875 0.00109239
0.187562 0.00109275
0.187625 0.0010931
0.187687 0.00109346
0.18775 0.00109381
0.187812 0.00109417
0.187875 0.00109452
0.187937 0.00109488
0.188 0.00109523
0.188062 0.00109559
0.188125 0.00109594
0.188187 0.00109629
0.18825 0.00109665
0.188312 0.001097
0.188375 0.00109736
0.188437 0.00109771
0.1885 0.00109807
0.188562 0.00109842
0.188625 0.00109878
0.188687 0.00109913
0.18875 0.00109949
0.188812 0.00109984
0.188875 0.0011002
0.188937 0.00110055
0.189 0.00110091
0.189062 0.00110126
0.189125 0.00110162
0.189187 0.00110197
0.18925 0.00110232
0.189312 0.00110268
0.189375 0.00110303
0.189437 0.00110339
0.1895 0.00110374
0.189562 0.0011041
0.189625 0.00110445
0.189687 0.00110481
0.18975 0.00110516
0.189812 0.00110552
0.189875 0.00110587
0.189937 0.00110623
0.19 0.00110658
0.190062 0.00110694
0.190125 0.00110729
0.190187 0.00110764
0.19025 0.001108
0.190312 0.00110836
0.190375 0.00110871
0.190437 0.00110907
0.1905 0.00110942
0.190562 0.00110978
0.190625 0.00111013
0.190687 0.00111049
0.19075 0.00111084
0.190812 0.00111119
0.190875 0.00111155
0.190937 0.0011119
0.191 0.00111226
0.191062 0.00111261
0.191125 0.00111297
0.191187 0.00111332
0.19125 0.00111368
0.191312 0.00111403
0.191375 0.00111439
0.191437 0.00111474
0.1915 0.0011151
0.191562 0.00111545
0.191625 0.00111581
0.191687 0.00111616
0.19175 0.00111652
0.191812 0.00111687
0.191875 0.00111723
0.191937 0.00111758
0.192 0.00111794
0.192062 0.00111829
0.192125 0.00111865
0.192187 0.001119
0.19225 0.00111936
0.192312 0.00111971
0.192375 0.00112007
0.192437 0.00112042
0.1925 0.00112078
0.192562 0.00112114
0.192625 0.00112149
0.192687 0.00112185
0.19275 0.0011222
0.192812 0.00112255
0.192875 0.00112291
0.192937 0.00112326
0.193 0.00112362
0.193062 0.00112397
0.193125 0.00112433
0.193187 0.00112468
0.19325 0.00112504
0.193312 0.0011254
0.193375 0.00112575
0.193437 0.00112611
0.1935 0.00112646
0.193562 0.00112682
0.193625 0.00112717
0.193687 0.00112753
0.19375 0.00112788
0.193812 0.00112824
0.193875 0.00112859
0.193937 0.00112895
0.194 0.0011293
0.194062 0.00112966
0.194125 0.00113001
0.194187 0.00113037
0.19425 0.00113072
0.194312 0.00113108
0.194375 0.00113143
0.194437 0.00113179
0.1945 0.00113214
0.194562 0.0011325
0.194625 0.00113285
0.194687 0.00113321
0.19475 0.00113357
0.194812 0.00113392
0.194875 0.00113428
0.194937 0.00113463
0.195 0.00113499
0.195062 0.00113534
0.195125 0.0011357
0.195187 0.00113605
0.19525 0.00113641
0.195312 0.00113676
0.195375 0.00113712
0.195437 0.00113748
0.1955 0.00113783
0.195562 0.00113819
0.195625 0.00113854
0.195687 0.0011389
0.19575 0.00113925
0.195812 0.00113961
0.195875 0.00113996
0.195937 0.00114032
0.196 0.00114067
0.196062 0.00114103
0.196125 0.00114139
0.196187 0.00114174
0.19625 0.0011421
0.196312 0.00114245
0.196375 0.00114281
0.196437 0.00114316
0.1965 0.00114352
0.196562 0.00114387
0.196625 0.00114423
0.196687 0.00114458
0.19675 0.00114494
0.196812 0.00114529
0.196875 0.00114565
0.196937 0.00114601
0.197 0.00114636
0.197062 0.00114672
0.197125 0.00114707
0.197187 0.00114743
0.19725 0.00114778
0.197312 0.00114814
0.197375 0.00114849
0.197437 0.00114885
0.1975 0.00114921
0.197562 0.00114956
0.197625 0.00114992
0.197687 0.00115027
0.19775 0.00115063
0.197812 0.00115098
0.197875 0.00115134
0.197937 0.0011517
0.198 0.00115205
0.198062 0.00115241
0.198125 0.00115276
0.198187 0.00115312
0.19825 0.00115347
0.198312 0.00115383
0.198375 0.00115418
0.198437 0.00115454
0.1985 0.0011549
0.198562 0.00115525
0.198625 0.00115561
0.198687 0.00115596
0.19875 0.00115632
0.198812 0.00115667
0.198875 0.00115703
0.198937 0.00115739
0.199 0.00115774
0.199062 0.0011581
0.199125 0.00115845
0.199187 0.00115881
0.19925 0.00115917
0.199312 0.00115952
0.199375 0.00115988
0.199437 0.00116023
0.1995 0.00116059
0.199562 0.00116095
0.199625 0.0011613
0.199687 0.00116166
0.19975 0.00116201
0.199812 0.00116237
0.199875 0.00116272
0.199937 0.00116308
0.2 0.00116344
