/*--------------------------------*- C++ -*----------------------------------*\
| =========                 |                                                 |
| \\      /  F ield         | OpenFOAM: The Open Source CFD Toolbox           |
|  \\    /   O peration     | Version:  v1812                                 |
|   \\  /    A nd           | Web:      www.OpenFOAM.com                      |
|    \\/     M anipulation  |                                                 |
\*---------------------------------------------------------------------------*/
FoamFile
{
    version     2.0;
    format      ascii;
    class       volScalarField;
    location    "2";
    object      rho;
}
// * * * * * * * * * * * * * * * * * * * * * * * * * * * * * * * * * * * * * //

dimensions      [1 -3 0 0 0 0 0];


internalField   nonuniform List<scalar> 
1000
(
1.399243861
1.399243861
1.399243861
1.399243861
1.399243861
1.399243861
1.399243861
1.399243861
1.399243861
1.399243861
1.399243861
1.399243861
1.399243861
1.399243861
1.399243861
1.399243861
1.399243861
1.399243861
1.399243861
1.399243861
1.399243861
1.399243861
1.399243861
1.399243861
1.399243861
1.399243861
1.399243861
1.399243861
1.399243861
1.399243861
1.399243861
1.399243861
1.399243861
1.399243861
1.399243861
1.399243861
1.399243861
1.399243861
1.399243861
1.399243861
1.399243861
1.399243861
1.399243861
1.399243861
1.399243861
1.399243861
1.399243861
1.399243861
1.399243861
1.399243861
1.399243861
1.399243861
1.399243861
1.399243861
1.399243861
1.399243861
1.399243861
1.399243861
1.399243861
1.399243861
1.399243861
1.399243861
1.399243861
1.399243861
1.399243861
1.399243861
1.399243861
1.399243861
1.399243861
1.399243861
1.399243861
1.399243861
1.399243861
1.399243861
1.399243861
1.399243861
1.399243861
1.399243861
1.399243861
1.399243861
1.399243861
1.399243861
1.399243861
1.399243861
1.399243861
1.399243861
1.399243861
1.399243861
1.399243861
1.399243861
1.399243861
1.399243861
1.399243861
1.399243861
1.399243861
1.399243861
1.399243861
1.399243861
1.399243861
1.399243861
1.399243861
1.399243861
1.399243861
1.399243861
1.399243861
1.399243861
1.399243861
1.399243861
1.399243861
1.399243861
1.399243861
1.399243861
1.399243861
1.399243861
1.399243861
1.399243861
1.399243861
1.399243861
1.399243861
1.399243861
1.399243861
1.399243861
1.399243861
1.399243861
1.399243861
1.399243861
1.399243861
1.399243861
1.399243861
1.399243861
1.399243861
1.399243861
1.399243861
1.399243861
1.399243861
1.399243861
1.399243861
1.399243861
1.399243861
1.399243861
1.399243861
1.399243861
1.399243861
1.399243861
1.399243861
1.399243861
1.399243861
1.399243861
1.399243861
1.399243861
1.399243861
1.399243861
1.399243861
1.399243861
1.399243861
1.399243861
1.399243861
1.399243861
1.399243861
1.399243861
1.399243861
1.399243861
1.399243861
1.399243861
1.399243861
1.399243861
1.399243861
1.399243861
1.399243861
1.399243861
1.399243861
1.399243861
1.399243861
1.399243861
1.399243861
1.399243861
1.399243861
1.399243861
1.399243861
1.399243861
1.399243861
1.399243861
1.399243861
1.399243861
1.399243861
1.399243861
1.399243861
1.399243861
1.399243861
1.399243861
1.399243861
1.399243861
1.399243861
1.399243861
1.399243861
1.399243861
1.399243861
1.399243861
1.399243861
1.399243861
1.399243861
1.399243861
1.399243861
1.399243861
1.399243861
1.399243861
1.399243861
1.399243861
1.399243861
1.399243861
1.399243861
1.399243861
1.399243861
1.399243861
1.399243861
1.399243861
1.399243861
1.399243861
1.399243861
1.399243861
1.399243861
1.399243861
1.399243861
1.399243861
1.399243861
1.399243861
1.399243861
1.399243861
1.399243861
1.399243861
1.399243861
1.399243861
1.399243861
1.399243861
1.399243861
1.399243861
1.399243861
1.399243861
1.399243861
1.399243861
1.399243861
1.399243861
1.399243861
1.399243861
1.399243861
1.399243861
1.399243861
1.399243861
1.399243861
1.399243861
1.399243861
1.399243861
1.399243861
1.399243861
1.399243861
1.399243861
1.399243861
1.399243861
1.399243861
1.399243861
1.399243861
1.399243861
1.399243861
1.399243861
1.399243861
1.399243861
1.399243861
1.399243861
1.399243861
1.399243861
1.399243861
1.399243861
1.399243861
1.399243861
1.399243861
1.399243861
1.399243861
1.399243861
1.399243861
1.399243861
1.399243861
1.399243861
1.399243861
1.399243861
1.399243861
1.399243861
1.399243861
1.399243861
1.399243861
1.399243861
1.399243861
1.399243861
1.399243861
1.399243861
1.399243861
1.399243861
1.399243861
1.399243861
1.399243861
1.399243861
1.399243861
1.399243861
1.399243861
1.399243861
1.399243861
1.399243861
1.399243861
1.399243861
1.399243861
1.399243861
1.399243861
1.399243861
1.399243861
1.399243861
1.399243861
1.399243861
1.399243861
1.399243861
1.399243861
1.399243861
1.399243861
1.399243861
1.399243861
1.399243861
1.399243861
1.399243861
1.399243861
1.399243861
1.399243861
1.399243861
1.399243861
1.399243861
1.399243861
1.399243861
1.399243861
1.399243861
1.399243861
1.399243861
1.399243861
1.399243861
1.399243861
1.399243861
1.399243861
1.399243861
1.399243861
1.399243861
1.399243861
1.399243861
1.399243861
1.399243861
1.399243861
1.399243861
1.399243861
1.399243861
1.399243861
1.399243861
1.399243861
1.399243861
1.399243861
1.399243861
1.399243861
1.399243861
1.399243861
1.399243861
1.399243861
1.399243861
1.399243861
1.399243861
1.399243861
1.399243861
1.399243861
1.399243861
1.399243861
1.399243861
1.399243861
1.399243861
1.399243861
1.399243861
1.399243861
1.399243861
1.399243861
1.399243861
1.399243861
1.399243861
1.399243861
1.399243861
1.399243861
1.399243861
1.399243861
1.399243861
1.399243861
1.399243861
1.399243861
1.399243861
1.399243861
1.399243861
1.399243861
1.399243861
1.399243861
1.399243861
1.399243861
1.399243861
1.399243861
1.399243861
1.399243861
1.399243861
1.399243861
1.399243861
1.399243861
1.399243861
1.399243861
1.399243861
1.399243861
1.399243861
1.399243861
1.399243861
1.399243861
1.399243861
1.399243861
1.399243861
1.399243861
1.399243861
1.399243861
1.399243861
1.399243861
1.399243861
1.399243861
1.399243861
1.399243861
1.399243861
1.399243861
1.399243861
1.399243861
1.399243861
1.399243861
1.399243861
1.399243861
1.399243861
1.399243861
1.399243861
1.399243861
1.399243861
1.399243861
1.399243861
1.399243861
1.399243861
1.399243861
1.399243861
1.399243861
1.399243861
1.399243861
1.399243861
1.399243861
1.399243861
1.399243861
1.399243861
1.399243861
1.399243861
1.399243861
1.399243861
1.399243861
1.399243861
1.399243861
1.399243861
1.399243861
1.399243861
1.399243861
1.399243861
1.399243861
1.399243861
1.399243861
1.399243861
1.399243861
1.399243861
1.399243861
1.399243861
1.399243861
1.399243861
1.399243861
1.399243861
1.399243861
1.399243861
1.399243861
1.399243861
1.399243861
1.399243861
1.399243861
1.399243861
1.399243861
1.399243861
1.399243861
1.399243861
1.399243861
1.399243861
1.399243861
1.399243861
1.399243861
1.399243861
1.399243861
1.399243861
0.9994541726
0.9994541726
0.9994541726
0.9994541726
0.9994541726
0.9994541726
0.9994541726
0.9994541726
0.9994541726
0.9994541726
0.9994541726
0.9994541726
0.9994541726
0.9994541726
0.9994541726
0.9994541726
0.9994541726
0.9994541726
0.9994541726
0.9994541726
0.9994541726
0.9994541726
0.9994541726
0.9994541726
0.9994541726
0.9994541726
0.9994541726
0.9994541726
0.9994541726
0.9994541726
0.9994541726
0.9994541726
0.9994541726
0.9994541726
0.9994541726
0.9994541726
0.9994541726
0.9994541726
0.9994541726
0.9994541726
0.9994541726
0.9994541726
0.9994541726
0.9994541726
0.9994541726
0.9994541726
0.9994541726
0.9994541726
0.9994541726
0.9994541726
0.9994541726
0.9994541726
0.9994541726
0.9994541726
0.9994541726
0.9994541726
0.9994541726
0.9994541726
0.9994541726
0.9994541726
0.9994541726
0.9994541726
0.9994541726
0.9994541726
0.9994541726
0.9994541726
0.9994541726
0.9994541726
0.9994541726
0.9994541726
0.9994541726
0.9994541726
0.9994541726
0.9994541726
0.9994541726
0.9994541726
0.9994541726
0.9994541726
0.9994541726
0.9994541726
0.9994541726
0.9994541726
0.9994541726
0.9994541726
0.9994541726
0.9994541726
0.9994541726
0.9994541726
0.9994541726
0.9994541726
0.9994541726
0.9994541726
0.9994541726
0.9994541726
0.9994541726
0.9994541726
0.9994541726
0.9994541726
0.9994541726
0.9994541726
0.9994541726
0.9994541726
0.9994541726
0.9994541726
0.9994541726
0.9994541726
0.9994541726
0.9994541726
0.9994541726
0.9994541726
0.9994541726
0.9994541726
0.9994541726
0.9994541726
0.9994541726
0.9994541726
0.9994541726
0.9994541726
0.9994541726
0.9994541726
0.9994541726
0.9994541726
0.9994541726
0.9994541726
0.9994541726
0.9994541726
0.9994541726
0.9994541726
0.9994541726
0.9994541726
0.9994541726
0.9994541726
0.9994541726
0.9994541726
0.9994541726
0.9994541726
0.9994541726
0.9994541726
0.9994541726
0.9994541726
0.9994541726
0.9994541726
0.9994541726
0.9994541726
0.9994541726
0.9994541726
0.9994541726
0.9994541726
0.9994541726
0.9994541726
0.9994541726
0.9994541726
0.9994541726
0.9994541726
0.9994541726
0.9994541726
0.9994541726
0.9994541726
0.9994541726
0.9994541726
0.9994541726
0.9994541726
0.9994541726
0.9994541726
0.9994541726
0.9994541726
0.9994541726
0.9994541726
0.9994541726
0.9994541726
0.9994541726
0.9994541726
0.9994541726
0.9994541726
0.9994541726
0.9994541726
0.9994541726
0.9994541726
0.9994541726
0.9994541726
0.9994541726
0.9994541726
0.9994541726
0.9994541726
0.9994541726
0.9994541726
0.9994541726
0.9994541726
0.9994541726
0.9994541726
0.9994541726
0.9994541726
0.9994541726
0.9994541726
0.9994541726
0.9994541726
0.9994541726
0.9994541726
0.9994541726
0.9994541726
0.9994541726
0.9994541726
0.9994541726
0.9994541726
0.9994541726
0.9994541726
0.9994541726
0.9994541726
0.9994541726
0.9994541726
0.9994541726
0.9994541726
0.9994541726
0.9994541726
0.9994541726
0.9994541726
0.9994541726
0.9994541726
0.9994541726
0.9994541726
0.9994541726
0.9994541726
0.9994541726
0.9994541726
0.9994541726
0.9994541726
0.9994541726
0.9994541726
0.9994541726
0.9994541726
0.9994541726
0.9994541726
0.9994541726
0.9994541726
0.9994541726
0.9994541726
0.9994541726
0.9994541726
0.9994541726
0.9994541726
0.9994541726
0.9994541726
0.9994541726
0.9994541726
0.9994541726
0.9994541726
0.9994541726
0.9994541726
0.9994541726
0.9994541726
0.9994541726
0.9994541726
0.9994541726
0.9994541726
0.9994541726
0.9994541726
0.9994541726
0.9994541726
0.9994541726
0.9994541726
0.9994541726
0.9994541726
0.9994541726
0.9994541726
0.9994541726
0.9994541726
0.9994541726
0.9994541726
0.9994541726
0.9994541726
0.9994541726
0.9994541726
0.9994541726
0.9994541726
0.9994541726
0.9994541726
0.9994541726
0.9994541726
0.9994541726
0.9994541726
0.9994541726
0.9994541726
0.9994541726
0.9994541726
0.9994541726
0.9994541726
0.9994541726
0.9994541726
0.9994541726
0.9994541726
0.9994541726
0.9994541726
0.9994541726
0.9994541726
0.9994541726
0.9994541726
0.9994541726
0.9994541726
0.9994541726
0.9994541726
0.9994541726
0.9994541726
0.9994541726
0.9994541726
0.9994541726
0.9994541726
0.9994541726
0.9994541726
0.9994541726
0.9994541726
0.9994541726
0.9994541726
0.9994541726
0.9994541726
0.9994541726
0.9994541726
0.9994541726
0.9994541726
0.9994541726
0.9994541726
0.9994541726
0.9994541726
0.9994541726
0.9994541726
0.9994541726
0.9994541726
0.9994541726
0.9994541726
0.9994541726
0.9994541726
0.9994541726
0.9994541726
0.9994541726
0.9994541726
0.9994541726
0.9994541726
0.9994541726
0.9994541726
0.9994541726
0.9994541726
0.9994541726
0.9994541726
0.9994541726
0.9994541726
0.9994541726
0.9994541726
0.9994541726
0.9994541726
0.9994541726
0.9994541726
0.9994541726
0.9994541726
0.9994541726
0.9994541726
0.9994541726
0.9994541726
0.9994541726
0.9994541726
0.9994541726
0.9994541726
0.9994541726
0.9994541726
0.9994541726
0.9994541726
0.9994541726
0.9994541726
0.9994541726
0.9994541726
0.9994541726
0.9994541726
0.9994541726
0.9994541726
0.9994541726
0.9994541726
0.9994541726
0.9994541726
0.9994541726
0.9994541726
0.9994541726
0.9994541726
0.9994541726
0.9994541726
0.9994541726
0.9994541726
0.9994541726
0.9994541726
0.9994541726
0.9994541726
0.9994541726
0.9994541726
0.9994541726
0.9994541726
0.9994541726
0.9994541726
0.9994541726
0.9994541726
0.9994541726
0.9994541726
0.9994541726
0.9994541726
0.9994541726
0.9994541726
0.9994541726
0.9994541726
0.9994541726
0.9994541726
0.9994541726
0.9994541726
0.9994541726
0.9994541726
0.9994541726
0.9994541726
0.9994541726
0.9994541726
0.9994541726
0.9994541726
0.9994541726
0.9994541726
0.9994541726
0.9994541726
0.9994541726
0.9994541726
0.9994541726
0.9994541726
0.9994541726
0.9994541726
0.9994541726
0.9994541726
0.9994541726
0.9994541726
0.9994541726
0.9994541726
0.9994541726
0.9994541726
0.9994541726
0.9994541726
0.9994541726
0.9994541726
0.9994541726
0.9994541726
0.9994541726
0.9994541726
0.9994541726
0.9994541726
0.9994541726
0.9994541726
0.9994541726
0.9994541726
0.9994541726
0.9994541726
0.9994541726
0.9994541726
0.9994541726
0.9994541726
0.9994541726
0.9994541726
0.9994541726
0.9994541726
0.9994541726
0.9994541726
0.9994541726
0.9994541726
0.9994541726
0.9994541726
0.9994541726
0.9994541726
0.9994541726
0.9994541726
0.9994541726
0.9994541726
0.9994541726
0.9994541726
0.9994541726
0.9994541726
0.9994541726
0.9994541726
0.9994541726
0.9994541726
0.9994541726
0.9994541726
0.9994541726
0.9994541726
0.9994541726
0.9994541726
0.9994541726
0.9994541726
0.9994541726
0.9994541726
0.9994541726
0.9994541726
0.9994541726
0.9994541726
0.9994541726
0.9994541726
0.9994541726
0.9994541726
0.9994541726
0.9994541726
0.9994541726
0.9994541726
)
;

boundaryField
{
    sides
    {
        type            calculated;
        value           nonuniform List<scalar> 2(0.9994541726 1.399243861);
    }
    empty
    {
        type            empty;
    }
}


// ************************************************************************* //
