/*--------------------------------*- C++ -*----------------------------------*\
| =========                 |                                                 |
| \\      /  F ield         | OpenFOAM: The Open Source CFD Toolbox           |
|  \\    /   O peration     | Version:  v1812                                 |
|   \\  /    A nd           | Web:      www.OpenFOAM.com                      |
|    \\/     M anipulation  |                                                 |
\*---------------------------------------------------------------------------*/
FoamFile
{
    version     2.0;
    format      ascii;
    class       volScalarField;
    location    "0.001";
    object      rho;
}
// * * * * * * * * * * * * * * * * * * * * * * * * * * * * * * * * * * * * * //

dimensions      [1 -3 0 0 0 0 0];


internalField   nonuniform List<scalar> 
8475
(
1.22191
1.22191
1.22191
1.22191
1.22191
1.22191
1.22191
1.22191
1.22191
1.22191
1.22191
1.22191
1.22191
1.22191
1.22191
1.22191
1.22191
1.22191
1.22191
1.22191
1.22191
1.22191
1.22191
1.22191
1.22191
1.22191
1.22191
1.22191
1.22191
1.22191
1.22191
1.22191
1.22191
1.22191
1.22191
1.22191
1.22198
1.22633
1.22191
1.22191
1.22191
1.22191
1.22191
1.22191
1.22191
1.22191
1.22191
1.22191
1.22191
1.22191
1.22191
1.22191
1.22191
1.22191
1.22191
1.22191
1.22191
1.22191
1.22191
1.22191
1.22191
1.22191
1.22191
1.22191
1.22191
1.22191
1.22191
1.22191
1.22191
1.22191
1.22191
1.22191
1.22191
1.22191
1.22194
1.22295
1.22191
1.22191
1.22191
1.22191
1.22191
1.22191
1.22191
1.22191
1.22191
1.22191
1.22191
1.22191
1.22191
1.22191
1.22191
1.22191
1.22191
1.22191
1.22191
1.22191
1.22191
1.22191
1.22191
1.22191
1.22191
1.22191
1.22191
1.22191
1.22191
1.22191
1.22191
1.22191
1.22191
1.22191
1.22191
1.22191
1.22192
1.22206
1.22191
1.22191
1.22191
1.22191
1.22191
1.22191
1.22191
1.22191
1.22191
1.22191
1.22191
1.22191
1.22191
1.22191
1.22191
1.22191
1.22191
1.22191
1.22191
1.22191
1.22191
1.22191
1.22191
1.22191
1.22191
1.22191
1.22191
1.22191
1.22191
1.22191
1.22191
1.22191
1.22191
1.22191
1.22191
1.22191
1.22191
1.22193
1.22191
1.22191
1.22191
1.22191
1.22191
1.22191
1.22191
1.22191
1.22191
1.22191
1.22191
1.22191
1.22191
1.22191
1.22191
1.22191
1.22191
1.22191
1.22191
1.22191
1.22191
1.22191
1.22191
1.22191
1.22191
1.22191
1.22191
1.22191
1.22191
1.22191
1.22191
1.22191
1.22191
1.22191
1.22191
1.22191
1.22191
1.22191
1.22191
1.22191
1.22191
1.22191
1.22191
1.22191
1.22191
1.22191
1.22191
1.22191
1.22191
1.22191
1.22191
1.22191
1.22191
1.22191
1.22191
1.22191
1.22191
1.22191
1.22191
1.22191
1.22191
1.22191
1.22191
1.22191
1.22191
1.22191
1.22191
1.22191
1.22191
1.22191
1.22191
1.22191
1.22191
1.22191
1.22191
1.22191
1.22191
1.22191
1.22191
1.22191
1.22191
1.22191
1.22191
1.22191
1.22191
1.22191
1.22191
1.22191
1.22191
1.22191
1.22191
1.22191
1.22191
1.22191
1.22191
1.22191
1.22191
1.22191
1.22191
1.22191
1.22191
1.22191
1.22191
1.22191
1.22191
1.22191
1.22191
1.22191
1.22191
1.22191
1.22191
1.22191
1.22191
1.22191
1.22191
1.22191
1.22191
1.22191
1.22191
1.22191
1.22191
1.22191
1.22191
1.22191
1.22191
1.22191
1.22191
1.22191
1.22191
1.22191
1.22191
1.22191
1.22191
1.22191
1.22191
1.22191
1.22191
1.22191
1.22191
1.22191
1.22191
1.22191
1.22191
1.22191
1.22191
1.22191
1.22191
1.22191
1.22191
1.22191
1.22191
1.22191
1.22191
1.22191
1.22191
1.22191
1.22191
1.22191
1.22191
1.22191
1.22191
1.22191
1.22191
1.22191
1.22191
1.22191
1.22191
1.22191
1.22191
1.22191
1.22191
1.22191
1.22191
1.22191
1.22191
1.22191
1.22191
1.22191
1.22191
1.22191
1.22191
1.22191
1.22191
1.22191
1.22191
1.22191
1.22191
1.22191
1.22191
1.22191
1.22191
1.22191
1.22191
1.22191
1.22191
1.22191
1.22191
1.22191
1.22191
1.22191
1.22191
1.22191
1.22191
1.22191
1.22191
1.22191
1.22191
1.22191
1.22191
1.22191
1.22191
1.22191
1.22191
1.22191
1.22191
1.22191
1.22191
1.22191
1.22191
1.22191
1.22191
1.22191
1.22191
1.22191
1.22191
1.22191
1.22191
1.22191
1.22191
1.22191
1.22191
1.22191
1.22191
1.22191
1.22191
1.22191
1.22191
1.22191
1.22191
1.22191
1.22191
1.22191
1.22191
1.22191
1.22191
1.22191
1.22191
1.22191
1.22191
1.22191
1.22191
1.22191
1.22191
1.22191
1.22191
1.22191
1.22191
1.22191
1.22191
1.22191
1.22191
1.22191
1.22191
1.22191
1.22191
1.22191
1.22191
1.22191
1.22191
1.22191
1.22191
1.22191
1.22191
1.22191
1.22191
1.22191
1.22191
1.22191
1.22191
1.22191
1.22191
1.22191
1.22191
1.22191
1.22191
1.22191
1.22191
1.22191
1.22191
1.22191
1.22191
1.22191
1.22191
1.22191
1.22191
1.22191
1.22191
1.22191
1.22191
1.22191
1.22191
1.22191
1.22191
1.22191
1.22191
1.22191
1.22191
1.22191
1.22191
1.22191
1.22191
1.22191
1.22191
1.22191
1.22191
1.22191
1.22191
1.22191
1.22191
1.22191
1.22191
1.22191
1.22191
1.22191
1.22191
1.22191
1.22191
1.22191
1.22191
1.22191
1.22191
1.22191
1.22191
1.22191
1.22191
1.22191
1.22191
1.22191
1.22191
1.22191
1.22191
1.22191
1.22191
1.22191
1.22191
1.22191
1.22191
1.22191
1.22191
1.22191
1.22191
1.22191
1.22191
1.22191
1.22191
1.22191
1.22191
1.22191
1.22191
1.22191
1.22191
1.22191
1.22191
1.22191
1.22191
1.22191
1.22191
1.22191
1.22191
1.22191
1.22191
1.22191
1.22191
1.22191
1.22191
1.22191
1.22191
1.22191
1.22191
1.22191
1.22191
1.22191
1.22191
1.22191
1.22191
1.22191
1.22191
1.22191
1.22191
1.22191
1.22191
1.22191
1.22191
1.22191
1.22191
1.22191
1.22191
1.22191
1.22191
1.22191
1.22191
1.22191
1.22191
1.22191
1.22191
1.22191
1.22191
1.22191
1.22191
1.22191
1.22191
1.22191
1.22191
1.22191
1.22191
1.22191
1.22191
1.22191
1.22191
1.22191
1.22191
1.22191
1.22191
1.22191
1.22191
1.22191
1.22191
1.22191
1.22191
1.22191
1.22191
1.22191
1.22191
1.22191
1.22191
1.22191
1.22191
1.22191
1.22191
1.22191
1.22191
1.22191
1.22191
1.22191
1.22191
1.22191
1.22191
1.22191
1.22191
1.22191
1.22191
1.22191
1.22191
1.22191
1.22191
1.22191
1.22191
1.22191
1.22191
1.22191
1.22191
1.22191
1.22191
1.22191
1.22191
1.22191
1.22191
1.22191
1.22191
1.22191
1.22191
1.22191
1.22191
1.22191
1.22191
1.22191
1.22191
1.22191
1.22191
1.22191
1.22191
1.22191
1.22191
1.22191
1.22191
1.22191
1.22191
1.22191
1.22191
1.22191
1.22191
1.22191
1.22191
1.22191
1.22191
1.22191
1.22191
1.22191
1.22191
1.22191
1.22191
1.22191
1.22191
1.22191
1.22191
1.22191
1.22191
1.22191
1.22191
1.22191
1.22191
1.22191
1.22191
1.22191
1.22191
1.22191
1.22191
1.22191
1.22191
1.22191
1.22191
1.22191
1.22191
1.22191
1.22191
1.22191
1.22191
1.22191
1.22191
1.22191
1.22191
1.22191
1.22191
1.22191
1.22191
1.22191
1.22191
1.22191
1.22191
1.22191
1.22191
1.22191
1.22191
1.22191
1.22191
1.22191
1.22191
1.22191
1.22191
1.22191
1.22191
1.22191
1.22191
1.22191
1.22191
1.22191
1.22191
1.22191
1.22191
1.22191
1.22191
1.22191
1.22191
1.22191
1.22191
1.22191
1.22191
1.22191
1.22191
1.22191
1.22191
1.22191
1.22191
1.22191
1.22191
1.22191
1.22191
1.22191
1.22191
1.22191
1.22191
1.22191
1.22191
1.22191
1.22191
1.22191
1.22191
1.22191
1.22191
1.22191
1.22191
1.22191
1.22191
1.22191
1.22191
1.22191
1.22191
1.22191
1.22191
1.22191
1.22191
1.22191
1.22191
1.22191
1.22191
1.22191
1.22191
1.22191
1.22191
1.22191
1.22191
1.22191
1.22191
1.22191
1.22191
1.22191
1.22191
1.22191
1.22191
1.22191
1.22191
1.22191
1.22191
1.22191
1.22191
1.22191
1.22191
1.22191
1.22191
1.22191
1.22191
1.22191
1.22191
1.22191
1.22191
1.22191
1.22191
1.22191
1.22191
1.22191
1.22191
1.22191
1.22191
1.22191
1.22191
1.22191
1.22191
1.22191
1.22191
1.22191
1.22191
1.22191
1.22191
1.22191
1.22191
1.22191
1.22191
1.22191
1.22191
1.22191
1.22191
1.22191
1.22191
1.22191
1.22191
1.22191
1.22191
1.22191
1.22191
1.22191
1.22191
1.22191
1.22191
1.22191
1.22191
1.22191
1.22191
1.22191
1.22191
1.22191
1.22191
1.22191
1.22191
1.22191
1.22191
1.22191
1.22191
1.22191
1.22191
1.22191
1.22191
1.22191
1.22191
1.22191
1.22191
1.22191
1.22191
1.22191
1.22191
1.22191
1.22191
1.22191
1.22191
1.22191
1.22191
1.22191
1.22191
1.22191
1.22191
1.22191
1.22191
1.22191
1.22191
1.22191
1.22191
1.22191
1.22191
1.22191
1.22191
1.22191
1.22191
1.22191
1.22191
1.22191
1.22191
1.22191
1.22191
1.22191
1.22191
1.22191
1.22191
1.22191
1.22191
1.22191
1.22191
1.22191
1.22191
1.22191
1.22191
1.22191
1.22191
1.22191
1.22191
1.22191
1.22191
1.22191
1.22191
1.22191
1.22191
1.22191
1.22191
1.22191
1.22191
1.22191
1.22191
1.22191
1.22191
1.22191
1.22191
1.22191
1.22191
1.22191
1.22191
1.22191
1.22191
1.22191
1.22191
1.22191
1.22191
1.22191
1.22191
1.22191
1.22191
1.22191
1.22191
1.22191
1.22191
1.22191
1.22191
1.22191
1.22191
1.22191
1.22191
1.22191
1.22191
1.22191
1.22191
1.22191
1.22191
1.22191
1.22191
1.22191
1.22191
1.22191
1.22191
1.22191
1.22191
1.22191
1.22191
1.22191
1.22191
1.22191
1.22191
1.22191
1.22191
1.22191
1.22191
1.22191
1.22191
1.22191
1.22191
1.22191
1.22191
1.22191
1.22191
1.22191
1.22191
1.22191
1.22191
1.22191
1.22191
1.22191
1.22191
1.22191
1.22191
1.22191
1.22191
1.22191
1.22191
1.22191
1.22191
1.22191
1.22191
1.22191
1.22191
1.22191
1.22191
1.22191
1.22191
1.22191
1.22191
1.22191
1.22191
1.22191
1.22191
1.22191
1.22191
1.22191
1.22191
1.22191
1.22191
1.22191
1.22191
1.22191
1.22191
1.22191
1.22191
1.22191
1.22191
1.22191
1.22191
1.22191
1.22191
1.22191
1.22191
1.22191
1.22191
1.22191
1.22191
1.22191
1.22191
1.22191
1.22191
1.22191
1.22191
1.22191
1.22191
1.22191
1.22191
1.22191
1.22191
1.22191
1.22191
1.22191
1.22191
1.22191
1.22191
1.22191
1.22191
1.22191
1.22191
1.22191
1.22191
1.22191
1.22191
1.22191
1.22191
1.22191
1.22191
1.22191
1.22191
1.22191
1.22191
1.22191
1.22191
1.22191
1.22191
1.22191
1.22191
1.22191
1.22191
1.22191
1.22191
1.22191
1.22191
1.22191
1.22191
1.22191
1.22191
1.22191
1.22191
1.22191
1.22191
1.22191
1.22191
1.22191
1.22191
1.22191
1.22191
1.22191
1.22191
1.22191
1.22191
1.22191
1.22191
1.22191
1.22191
1.22191
1.22191
1.22191
1.22191
1.22191
1.22191
1.22191
1.22191
1.22191
1.22191
1.22191
1.22191
1.22191
1.22191
1.22191
1.22191
1.22191
1.22191
1.22191
1.22191
1.22191
1.22191
1.22191
1.22191
1.22191
1.22191
1.22191
1.22191
1.22191
1.22191
1.22191
1.22191
1.22191
1.22191
1.22191
1.22191
1.22191
1.22191
1.22191
1.22191
1.22191
1.22191
1.22191
1.22191
1.22191
1.22191
1.22191
1.22191
1.22191
1.22191
1.22191
1.22191
1.22191
1.22191
1.22191
1.22191
1.22191
1.22191
1.22191
1.22191
1.22191
1.22191
1.22191
1.22191
1.22191
1.22191
1.22191
1.22191
1.22191
1.22191
1.22191
1.22191
1.22191
1.22191
1.22191
1.22191
1.22191
1.22191
1.22191
1.22191
1.22191
1.22191
1.22191
1.22191
1.22191
1.22191
1.22191
1.22191
1.22191
1.22191
1.22191
1.22191
1.22191
1.22191
1.22191
1.22191
1.22191
1.22191
1.22191
1.22191
1.22191
1.22191
1.22191
1.22191
1.22191
1.22191
1.22191
1.22191
1.22191
1.22191
1.22191
1.22191
1.22191
1.22191
1.22191
1.22191
1.22191
1.22191
1.22191
1.22191
1.22191
1.22191
1.22191
1.22191
1.22191
1.22191
1.22191
1.22191
1.22191
1.22191
1.22191
1.22191
1.22191
1.22191
1.22191
1.22191
1.22191
1.22191
1.22191
1.22191
1.22191
1.22191
1.22191
1.22191
1.22191
1.22191
1.22191
1.22191
1.22191
1.22191
1.22191
1.22191
1.22191
1.22191
1.22191
1.22191
1.22191
1.22191
1.22191
1.22191
1.22191
1.22191
1.22191
1.22191
1.22191
1.22191
1.22191
1.22191
1.22191
1.22191
1.22191
1.22191
1.22191
1.22191
1.22191
1.22191
1.22191
1.22191
1.22191
1.22191
1.22191
1.22191
1.22191
1.22191
1.22191
1.22191
1.22191
1.22191
1.22191
1.22191
1.22191
1.22191
1.22191
1.22191
1.22191
1.22191
1.22191
1.22191
1.22191
1.22191
1.22191
1.22191
1.22191
1.22191
1.22191
1.22191
1.22191
1.22191
1.22191
1.22191
1.22191
1.22191
1.22191
1.22191
1.22191
1.22191
1.22191
1.22191
1.22191
1.22191
1.22191
1.22191
1.22191
1.22191
1.22191
1.22191
1.22191
1.22191
1.22191
1.22191
1.22191
1.22191
1.22191
1.22191
1.22191
1.22191
1.22191
1.22191
1.22191
1.22191
1.22191
1.22191
1.22191
1.22191
1.22191
1.22191
1.22191
1.22191
1.22191
1.22191
1.22191
1.22191
1.22191
1.22191
1.22191
1.22191
1.22191
1.22191
1.22191
1.22191
1.22191
1.22191
1.22191
1.22191
1.22191
1.22191
1.22191
1.22191
1.22191
1.22191
1.22191
1.22191
1.22191
1.22191
1.22191
1.22191
1.22191
1.22191
1.22191
1.22191
1.22191
1.22191
1.22191
1.22191
1.22191
1.22191
1.22191
1.22191
1.22191
1.22191
1.22191
1.22191
1.22191
1.22191
1.22191
1.22191
1.22191
1.22191
1.22191
1.22191
1.22191
1.22191
1.22191
1.22191
1.22191
1.22191
1.22191
1.22191
1.22191
1.22191
1.22191
1.22191
1.22191
1.22191
1.22191
1.22191
1.22191
1.22191
1.22191
1.22191
1.22191
1.22191
1.22191
1.22191
1.22191
1.22191
1.22191
1.22191
1.22191
1.22191
1.22191
1.22191
1.22191
1.22191
1.22191
1.22191
1.22191
1.22191
1.22191
1.22191
1.22191
1.22191
1.22191
1.22191
1.22191
1.22191
1.22191
1.22191
1.22191
1.22191
1.22191
1.22191
1.22191
1.22191
1.22191
1.22191
1.22191
1.22191
1.22191
1.22191
1.22191
1.22191
1.22191
1.22191
1.22191
1.22191
1.22191
1.22191
1.22191
1.22191
1.22191
1.22191
1.22191
1.22191
1.22191
1.22191
1.22191
1.22191
1.22191
1.22191
1.22191
1.22191
1.22191
1.22191
1.22191
1.22191
1.22191
1.22191
1.22191
1.22191
1.22191
1.22191
1.22191
1.22191
1.22191
1.22191
1.22191
1.22191
1.22191
1.22191
1.22191
1.22191
1.22191
1.22191
1.22191
1.22191
1.22191
1.22191
1.22191
1.22191
1.22191
1.22191
1.22191
1.22191
1.22191
1.22191
1.22191
1.22191
1.22191
1.22191
1.22191
1.22191
1.22191
1.22191
1.22191
1.22191
1.22191
1.22191
1.22191
1.22191
1.22191
1.22191
1.22191
1.22191
1.22191
1.22191
1.22191
1.22191
1.22191
1.22191
1.22191
1.22191
1.22191
1.22191
1.22191
1.22191
1.22191
1.22191
1.22191
1.22191
1.22191
1.22191
1.22191
1.22191
1.22191
1.22191
1.22191
1.22191
1.22191
1.22191
1.22191
1.22191
1.22191
1.22191
1.22191
1.22191
1.22191
1.22191
1.22191
1.22191
1.22191
1.22191
1.22191
1.22191
1.22191
1.22191
1.22191
1.22191
1.22191
1.22191
1.22191
1.22191
1.22191
1.22191
1.22191
1.22191
1.22191
1.22191
1.22191
1.22191
1.22191
1.22191
1.22191
1.22191
1.22191
1.22191
1.22191
1.22191
1.22191
1.22191
1.22191
1.22191
1.22191
1.22191
1.22191
1.22191
1.22191
1.22191
1.22191
1.22191
1.22191
1.22191
1.22191
1.22191
1.22191
1.22191
1.22191
1.22191
1.22191
1.22191
1.22191
1.22191
1.22191
1.22191
1.22191
1.22191
1.22191
1.22191
1.22191
1.22191
1.22191
1.22191
1.22191
1.22191
1.22191
1.22191
1.22191
1.22191
1.22191
1.22191
1.22191
1.22191
1.22191
1.22191
1.22191
1.22191
1.22191
1.22191
1.22191
1.22191
1.22191
1.22191
1.22191
1.22191
1.22191
1.22191
1.22191
1.22191
1.22191
1.22191
1.22191
1.22191
1.22191
1.22191
1.22191
1.22191
1.22191
1.22191
1.22191
1.22191
1.22191
1.22191
1.22191
1.22191
1.22191
1.22191
1.22191
1.22191
1.22191
1.22191
1.22191
1.22191
1.22191
1.22191
1.22191
1.22191
1.22191
1.22191
1.22191
1.22191
1.22191
1.22191
1.22191
1.22191
1.22191
1.22191
1.22191
1.22191
1.22191
1.22191
1.22191
1.22191
1.22191
1.22191
1.22191
1.22191
1.22191
1.22191
1.22191
1.22191
1.22191
1.22191
1.22191
1.22191
1.22191
1.22191
1.22191
1.22191
1.22191
1.22191
1.22191
1.22191
1.22191
1.22191
1.22191
1.22191
1.22191
1.22191
1.22191
1.22191
1.22191
1.22191
1.22191
1.22191
1.22191
1.22191
1.22191
1.22191
1.22191
1.22191
1.22191
1.22191
1.22191
1.22191
1.22191
1.22191
1.22191
1.22191
1.22191
1.22191
1.22191
1.22191
1.22191
1.22191
1.22191
1.22191
1.22191
1.22191
1.22191
1.22191
1.22191
1.22191
1.22191
1.22191
1.22191
1.22191
1.22191
1.22191
1.22191
1.22191
1.22191
1.22191
1.22191
1.22191
1.22191
1.22191
1.22191
1.22191
1.22191
1.22191
1.22191
1.22191
1.22191
1.22191
1.22191
1.22191
1.22191
1.22191
1.22191
1.22191
1.22191
1.22191
1.22191
1.22191
1.22191
1.22191
1.22191
1.22191
1.22191
1.22191
1.22191
1.22191
1.22191
1.22191
1.22191
1.22191
1.22191
1.22191
1.22191
1.22191
1.22191
1.22191
1.22191
1.22191
1.22191
1.22191
1.22191
1.22191
1.22191
1.22191
1.22191
1.22191
1.22191
1.22191
1.22191
1.22191
1.22191
1.22191
1.22191
1.22191
1.22191
1.22191
1.22191
1.22191
1.22191
1.22191
1.22191
1.22191
1.22191
1.22191
1.22191
1.22191
1.22191
1.22191
1.22191
1.22191
1.22191
1.22191
1.22191
1.22191
1.22191
1.22191
1.22191
1.22191
1.22191
1.22191
1.22191
1.22191
1.22191
1.22191
1.22191
1.22191
1.22191
1.22191
1.22191
1.22191
1.22191
1.22191
1.22191
1.22191
1.22191
1.22191
1.22191
1.22191
1.22191
1.22191
1.22191
1.22191
1.22191
1.22191
1.22191
1.22191
1.22191
1.22191
1.22191
1.22191
1.22191
1.22191
1.22191
1.22191
1.22191
1.22191
1.22191
1.22191
1.22191
1.22191
1.22191
1.22191
1.22191
1.22191
1.22191
1.22191
1.22191
1.22191
1.22191
1.22191
1.22191
1.22191
1.22191
1.22191
1.22191
1.22191
1.22191
1.22191
1.22191
1.22191
1.22191
1.22191
1.22191
1.22191
1.22191
1.22191
1.22191
1.22191
1.22191
1.22191
1.22191
1.22191
1.22191
1.22191
1.22191
1.22191
1.22191
1.22191
1.22191
1.22191
1.22191
1.22191
1.22191
1.22191
1.22191
1.22191
1.22191
1.22191
1.22191
1.22191
1.22191
1.22191
1.22191
1.22191
1.22191
1.22191
1.22191
1.22191
1.22191
1.22191
1.22191
1.22191
1.22191
1.22191
1.22191
1.22191
1.22191
1.22191
1.22191
1.22191
1.22191
1.22191
1.22191
1.22191
1.22191
1.22191
1.22191
1.22191
1.22191
1.22191
1.22191
1.22191
1.22191
1.22191
1.22191
1.22191
1.22191
1.22191
1.22191
1.22191
1.22191
1.22191
1.22191
1.22191
1.22191
1.22191
1.22191
1.22191
1.22191
1.22191
1.22191
1.22191
1.22191
1.22191
1.22191
1.22191
1.22191
1.22191
1.22191
1.22191
1.22191
1.22191
1.22191
1.22191
1.22191
1.22191
1.22191
1.22191
1.22191
1.22191
1.22191
1.22191
1.22191
1.22191
1.22191
1.22191
1.22191
1.22191
1.22191
1.22191
1.22191
1.22191
1.22191
1.22191
1.22191
1.22191
1.22191
1.22191
1.22191
1.22191
1.22191
1.22191
1.22191
1.22191
1.22191
1.22191
1.22191
1.22191
1.22191
1.22191
1.22191
1.22191
1.22191
1.22191
1.22191
1.22191
1.22191
1.22191
1.22191
1.22191
1.22191
1.22191
1.22191
1.22191
1.22191
1.22191
1.22191
1.22191
1.22191
1.22191
1.22191
1.22191
1.22191
1.22191
1.22191
1.22191
1.22191
1.22191
1.22191
1.22191
1.22191
1.22191
1.22191
1.22191
1.22191
1.22191
1.22191
1.22191
1.22191
1.22191
1.22191
1.22191
1.22191
1.22191
1.22191
1.22191
1.22191
1.22191
1.22191
1.22191
1.22191
1.22191
1.22191
1.22191
1.22191
1.22191
1.22191
1.22191
1.22191
1.22191
1.22191
1.22191
1.22191
1.22191
1.22191
1.22191
1.22191
1.22191
1.22191
1.22191
1.22191
1.22191
1.22191
1.22191
1.22191
1.22191
1.22191
1.22191
1.22191
1.22191
1.22191
1.22191
1.22191
1.22191
1.22191
1.22191
1.22191
1.22191
1.22191
1.22191
1.22191
1.22191
1.22191
1.22191
1.22191
1.22191
1.22191
1.22191
1.22191
1.22191
1.22191
1.22191
1.22191
1.22191
1.22191
1.22191
1.22191
1.22191
1.22191
1.22191
1.22191
1.22191
1.22191
1.22191
1.22191
1.22191
1.22191
1.22191
1.22191
1.22191
1.22191
1.22191
1.22191
1.22191
1.22191
1.22191
1.22191
1.22191
1.22191
1.22191
1.22191
1.22191
1.22191
1.22191
1.22191
1.22191
1.22191
1.22191
1.22191
1.22191
1.22191
1.22191
1.22191
1.22191
1.22191
1.22191
1.22191
1.22191
1.22191
1.22191
1.22191
1.22191
1.22191
1.22191
1.22191
1.22191
1.22191
1.22191
1.22191
1.22191
1.22191
1.22191
1.22191
1.22191
1.22191
1.22191
1.22191
1.22191
1.22191
1.22191
1.22191
1.22191
1.22191
1.22191
1.22191
1.22191
1.22191
1.22191
1.22191
1.22191
1.22191
1.22191
1.22191
1.22191
1.22191
1.22191
1.22191
1.22191
1.22191
1.22191
1.22191
1.22191
1.22191
1.22191
1.22191
1.22191
1.22191
1.22191
1.22191
1.22191
1.22191
1.22191
1.22191
1.22191
1.22191
1.22191
1.22191
1.22191
1.22191
1.22191
1.22191
1.22191
1.22191
1.22191
1.22191
1.22191
1.22191
1.22191
1.22191
1.22191
1.22191
1.22191
1.22191
1.22191
1.22191
1.22191
1.22191
1.22191
1.22191
1.22191
1.22191
1.22191
1.22191
1.22191
1.22191
1.22191
1.22191
1.22191
1.22191
1.22191
1.22191
1.22191
1.22191
1.22191
1.22191
1.22191
1.22191
1.22191
1.22191
1.22191
1.22191
1.22191
1.22191
1.22191
1.22191
1.22191
1.22191
1.22191
1.22191
1.22191
1.22191
1.22191
1.22191
1.22191
1.22191
1.22191
1.22191
1.22191
1.22191
1.22191
1.22191
1.22191
1.22191
1.22191
1.22191
1.22191
1.22191
1.22191
1.22191
1.22191
1.22191
1.22191
1.22191
1.22191
1.22191
1.22191
1.22191
1.22191
1.22191
1.22191
1.22191
1.22191
1.22191
1.22191
1.22191
1.22191
1.22191
1.22191
1.22191
1.22191
1.22191
1.22191
1.22191
1.22191
1.22191
1.22191
1.22191
1.22191
1.22191
1.22191
1.22191
1.22191
1.22191
1.22191
1.22191
1.22191
1.22191
1.22191
1.22191
1.22191
1.22191
1.22191
1.22191
1.22191
1.22191
1.22191
1.22191
1.22191
1.22191
1.22191
1.22191
1.22191
1.22191
1.22191
1.22191
1.22191
1.22191
1.22191
1.22191
1.22191
1.22191
1.22191
1.22191
1.22191
1.22191
1.22191
1.22191
1.22191
1.22191
1.22191
1.22191
1.22191
1.22191
1.22191
1.22191
1.22191
1.22191
1.22191
1.22191
1.22191
1.22191
1.22191
1.22191
1.22191
1.22191
1.22191
1.22191
1.22191
1.22191
1.22191
1.22191
1.22191
1.22191
1.22191
1.22191
1.22191
1.22191
1.22191
1.22191
1.22191
1.22191
1.22191
1.22191
1.22191
1.22191
1.22191
1.22191
1.22191
1.22191
1.22191
1.22191
1.22191
1.22191
1.22191
1.22191
1.22191
1.22191
1.22191
1.22191
1.22191
1.22191
1.22191
1.22191
1.22191
1.22191
1.22191
1.22191
1.22191
1.22191
1.22191
1.22191
1.22191
1.22191
1.22191
1.22191
1.22191
1.22191
1.22191
1.22191
1.22191
1.22191
1.22191
1.22191
1.22191
1.22191
1.22191
1.22191
1.22191
1.22191
1.22191
1.22191
1.22191
1.22191
1.22191
1.22191
1.22191
1.22191
1.22191
1.22191
1.22191
1.22191
1.22191
1.22191
1.22191
1.22191
1.22191
1.22191
1.22191
1.22191
1.22191
1.22191
1.22191
1.22191
1.22191
1.22191
1.22191
1.22191
1.22191
1.22191
1.22191
1.22191
1.22191
1.22191
1.22191
1.22191
1.22191
1.22191
1.22191
1.22191
1.22191
1.22191
1.22191
1.22191
1.22191
1.22191
1.22191
1.22191
1.22191
1.22191
1.22191
1.22191
1.22191
1.22191
1.22191
1.22191
1.22191
1.22191
1.22191
1.22191
1.22191
1.22191
1.22191
1.22191
1.22191
1.22191
1.22191
1.22191
1.22191
1.22191
1.22191
1.22191
1.22191
1.22191
1.22191
1.22191
1.22191
1.22191
1.22191
1.22191
1.22191
1.22191
1.22191
1.22191
1.22191
1.22191
1.22191
1.22191
1.22191
1.22191
1.22191
1.22191
1.22191
1.22191
1.22191
1.22191
1.22191
1.22191
1.22191
1.22191
1.22191
1.22191
1.22191
1.22191
1.22191
1.22191
1.22191
1.22191
1.22191
1.22191
1.22191
1.22191
1.22191
1.22191
1.22191
1.22191
1.22191
1.22191
1.22191
1.22191
1.22191
1.22191
1.22191
1.22191
1.22191
1.22191
1.22191
1.22191
1.22191
1.22191
1.22191
1.22191
1.22191
1.22191
1.22191
1.22191
1.22191
1.22191
1.22191
1.22191
1.22191
1.22191
1.22191
1.22191
1.22191
1.22191
1.22191
1.22191
1.22191
1.22191
1.22191
1.22191
1.22191
1.22191
1.22191
1.22191
1.22191
1.22191
1.22191
1.22191
1.22191
1.22191
1.22191
1.22191
1.22191
1.22191
1.22191
1.22191
1.22191
1.22191
1.22191
1.22191
1.22191
1.22191
1.22191
1.22191
1.22191
1.22191
1.22191
1.22191
1.22191
1.22191
1.22191
1.22191
1.22191
1.22191
1.22191
1.22191
1.22191
1.22191
1.22191
1.22191
1.22191
1.22191
1.22191
1.22191
1.22191
1.22191
1.22191
1.22191
1.22191
1.22191
1.22191
1.22191
1.22191
1.22191
1.22191
1.22191
1.22191
1.22191
1.22191
1.22191
1.22191
1.22191
1.22191
1.22191
1.22191
1.22191
1.22191
1.22191
1.22191
1.22191
1.22191
1.22191
1.22191
1.22191
1.22191
1.22191
1.22191
1.22191
1.22191
1.22191
1.22191
1.22191
1.22191
1.22191
1.22191
1.22191
1.22191
1.22191
1.22191
1.22191
1.22191
1.22191
1.22191
1.22191
1.22191
1.22191
1.22191
1.22191
1.22191
1.22191
1.22191
1.22191
1.22191
1.22191
1.22191
1.22191
1.22191
1.22191
1.22191
1.22191
1.22191
1.22191
1.22191
1.22191
1.22191
1.22191
1.22191
1.22191
1.22191
1.22191
1.22191
1.22191
1.22191
1.22191
1.22191
1.22191
1.22191
1.22191
1.22191
1.22191
1.22191
1.22191
1.22191
1.22191
1.22191
1.22191
1.22191
1.22191
1.22191
1.22191
1.22191
1.22191
1.22191
1.22191
1.22191
1.22191
1.22191
1.22191
1.22191
1.22191
1.22191
1.22191
1.22191
1.22191
1.22191
1.22191
1.22191
1.22191
1.22191
1.22191
1.22191
1.22191
1.22191
1.22191
1.22191
1.22191
1.22191
1.22191
1.22191
1.22191
1.22191
1.22191
1.22191
1.22191
1.22191
1.22191
1.22191
1.22191
1.22191
1.22191
1.22191
1.22191
1.22191
1.22191
1.22191
1.22191
1.22191
1.22191
1.22191
1.22191
1.22191
1.22191
1.22191
1.22191
1.22191
1.22191
1.22191
1.22191
1.22191
1.22191
1.22191
1.22191
1.22191
1.22191
1.22191
1.22191
1.22191
1.22191
1.22191
1.22191
1.22191
1.22191
1.22191
1.22191
1.22191
1.22191
1.22191
1.22191
1.22191
1.22191
1.22191
1.22191
1.22191
1.22191
1.22191
1.22191
1.22191
1.22191
1.22191
1.22191
1.22191
1.22191
1.22191
1.22191
1.45648
1.83951
2.13356
2.61515
2.671
2.69899
2.57874
2.37645
2.22268
2.23571
2.25998
2.26398
2.2566
2.22805
2.20606
2.21601
2.24164
2.27109
2.28221
2.2803
2.27787
2.27345
2.26766
2.26174
2.26011
2.26151
2.26549
2.26987
2.27115
2.27248
2.27322
2.27287
2.27164
2.26928
2.26642
2.26284
2.25829
2.2549
2.25252
2.25216
2.2541
2.25421
2.25407
2.2536
2.25389
2.25526
2.25836
2.26221
2.266
2.26792
2.26785
2.2673
2.26615
2.26447
2.26241
2.26049
2.25894
2.25711
2.25629
2.25504
2.25714
2.25943
2.26133
2.26375
2.26574
2.26595
2.26487
2.26306
2.26053
2.25792
2.25491
2.25341
2.25354
2.25437
2.25486
1.24988
1.29143
1.44515
1.60405
1.92022
2.26598
2.33819
2.34375
2.42186
2.43723
2.41733
2.35591
2.30613
2.24489
2.24935
2.26765
2.29068
2.30259
2.30418
2.3043
2.3035
2.30193
2.29992
2.2963
2.29647
2.29703
2.29641
2.29384
2.29132
2.28922
2.28684
2.28491
2.28363
2.28218
2.28097
2.27996
2.28018
2.28179
2.28494
2.2896
2.29481
2.29783
2.29944
2.29775
2.2982
2.30027
2.30234
2.30421
2.30447
2.30136
2.29808
2.29532
2.29375
2.29179
2.28969
2.28805
2.28664
2.28543
2.28426
2.28339
2.2838
2.28461
2.28627
2.28813
2.2899
2.29055
2.29082
2.29098
2.29099
2.29056
2.29086
2.29158
2.2923
2.29363
2.29176
1.22273
1.22534
1.23479
1.26245
1.36727
1.60838
2.08864
2.4508
2.49383
2.47583
2.41335
2.31208
2.29217
2.29003
2.28986
2.3058
2.31016
2.30687
2.30283
2.30122
2.29965
2.2975
2.29342
2.2888
2.28867
2.28853
2.28918
2.28896
2.28841
2.28644
2.28367
2.28107
2.27876
2.27577
2.27395
2.27362
2.27472
2.27681
2.27956
2.28393
2.28852
2.29315
2.29677
2.29896
2.30057
2.30283
2.30456
2.30499
2.30269
2.29979
2.29672
2.29428
2.29277
2.29112
2.28996
2.28901
2.28812
2.28738
2.28646
2.2864
2.28646
2.28704
2.28791
2.28854
2.28881
2.28862
2.28817
2.28771
2.28757
2.28742
2.28918
2.29107
2.29298
2.29541
2.29496
1.22194
1.22202
1.22232
1.22351
1.22859
1.26038
1.39136
1.72792
2.09225
2.19338
2.27845
2.28308
2.33832
2.37655
2.35305
2.30648
2.27255
2.25701
2.2616
2.27064
2.28251
2.28085
2.27851
2.27527
2.27443
2.2727
2.27096
2.26791
2.26566
2.26397
2.26371
2.2645
2.26592
2.26999
2.27392
2.27458
2.27568
2.27739
2.27844
2.27829
2.27852
2.27904
2.27993
2.27984
2.28019
2.28165
2.28291
2.28237
2.28152
2.28061
2.28141
2.28207
2.28273
2.28209
2.28201
2.28074
2.27927
2.27821
2.2782
2.27809
2.27865
2.27942
2.27954
2.28028
2.28066
2.2809
2.28102
2.28161
2.28231
2.28403
2.2863
2.28847
2.29021
2.29129
2.29055
1.22191
1.22192
1.22192
1.22196
1.22214
1.22332
1.23057
1.27831
1.45052
1.76451
2.15388
2.2898
2.44867
2.44368
2.32316
2.26974
2.24141
2.21993
2.22944
2.24608
2.25379
2.26026
2.26504
2.26669
2.26556
2.26486
2.26509
2.26379
2.2624
2.26291
2.26454
2.26783
2.26967
2.27
2.27176
2.27374
2.27319
2.27261
2.27026
2.26596
2.26507
2.26536
2.26506
2.2665
2.27096
2.27456
2.27464
2.2736
2.27164
2.27042
2.2707
2.27137
2.26954
2.26913
2.26761
2.26624
2.26388
2.26396
2.26394
2.26436
2.26545
2.26512
2.26487
2.26617
2.2669
2.26791
2.26963
2.27136
2.27368
2.27563
2.27806
2.27995
2.28138
2.28129
2.28033
1.22191
1.22191
1.22191
1.22191
1.22192
1.22196
1.2222
1.22392
1.23532
1.29812
1.46764
1.82547
2.23285
2.35683
2.31451
2.30296
2.32169
2.30257
2.27459
2.27575
2.27055
2.2693
2.26252
2.25708
2.25151
2.25182
2.25773
2.26302
2.26795
2.27263
2.27492
2.27644
2.27519
2.27409
2.27209
2.27069
2.26925
2.26672
2.26372
2.26023
2.25992
2.26123
2.26371
2.26704
2.27044
2.27286
2.27305
2.27241
2.27149
2.271
2.27107
2.27159
2.27102
2.27006
2.26839
2.26562
2.26332
2.26314
2.26307
2.26342
2.26445
2.26439
2.26423
2.26417
2.26517
2.26607
2.26753
2.26828
2.26909
2.27056
2.27262
2.27285
2.27169
2.27053
2.26808
1.22191
1.22191
1.22191
1.22191
1.22191
1.22191
1.22192
1.22197
1.22233
1.22488
1.23743
1.34703
1.50314
1.92108
2.29656
2.30617
2.33277
2.30783
2.25985
2.26792
2.27696
2.2752
2.26527
2.26069
2.25427
2.24934
2.25049
2.2561
2.26225
2.27108
2.27264
2.27351
2.27484
2.27511
2.27483
2.2747
2.2731
2.27123
2.26651
2.26274
2.26255
2.26362
2.26672
2.27063
2.27237
2.27308
2.27372
2.27354
2.27329
2.27366
2.27363
2.27276
2.27179
2.26988
2.26853
2.26601
2.26566
2.26545
2.26525
2.26547
2.26504
2.26452
2.26349
2.26347
2.26434
2.26513
2.26581
2.26657
2.26741
2.26876
2.27033
2.27005
2.26858
2.26731
2.26403
1.22191
1.22191
1.22191
1.22191
1.22191
1.22191
1.22191
1.22191
1.22192
1.22199
1.2225
1.22663
1.24283
1.34142
1.68274
1.98693
2.26776
2.24395
2.26613
2.30552
2.32361
2.3031
2.26675
2.25167
2.24747
2.2497
2.25589
2.26569
2.27269
2.27579
2.27642
2.27467
2.27401
2.27294
2.27325
2.27384
2.27305
2.27141
2.27214
2.27104
2.27155
2.27322
2.27655
2.28012
2.27885
2.27664
2.27405
2.27343
2.27305
2.273
2.27285
2.2722
2.27114
2.26882
2.26773
2.26759
2.26766
2.26793
2.26788
2.26786
2.26736
2.26698
2.26612
2.26611
2.26641
2.26747
2.26816
2.26849
2.26822
2.26821
2.26851
2.26757
2.26711
2.26507
2.26236
1.22191
1.22191
1.22191
1.22191
1.22191
1.22191
1.22191
1.22191
1.22191
1.22192
1.22193
1.22203
1.22265
1.22768
1.2681
1.44194
1.72717
2.13957
2.30111
2.32437
2.35626
2.31348
2.26009
2.25941
2.26177
2.2586
2.25485
2.26143
2.27068
2.27691
2.28121
2.28152
2.28256
2.28087
2.27702
2.27251
2.26761
2.25989
2.25841
2.25616
2.25639
2.2602
2.26592
2.27066
2.27227
2.2722
2.27289
2.27365
2.27479
2.27499
2.27493
2.27477
2.27393
2.27247
2.27238
2.27209
2.27181
2.27084
2.26972
2.26918
2.26917
2.26907
2.26998
2.27067
2.27094
2.27288
2.27385
2.27274
2.27138
2.27002
2.26892
2.26717
2.26549
2.26381
2.2618
1.22191
1.22191
1.22191
1.22191
1.22191
1.22191
1.22191
1.22191
1.22191
1.22191
1.22191
1.22192
1.22194
1.22211
1.22366
1.23427
1.30001
1.49978
1.83845
2.08032
2.28856
2.24394
2.2797
2.33256
2.33095
2.29254
2.26417
2.25023
2.25937
2.26833
2.27368
2.27497
2.27474
2.27087
2.26579
2.26616
2.26566
2.26101
2.2591
2.25852
2.25915
2.26181
2.26535
2.26653
2.26719
2.26713
2.26828
2.26969
2.27129
2.27196
2.27223
2.27185
2.27278
2.27318
2.27333
2.27368
2.27347
2.2719
2.27008
2.26884
2.26849
2.26917
2.27129
2.27372
2.27434
2.2786
2.278
2.27625
2.27459
2.27332
2.27073
2.26828
2.26608
2.26417
2.2637
1.22191
1.22191
1.22191
1.22191
1.22191
1.22191
1.22191
1.22191
1.22191
1.22191
1.22191
1.22191
1.22191
1.22192
1.22197
1.22232
1.22514
1.24242
1.33429
1.57238
1.89005
2.17784
2.37533
2.36811
2.32041
2.27104
2.23508
2.24492
2.2529
2.26271
2.27063
2.27518
2.27039
2.26103
2.26005
2.26118
2.26034
2.2593
2.25902
2.26173
2.26676
2.27196
2.27511
2.27466
2.2721
2.26921
2.26884
2.26942
2.27101
2.27092
2.27044
2.27005
2.271
2.27282
2.27388
2.27384
2.27307
2.27134
2.26944
2.26853
2.26951
2.27142
2.27519
2.27688
2.28099
2.28068
2.2805
2.27905
2.27728
2.27565
2.27155
2.2689
2.26641
2.26533
2.26558
1.22191
1.22191
1.22191
1.22191
1.22191
1.22191
1.22191
1.22191
1.22191
1.22191
1.22191
1.22191
1.22191
1.22191
1.22191
1.22193
1.22201
1.22262
1.22692
1.25635
1.36345
1.65149
2.03735
2.20991
2.22383
2.25183
2.30451
2.2934
2.27919
2.276
2.27332
2.26754
2.25735
2.2545
2.25888
2.26222
2.26082
2.25973
2.26281
2.26761
2.27425
2.27926
2.27992
2.27872
2.27534
2.27356
2.27394
2.27278
2.27235
2.27243
2.2715
2.272
2.27288
2.2749
2.27595
2.2752
2.27329
2.27136
2.26972
2.27048
2.27154
2.27449
2.27711
2.27792
2.28201
2.28111
2.28103
2.28037
2.27928
2.27773
2.27461
2.27185
2.26989
2.26874
2.26775
1.22191
1.22191
1.22191
1.22191
1.22191
1.22191
1.22191
1.22191
1.22191
1.22191
1.22191
1.22191
1.22191
1.22191
1.22191
1.22191
1.22192
1.22193
1.22207
1.22316
1.22905
1.29395
1.39762
1.73425
2.06548
2.3244
2.33619
2.28796
2.25167
2.27064
2.27847
2.27275
2.26421
2.26676
2.27278
2.28295
2.28259
2.28066
2.27814
2.27988
2.28139
2.27789
2.27553
2.27222
2.26984
2.27172
2.27574
2.27792
2.27904
2.28021
2.28134
2.28219
2.28427
2.28408
2.28315
2.28166
2.27907
2.27667
2.27582
2.27544
2.27676
2.27835
2.27866
2.27927
2.28043
2.28197
2.28184
2.28213
2.28159
2.28044
2.27774
2.27504
2.27326
2.27202
2.26986
1.22191
1.22191
1.22191
1.22191
1.22191
1.22191
1.22191
1.22191
1.22191
1.22191
1.22191
1.22191
1.22191
1.22191
1.22191
1.22191
1.22191
1.22191
1.22192
1.22195
1.2222
1.22454
1.23416
1.30036
1.53313
1.94555
2.07453
2.19278
2.27263
2.31057
2.31343
2.29693
2.29635
2.29415
2.28897
2.29101
2.28971
2.28749
2.28829
2.28853
2.28498
2.2793
2.27346
2.26986
2.27191
2.27636
2.27817
2.27941
2.28006
2.28057
2.28195
2.28372
2.28602
2.28609
2.2853
2.28369
2.28115
2.27974
2.2793
2.27906
2.27917
2.27858
2.27779
2.27915
2.27932
2.28054
2.28128
2.2823
2.28219
2.28136
2.27955
2.2765
2.27496
2.27357
2.27051
1.22191
1.22191
1.22191
1.22191
1.22191
1.22191
1.22191
1.22191
1.22191
1.22191
1.22191
1.22191
1.22191
1.22191
1.22191
1.22191
1.22191
1.22191
1.22191
1.22191
1.22192
1.22198
1.22239
1.22541
1.25943
1.34553
1.65053
2.11865
2.30372
2.31663
2.30867
2.3259
2.33137
2.32138
2.31309
2.30687
2.29924
2.29228
2.29337
2.28944
2.28503
2.27961
2.279
2.28148
2.28612
2.28585
2.28373
2.28198
2.2807
2.28044
2.2808
2.28223
2.28254
2.28198
2.28075
2.27897
2.27755
2.2786
2.27781
2.27689
2.27599
2.2743
2.27402
2.27592
2.2785
2.28057
2.28214
2.28306
2.2829
2.28168
2.27956
2.27681
2.27563
2.27386
2.27033
1.22191
1.22191
1.22191
1.22191
1.22191
1.22191
1.22191
1.22191
1.22191
1.22191
1.22191
1.22191
1.22191
1.22191
1.22191
1.22191
1.22191
1.22191
1.22191
1.22191
1.22191
1.22191
1.22193
1.22205
1.22329
1.22897
1.29998
1.41563
1.74184
2.00258
2.24075
2.31584
2.23891
2.21304
2.23929
2.26627
2.26453
2.27247
2.28166
2.28718
2.28611
2.2857
2.28647
2.28828
2.29033
2.28918
2.28512
2.28114
2.28102
2.28128
2.2823
2.28355
2.28294
2.28167
2.28016
2.27857
2.27873
2.27916
2.27655
2.27439
2.27183
2.27102
2.27157
2.27373
2.27791
2.28014
2.28223
2.28312
2.28294
2.28112
2.27948
2.2779
2.27652
2.27423
2.27004
1.22191
1.22191
1.22191
1.22191
1.22191
1.22191
1.22191
1.22191
1.22191
1.22191
1.22191
1.22191
1.22191
1.22191
1.22191
1.22191
1.22191
1.22191
1.22191
1.22191
1.22191
1.22191
1.22191
1.22192
1.22195
1.22221
1.22464
1.23577
1.30102
1.5158
1.86221
2.10622
2.20768
2.25393
2.28151
2.27125
2.2658
2.27355
2.2837
2.28917
2.28516
2.28579
2.28807
2.28849
2.28517
2.2787
2.27791
2.27465
2.27549
2.27847
2.28143
2.2821
2.28193
2.28248
2.28245
2.28284
2.28253
2.28084
2.27725
2.27372
2.27126
2.27099
2.27194
2.27386
2.27642
2.2783
2.27976
2.27921
2.27838
2.27577
2.27614
2.27593
2.27488
2.27241
2.26915
1.22191
1.22191
1.22191
1.22191
1.22191
1.22191
1.22191
1.22191
1.22191
1.22191
1.22191
1.22191
1.22191
1.22191
1.22191
1.22191
1.22191
1.22191
1.22191
1.22191
1.22191
1.22191
1.22191
1.22191
1.22191
1.22192
1.22199
1.22243
1.22521
1.25322
1.32968
1.59854
2.08588
2.28806
2.28664
2.28923
2.29939
2.32008
2.31582
2.30271
2.2871
2.27494
2.27401
2.27468
2.27309
2.27176
2.27234
2.27372
2.27661
2.28034
2.28285
2.28287
2.28443
2.28518
2.28592
2.28512
2.28384
2.28039
2.27742
2.27333
2.27117
2.27173
2.27403
2.27597
2.27603
2.27582
2.27511
2.27383
2.27364
2.27429
2.27609
2.27558
2.27386
2.27209
2.26985
1.22191
1.22191
1.22191
1.22191
1.22191
1.22191
1.22191
1.22191
1.22191
1.22191
1.22191
1.22191
1.22191
1.22191
1.22191
1.22191
1.22191
1.22191
1.22191
1.22191
1.22191
1.22191
1.22191
1.22191
1.22191
1.22191
1.22191
1.22193
1.22203
1.22299
1.22786
1.28456
1.43809
1.81177
2.03672
2.26601
2.28164
2.26256
2.27377
2.28346
2.28113
2.27067
2.27347
2.27528
2.27371
2.27377
2.27619
2.28143
2.28581
2.28713
2.28843
2.28604
2.28653
2.28673
2.28617
2.285
2.28228
2.27799
2.27452
2.27194
2.27205
2.27395
2.27703
2.27692
2.27528
2.27331
2.27213
2.27228
2.27305
2.27577
2.27661
2.2761
2.27459
2.27467
2.27414
1.22191
1.22191
1.22191
1.22191
1.22191
1.22191
1.22191
1.22191
1.22191
1.22191
1.22191
1.22191
1.22191
1.22191
1.22191
1.22191
1.22191
1.22191
1.22191
1.22191
1.22191
1.22191
1.22191
1.22191
1.22191
1.22191
1.22191
1.22191
1.22192
1.22194
1.22217
1.2245
1.23892
1.32364
1.58312
2.04583
2.10011
2.20589
2.26587
2.2549
2.24182
2.24903
2.27073
2.27786
2.27284
2.26875
2.27307
2.27796
2.28435
2.28848
2.29112
2.29026
2.28901
2.28894
2.28737
2.28571
2.28195
2.276
2.27289
2.27262
2.27507
2.2779
2.27796
2.27606
2.2723
2.27045
2.27097
2.27269
2.27468
2.27716
2.2773
2.27683
2.27716
2.27756
2.27966
1.22191
1.22191
1.22191
1.22191
1.22191
1.22191
1.22191
1.22191
1.22191
1.22191
1.22191
1.22191
1.22191
1.22191
1.22191
1.22191
1.22191
1.22191
1.22191
1.22191
1.22191
1.22191
1.22191
1.22191
1.22191
1.22191
1.22191
1.22191
1.22191
1.22191
1.22192
1.22199
1.22256
1.22673
1.26966
1.39317
1.74665
2.13045
2.28591
2.27089
2.27849
2.30909
2.34112
2.31864
2.29264
2.27856
2.27944
2.28052
2.28467
2.2887
2.28745
2.28533
2.28298
2.28353
2.28354
2.28189
2.27791
2.2753
2.27481
2.27643
2.27991
2.27926
2.27637
2.27136
2.26701
2.26761
2.26992
2.27195
2.27399
2.27391
2.2725
2.27195
2.27385
2.27561
2.28166
1.22191
1.22191
1.22191
1.22191
1.22191
1.22191
1.22191
1.22191
1.22191
1.22191
1.22191
1.22191
1.22191
1.22191
1.22191
1.22191
1.22191
1.22191
1.22191
1.22191
1.22191
1.22191
1.22191
1.22191
1.22191
1.22191
1.22191
1.22191
1.22191
1.22191
1.22191
1.22192
1.22193
1.22209
1.22381
1.23425
1.3656
1.52721
1.89504
2.08357
2.23718
2.34826
2.33323
2.30192
2.28387
2.2845
2.28178
2.27764
2.2783
2.28395
2.28236
2.28188
2.28218
2.28336
2.2831
2.27988
2.27653
2.27623
2.27714
2.2817
2.28054
2.27694
2.27054
2.26523
2.2644
2.26584
2.26855
2.27074
2.27155
2.27038
2.26776
2.2686
2.2711
2.27459
2.28224
1.22191
1.22191
1.22191
1.22191
1.22191
1.22191
1.22191
1.22191
1.22191
1.22191
1.22191
1.22191
1.22191
1.22191
1.22191
1.22191
1.22191
1.22191
1.22191
1.22191
1.22191
1.22191
1.22191
1.22191
1.22191
1.22191
1.22191
1.22191
1.22191
1.22191
1.22191
1.22191
1.22191
1.22192
1.22197
1.22251
1.22805
1.25674
1.36437
1.72414
2.0787
2.26366
2.27088
2.29349
2.32473
2.31204
2.29166
2.27728
2.28132
2.28492
2.28275
2.28232
2.28432
2.28516
2.28334
2.27775
2.2768
2.27967
2.28587
2.28608
2.28225
2.27561
2.268
2.26747
2.27029
2.27361
2.27489
2.2754
2.27522
2.27146
2.26913
2.27048
2.27317
2.28012
2.28333
1.22191
1.22191
1.22191
1.22191
1.22191
1.22191
1.22191
1.22191
1.22191
1.22191
1.22191
1.22191
1.22191
1.22191
1.22191
1.22191
1.22191
1.22191
1.22191
1.22191
1.22191
1.22191
1.22191
1.22191
1.22191
1.22191
1.22191
1.22191
1.22191
1.22191
1.22191
1.22191
1.22191
1.22191
1.22191
1.22193
1.2221
1.22333
1.23116
1.32718
1.54996
1.85376
2.10121
2.33453
2.3229
2.29899
2.26696
2.27335
2.28399
2.29144
2.29021
2.28948
2.29073
2.28877
2.28368
2.27593
2.27969
2.28421
2.2884
2.28363
2.27858
2.27332
2.27262
2.27427
2.27989
2.28062
2.27966
2.2779
2.27591
2.27066
2.27202
2.27516
2.27946
2.28386
2.27939
1.22191
1.22191
1.22191
1.22191
1.22191
1.22191
1.22191
1.22191
1.22191
1.22191
1.22191
1.22191
1.22191
1.22191
1.22191
1.22191
1.22191
1.22191
1.22191
1.22191
1.22191
1.22191
1.22191
1.22191
1.22191
1.22191
1.22191
1.22191
1.22191
1.22191
1.22191
1.22191
1.22191
1.22191
1.22191
1.22191
1.22192
1.22196
1.22233
1.22721
1.25518
1.37816
1.67774
2.13117
2.17687
2.23906
2.27812
2.28278
2.28773
2.29903
2.29443
2.28923
2.28553
2.2811
2.275
2.27229
2.27939
2.28617
2.28346
2.27705
2.27401
2.27384
2.27521
2.27875
2.28158
2.28017
2.27859
2.27671
2.27042
2.2722
2.27515
2.27897
2.28306
2.28172
2.27655
1.22191
1.22191
1.22191
1.22191
1.22191
1.22191
1.22191
1.22191
1.22191
1.22191
1.22191
1.22191
1.22191
1.22191
1.22191
1.22191
1.22191
1.22191
1.22191
1.22191
1.22191
1.22191
1.22191
1.22191
1.22191
1.22191
1.22191
1.22191
1.22191
1.22191
1.22191
1.22191
1.22191
1.22191
1.22191
1.22191
1.22191
1.22191
1.22193
1.22207
1.22316
1.23171
1.30639
1.47701
1.88388
2.27047
2.30823
2.27658
2.28247
2.29709
2.28794
2.2832
2.28242
2.27861
2.27651
2.28053
2.28528
2.28507
2.27782
2.27463
2.27509
2.27598
2.27852
2.28095
2.27924
2.27747
2.2748
2.27146
2.2696
2.27316
2.27762
2.27945
2.28067
2.27874
2.27359
1.22191
1.22191
1.22191
1.22191
1.22191
1.22191
1.22191
1.22191
1.22191
1.22191
1.22191
1.22191
1.22191
1.22191
1.22191
1.22191
1.22191
1.22191
1.22191
1.22191
1.22191
1.22191
1.22191
1.22191
1.22191
1.22191
1.22191
1.22191
1.22191
1.22191
1.22191
1.22191
1.22191
1.22191
1.22191
1.22191
1.22191
1.22191
1.22191
1.22192
1.22195
1.22227
1.22595
1.24839
1.40099
1.74479
2.07669
2.14855
2.27914
2.28103
2.25321
2.25887
2.26433
2.26789
2.275
2.2867
2.28699
2.28078
2.27735
2.2779
2.27841
2.28039
2.2841
2.28202
2.27816
2.27565
2.27224
2.27096
2.27315
2.27629
2.2768
2.27804
2.27769
2.27469
2.27093
1.22191
1.22191
1.22191
1.22191
1.22191
1.22191
1.22191
1.22191
1.22191
1.22191
1.22191
1.22191
1.22191
1.22191
1.22191
1.22191
1.22191
1.22191
1.22191
1.22191
1.22191
1.22191
1.22191
1.22191
1.22191
1.22191
1.22191
1.22191
1.22191
1.22191
1.22191
1.22191
1.22191
1.22191
1.22191
1.22191
1.22191
1.22191
1.22191
1.22191
1.22191
1.22192
1.22204
1.2231
1.23634
1.30545
1.60474
1.96291
2.27622
2.28392
2.28717
2.27297
2.25782
2.25904
2.27593
2.28483
2.2811
2.27565
2.28107
2.28365
2.28597
2.28929
2.28769
2.28278
2.27599
2.27401
2.27243
2.27184
2.27505
2.27671
2.27722
2.27809
2.27584
2.27343
2.27014
1.22191
1.22191
1.22191
1.22191
1.22191
1.22191
1.22191
1.22191
1.22191
1.22191
1.22191
1.22191
1.22191
1.22191
1.22191
1.22191
1.22191
1.22191
1.22191
1.22191
1.22191
1.22191
1.22191
1.22191
1.22191
1.22191
1.22191
1.22191
1.22191
1.22191
1.22191
1.22191
1.22191
1.22191
1.22191
1.22191
1.22191
1.22191
1.22191
1.22191
1.22191
1.22191
1.22192
1.22196
1.22246
1.22674
1.27694
1.48104
1.74064
2.12846
2.29718
2.26507
2.19808
2.23284
2.27759
2.28016
2.27589
2.28059
2.29109
2.2983
2.29726
2.29505
2.28923
2.28055
2.27333
2.2721
2.27085
2.27204
2.2754
2.27863
2.28082
2.27961
2.2754
2.27441
2.27299
1.22191
1.22191
1.22191
1.22191
1.22191
1.22191
1.22191
1.22191
1.22191
1.22191
1.22191
1.22191
1.22191
1.22191
1.22191
1.22191
1.22191
1.22191
1.22191
1.22191
1.22191
1.22191
1.22191
1.22191
1.22191
1.22191
1.22191
1.22191
1.22191
1.22191
1.22191
1.22191
1.22191
1.22191
1.22191
1.22191
1.22191
1.22191
1.22191
1.22191
1.22191
1.22191
1.22191
1.22191
1.22193
1.22211
1.22447
1.24322
1.33238
1.62872
2.07713
2.14967
2.2367
2.2945
2.29622
2.27871
2.28032
2.29329
2.308
2.30559
2.29879
2.29385
2.28763
2.27977
2.27364
2.27369
2.27554
2.27977
2.28034
2.28277
2.28492
2.28271
2.28069
2.27976
2.27667
1.22191
1.22191
1.22191
1.22191
1.22191
1.22191
1.22191
1.22191
1.22191
1.22191
1.22191
1.22191
1.22191
1.22191
1.22191
1.22191
1.22191
1.22191
1.22191
1.22191
1.22191
1.22191
1.22191
1.22191
1.22191
1.22191
1.22191
1.22191
1.22191
1.22191
1.22191
1.22191
1.22191
1.22191
1.22191
1.22191
1.22191
1.22191
1.22191
1.22191
1.22191
1.22191
1.22191
1.22191
1.22191
1.22192
1.22199
1.22263
1.22908
1.27679
1.49298
1.95919
2.21178
2.27174
2.30432
2.29628
2.30509
2.32494
2.3222
2.30848
2.29524
2.28342
2.27275
2.2698
2.27057
2.27413
2.27993
2.28625
2.28926
2.29289
2.29121
2.28353
2.28251
2.28102
2.27718
1.22191
1.22191
1.22191
1.22191
1.22191
1.22191
1.22191
1.22191
1.22191
1.22191
1.22191
1.22191
1.22191
1.22191
1.22191
1.22191
1.22191
1.22191
1.22191
1.22191
1.22191
1.22191
1.22191
1.22191
1.22191
1.22191
1.22191
1.22191
1.22191
1.22191
1.22191
1.22191
1.22191
1.22191
1.22191
1.22191
1.22191
1.22191
1.22191
1.22191
1.22191
1.22191
1.22191
1.22191
1.22191
1.22191
1.22191
1.22194
1.22218
1.22491
1.2595
1.43181
1.82536
2.05219
2.29045
2.26813
2.30129
2.32802
2.3104
2.28178
2.25904
2.24739
2.25276
2.25766
2.26233
2.26902
2.27907
2.29115
2.29809
2.29901
2.29232
2.2849
2.28229
2.28118
2.27619
1.22191
1.22191
1.22191
1.22191
1.22191
1.22191
1.22191
1.22191
1.22191
1.22191
1.22191
1.22191
1.22191
1.22191
1.22191
1.22191
1.22191
1.22191
1.22191
1.22191
1.22191
1.22191
1.22191
1.22191
1.22191
1.22191
1.22191
1.22191
1.22191
1.22191
1.22191
1.22191
1.22191
1.22191
1.22191
1.22191
1.22191
1.22191
1.22191
1.22191
1.22191
1.22191
1.22191
1.22191
1.22191
1.22191
1.22191
1.22191
1.22192
1.22205
1.22387
1.24074
1.36191
1.65369
2.14164
2.10759
2.27174
2.25786
2.20451
2.17672
2.1944
2.21823
2.23769
2.25237
2.262
2.26978
2.28391
2.29784
2.30104
2.29794
2.28662
2.28352
2.28166
2.27812
2.27096
1.22191
1.22191
1.22191
1.22191
1.22191
1.22191
1.22191
1.22191
1.22191
1.22191
1.22191
1.22191
1.22191
1.22191
1.22191
1.22191
1.22191
1.22191
1.22191
1.22191
1.22191
1.22191
1.22191
1.22191
1.22191
1.22191
1.22191
1.22191
1.22191
1.22191
1.22191
1.22191
1.22191
1.22191
1.22191
1.22191
1.22191
1.22191
1.22191
1.22191
1.22191
1.22191
1.22191
1.22191
1.22191
1.22191
1.22191
1.22191
1.22191
1.22192
1.22198
1.2227
1.23069
1.29558
1.49736
1.864
2.2313
2.20896
2.18708
2.19034
2.2162
2.23816
2.25073
2.25635
2.2622
2.27411
2.29032
2.3007
2.29942
2.28661
2.28031
2.27985
2.27666
2.27283
2.26655
1.22191
1.22191
1.22191
1.22191
1.22191
1.22191
1.22191
1.22191
1.22191
1.22191
1.22191
1.22191
1.22191
1.22191
1.22191
1.22191
1.22191
1.22191
1.22191
1.22191
1.22191
1.22191
1.22191
1.22191
1.22191
1.22191
1.22191
1.22191
1.22191
1.22191
1.22191
1.22191
1.22191
1.22191
1.22191
1.22191
1.22191
1.22191
1.22191
1.22191
1.22191
1.22191
1.22191
1.22191
1.22191
1.22191
1.22191
1.22191
1.22191
1.22191
1.22191
1.22194
1.22222
1.22557
1.25018
1.51868
1.72391
2.00795
2.16379
2.36357
2.33193
2.29623
2.28231
2.27482
2.2736
2.28293
2.29533
2.29482
2.28282
2.26836
2.27231
2.27141
2.2675
2.26535
2.26493
1.22191
1.22191
1.22191
1.22191
1.22191
1.22191
1.22191
1.22191
1.22191
1.22191
1.22191
1.22191
1.22191
1.22191
1.22191
1.22191
1.22191
1.22191
1.22191
1.22191
1.22191
1.22191
1.22191
1.22191
1.22191
1.22191
1.22191
1.22191
1.22191
1.22191
1.22191
1.22191
1.22191
1.22191
1.22191
1.22191
1.22191
1.22191
1.22191
1.22191
1.22191
1.22191
1.22191
1.22191
1.22191
1.22191
1.22191
1.22191
1.22191
1.22191
1.22191
1.22191
1.22192
1.22203
1.22353
1.24588
1.32268
1.62046
2.15102
2.32505
2.31875
2.3252
2.31532
2.30022
2.28939
2.29299
2.28989
2.27736
2.25939
2.25903
2.26398
2.26638
2.26467
2.26396
2.26647
1.22191
1.22191
1.22191
1.22191
1.22191
1.22191
1.22191
1.22191
1.22191
1.22191
1.22191
1.22191
1.22191
1.22191
1.22191
1.22191
1.22191
1.22191
1.22191
1.22191
1.22191
1.22191
1.22191
1.22191
1.22191
1.22191
1.22191
1.22191
1.22191
1.22191
1.22191
1.22191
1.22191
1.22191
1.22191
1.22191
1.22191
1.22191
1.22191
1.22191
1.22191
1.22191
1.22191
1.22191
1.22191
1.22191
1.22191
1.22191
1.22191
1.22191
1.22191
1.22191
1.22191
1.22192
1.22197
1.22278
1.22862
1.30621
1.50279
1.85367
2.20037
2.31994
2.32906
2.3062
2.27972
2.27425
2.27483
2.26359
2.25266
2.25634
2.26298
2.26546
2.26473
2.26524
2.26904
1.22191
1.22191
1.22191
1.22191
1.22191
1.22191
1.22191
1.22191
1.22191
1.22191
1.22191
1.22191
1.22191
1.22191
1.22191
1.22191
1.22191
1.22191
1.22191
1.22191
1.22191
1.22191
1.22191
1.22191
1.22191
1.22191
1.22191
1.22191
1.22191
1.22191
1.22191
1.22191
1.22191
1.22191
1.22191
1.22191
1.22191
1.22191
1.22191
1.22191
1.22191
1.22191
1.22191
1.22191
1.22191
1.22191
1.22191
1.22191
1.22191
1.22191
1.22191
1.22191
1.22191
1.22191
1.22191
1.22194
1.22219
1.22638
1.25428
1.42863
1.83228
2.09805
2.28475
2.29746
2.2951
2.27104
2.25928
2.25706
2.26469
2.27081
2.27762
2.27711
2.27428
2.27509
2.27309
1.22191
1.22191
1.22191
1.22191
1.22191
1.22191
1.22191
1.22191
1.22191
1.22191
1.22191
1.22191
1.22191
1.22191
1.22191
1.22191
1.22191
1.22191
1.22191
1.22191
1.22191
1.22191
1.22191
1.22191
1.22191
1.22191
1.22191
1.22191
1.22191
1.22191
1.22191
1.22191
1.22191
1.22191
1.22191
1.22191
1.22191
1.22191
1.22191
1.22191
1.22191
1.22191
1.22191
1.22191
1.22191
1.22191
1.22191
1.22191
1.22191
1.22191
1.22191
1.22191
1.22191
1.22191
1.22191
1.22191
1.22192
1.22206
1.22335
1.24285
1.35072
1.68465
2.10875
2.29151
2.28686
2.27077
2.28022
2.29772
2.29965
2.29512
2.29692
2.29583
2.28817
2.28415
2.27558
1.22191
1.22191
1.22191
1.22191
1.22191
1.22191
1.22191
1.22191
1.22191
1.22191
1.22191
1.22191
1.22191
1.22191
1.22191
1.22191
1.22191
1.22191
1.22191
1.22191
1.22191
1.22191
1.22191
1.22191
1.22191
1.22191
1.22191
1.22191
1.22191
1.22191
1.22191
1.22191
1.22191
1.22191
1.22191
1.22191
1.22191
1.22191
1.22191
1.22191
1.22191
1.22191
1.22191
1.22191
1.22191
1.22191
1.22191
1.22191
1.22191
1.22191
1.22191
1.22191
1.22191
1.22191
1.22191
1.22191
1.22191
1.22192
1.22197
1.22277
1.23125
1.32788
1.58738
1.99973
2.17442
2.22354
2.2698
2.30439
2.30693
2.30703
2.31004
2.30798
2.30196
2.29151
2.27981
1.22191
1.22191
1.22191
1.22191
1.22191
1.22191
1.22191
1.22191
1.22191
1.22191
1.22191
1.22191
1.22191
1.22191
1.22191
1.22191
1.22191
1.22191
1.22191
1.22191
1.22191
1.22191
1.22191
1.22191
1.22191
1.22191
1.22191
1.22191
1.22191
1.22191
1.22191
1.22191
1.22191
1.22191
1.22191
1.22191
1.22191
1.22191
1.22191
1.22191
1.22191
1.22191
1.22191
1.22191
1.22191
1.22191
1.22191
1.22191
1.22191
1.22191
1.22191
1.22191
1.22191
1.22191
1.22191
1.22191
1.22191
1.22191
1.22191
1.22194
1.22233
1.22918
1.27381
1.50227
1.94453
2.16892
2.24731
2.27377
2.28819
2.2979
2.30904
2.30673
2.30049
2.28972
2.27999
1.22191
1.22191
1.22191
1.22191
1.22191
1.22191
1.22191
1.22191
1.22191
1.22191
1.22191
1.22191
1.22191
1.22191
1.22191
1.22191
1.22191
1.22191
1.22191
1.22191
1.22191
1.22191
1.22191
1.22191
1.22191
1.22191
1.22191
1.22191
1.22191
1.22191
1.22191
1.22191
1.22191
1.22191
1.22191
1.22191
1.22191
1.22191
1.22191
1.22191
1.22191
1.22191
1.22191
1.22191
1.22191
1.22191
1.22191
1.22191
1.22191
1.22191
1.22191
1.22191
1.22191
1.22191
1.22191
1.22191
1.22191
1.22191
1.22191
1.22191
1.22193
1.22217
1.22491
1.25699
1.44774
1.82968
2.11691
2.29008
2.26088
2.26018
2.27513
2.28991
2.28386
2.27605
2.27599
1.22191
1.22191
1.22191
1.22191
1.22191
1.22191
1.22191
1.22191
1.22191
1.22191
1.22191
1.22191
1.22191
1.22191
1.22191
1.22191
1.22191
1.22191
1.22191
1.22191
1.22191
1.22191
1.22191
1.22191
1.22191
1.22191
1.22191
1.22191
1.22191
1.22191
1.22191
1.22191
1.22191
1.22191
1.22191
1.22191
1.22191
1.22191
1.22191
1.22191
1.22191
1.22191
1.22191
1.22191
1.22191
1.22191
1.22191
1.22191
1.22191
1.22191
1.22191
1.22191
1.22191
1.22191
1.22191
1.22191
1.22191
1.22191
1.22191
1.22191
1.22191
1.22192
1.22203
1.22388
1.24454
1.40081
1.72843
2.19083
2.217
2.27145
2.27651
2.25803
2.2422
2.25311
2.2705
1.22191
1.22191
1.22191
1.22191
1.22191
1.22191
1.22191
1.22191
1.22191
1.22191
1.22191
1.22191
1.22191
1.22191
1.22191
1.22191
1.22191
1.22191
1.22191
1.22191
1.22191
1.22191
1.22191
1.22191
1.22191
1.22191
1.22191
1.22191
1.22191
1.22191
1.22191
1.22191
1.22191
1.22191
1.22191
1.22191
1.22191
1.22191
1.22191
1.22191
1.22191
1.22191
1.22191
1.22191
1.22191
1.22191
1.22191
1.22191
1.22191
1.22191
1.22191
1.22191
1.22191
1.22191
1.22191
1.22191
1.22191
1.22191
1.22191
1.22191
1.22191
1.22191
1.22192
1.22199
1.22296
1.2391
1.33473
1.59536
1.99832
2.32971
2.26748
2.195
2.20549
2.24021
2.26551
1.22191
1.22191
1.22191
1.22191
1.22191
1.22191
1.22191
1.22191
1.22191
1.22191
1.22191
1.22191
1.22191
1.22191
1.22191
1.22191
1.22191
1.22191
1.22191
1.22191
1.22191
1.22191
1.22191
1.22191
1.22191
1.22191
1.22191
1.22191
1.22191
1.22191
1.22191
1.22191
1.22191
1.22191
1.22191
1.22191
1.22191
1.22191
1.22191
1.22191
1.22191
1.22191
1.22191
1.22191
1.22191
1.22191
1.22191
1.22191
1.22191
1.22191
1.22191
1.22191
1.22191
1.22191
1.22191
1.22191
1.22191
1.22191
1.22191
1.22191
1.22191
1.22191
1.22191
1.22192
1.22195
1.22258
1.2299
1.28687
1.60768
2.14305
2.13467
2.16672
2.23321
2.27982
2.28456
1.22191
1.22191
1.22191
1.22191
1.22191
1.22191
1.22191
1.22191
1.22191
1.22191
1.22191
1.22191
1.22191
1.22191
1.22191
1.22191
1.22191
1.22191
1.22191
1.22191
1.22191
1.22191
1.22191
1.22191
1.22191
1.22191
1.22191
1.22191
1.22191
1.22191
1.22191
1.22191
1.22191
1.22191
1.22191
1.22191
1.22191
1.22191
1.22191
1.22191
1.22191
1.22191
1.22191
1.22191
1.22191
1.22191
1.22191
1.22191
1.22191
1.22191
1.22191
1.22191
1.22191
1.22191
1.22191
1.22191
1.22191
1.22191
1.22191
1.22191
1.22191
1.22191
1.22191
1.22191
1.22191
1.22194
1.22226
1.22683
1.31617
1.48003
1.94268
2.26465
2.24405
2.26793
2.295
1.22191
1.22191
1.22191
1.22191
1.22191
1.22191
1.22191
1.22191
1.22191
1.22191
1.22191
1.22191
1.22191
1.22191
1.22191
1.22191
1.22191
1.22191
1.22191
1.22191
1.22191
1.22191
1.22191
1.22191
1.22191
1.22191
1.22191
1.22191
1.22191
1.22191
1.22191
1.22191
1.22191
1.22191
1.22191
1.22191
1.22191
1.22191
1.22191
1.22191
1.22191
1.22191
1.22191
1.22191
1.22191
1.22191
1.22191
1.22191
1.22191
1.22191
1.22191
1.22191
1.22191
1.22191
1.22191
1.22191
1.22191
1.22191
1.22191
1.22191
1.22191
1.22191
1.22191
1.22191
1.22191
1.22191
1.22193
1.22222
1.22854
1.26141
1.50047
2.03294
2.06322
2.22634
2.28705
1.22191
1.22191
1.22191
1.22191
1.22191
1.22191
1.22191
1.22191
1.22191
1.22191
1.22191
1.22191
1.22191
1.22191
1.22191
1.22191
1.22191
1.22191
1.22191
1.22191
1.22191
1.22191
1.22191
1.22191
1.22191
1.22191
1.22191
1.22191
1.22191
1.22191
1.22191
1.22191
1.22191
1.22191
1.22191
1.22191
1.22191
1.22191
1.22191
1.22191
1.22191
1.22191
1.22191
1.22191
1.22191
1.22191
1.22191
1.22191
1.22191
1.22191
1.22191
1.22191
1.22191
1.22191
1.22191
1.22191
1.22191
1.22191
1.22191
1.22191
1.22191
1.22191
1.22191
1.22191
1.22191
1.22191
1.22191
1.22193
1.22215
1.22475
1.26467
1.42053
1.82852
2.18725
2.2836
1.22191
1.22191
1.22191
1.22191
1.22191
1.22191
1.22191
1.22191
1.22191
1.22191
1.22191
1.22191
1.22191
1.22191
1.22191
1.22191
1.22191
1.22191
1.22191
1.22191
1.22191
1.22191
1.22191
1.22191
1.22191
1.22191
1.22191
1.22191
1.22191
1.22191
1.22191
1.22191
1.22191
1.22191
1.22191
1.22191
1.22191
1.22191
1.22191
1.22191
1.22191
1.22191
1.22191
1.22191
1.22191
1.22191
1.22191
1.22191
1.22191
1.22191
1.22191
1.22191
1.22191
1.22191
1.22191
1.22191
1.22191
1.22191
1.22191
1.22191
1.22191
1.22191
1.22191
1.22191
1.22191
1.22191
1.22191
1.22191
1.22192
1.22204
1.22427
1.2434
1.45053
1.73684
2.12647
1.22191
1.22191
1.22191
1.22191
1.22191
1.22191
1.22191
1.22191
1.22191
1.22191
1.22191
1.22191
1.22191
1.22191
1.22191
1.22191
1.22191
1.22191
1.22191
1.22191
1.22191
1.22191
1.22191
1.22191
1.22191
1.22191
1.22191
1.22191
1.22191
1.22191
1.22191
1.22191
1.22191
1.22191
1.22191
1.22191
1.22191
1.22191
1.22191
1.22191
1.22191
1.22191
1.22191
1.22191
1.22191
1.22191
1.22191
1.22191
1.22191
1.22191
1.22191
1.22191
1.22191
1.22191
1.22191
1.22191
1.22191
1.22191
1.22191
1.22191
1.22191
1.22191
1.22191
1.22191
1.22191
1.22191
1.22191
1.22191
1.22191
1.22192
1.22199
1.22314
1.24352
1.35017
1.7752
1.22191
1.22191
1.22191
1.22191
1.22191
1.22191
1.22191
1.22191
1.22191
1.22191
1.22191
1.22191
1.22191
1.22191
1.22191
1.22191
1.22191
1.22191
1.22191
1.22191
1.22191
1.22191
1.22191
1.22191
1.22191
1.22191
1.22191
1.22191
1.22191
1.22191
1.22191
1.22191
1.22191
1.22191
1.22191
1.22191
1.22191
1.22191
1.22191
1.22191
1.22191
1.22191
1.22191
1.22191
1.22191
1.22191
1.22191
1.22191
1.22191
1.22191
1.22191
1.22191
1.22191
1.22191
1.22191
1.22191
1.22191
1.22191
1.22191
1.22191
1.22191
1.22191
1.22191
1.22191
1.22191
1.22191
1.22191
1.22191
1.22191
1.22191
1.22192
1.22196
1.22289
1.23433
1.42371
1.22191
1.22191
1.22191
1.22191
1.22191
1.22191
1.22191
1.22191
1.22191
1.22191
1.22191
1.22191
1.22191
1.22191
1.22191
1.22191
1.22191
1.22191
1.22191
1.22191
1.22191
1.22191
1.22191
1.22191
1.22191
1.22191
1.22191
1.22191
1.22191
1.22191
1.22191
1.22191
1.22191
1.22191
1.22191
1.22191
1.22191
1.22191
1.22191
1.22191
1.22191
1.22191
1.22191
1.22191
1.22191
1.22191
1.22191
1.22191
1.22191
1.22191
1.22191
1.22191
1.22191
1.22191
1.22191
1.22191
1.22191
1.22191
1.22191
1.22191
1.22191
1.22191
1.22191
1.22191
1.22191
1.22191
1.22191
1.22191
1.22191
1.22191
1.22191
1.22191
1.22196
1.22306
1.26775
1.22191
1.22191
1.22191
1.22191
1.22191
1.22191
1.22191
1.22191
1.22191
1.22191
1.22191
1.22191
1.22191
1.22191
1.22191
1.22191
1.22191
1.22191
1.22191
1.22191
1.22191
1.22191
1.22191
1.22191
1.22191
1.22191
1.22191
1.22191
1.22191
1.22191
1.22191
1.22191
1.22191
1.22191
1.22191
1.22191
1.22191
1.22191
1.22191
1.22191
1.22191
1.22191
1.22191
1.22191
1.22191
1.22191
1.22191
1.22191
1.22191
1.22191
1.22191
1.22191
1.22191
1.22191
1.22191
1.22191
1.22191
1.22191
1.22191
1.22191
1.22191
1.22191
1.22191
1.22191
1.22191
1.22191
1.22191
1.22191
1.22191
1.22191
1.22191
1.22191
1.22192
1.22206
1.2291
1.22191
1.22191
1.22191
1.22191
1.22191
1.22191
1.22191
1.22191
1.22191
1.22191
1.22191
1.22191
1.22191
1.22191
1.22191
1.22191
1.22191
1.22191
1.22191
1.22191
1.22191
1.22191
1.22191
1.22191
1.22191
1.22191
1.22191
1.22191
1.22191
1.22191
1.22191
1.22191
1.22191
1.22191
1.22191
1.22191
1.22191
1.22191
1.22191
1.22191
1.22191
1.22191
1.22191
1.22191
1.22191
1.22191
1.22191
1.22191
1.22191
1.22191
1.22191
1.22191
1.22191
1.22191
1.22191
1.22191
1.22191
1.22191
1.22191
1.22191
1.22191
1.22191
1.22191
1.22191
1.22191
1.22191
1.22191
1.22191
1.22191
1.22191
1.22191
1.22191
1.22191
1.22193
1.22278
1.22191
1.22191
1.22191
1.22191
1.22191
1.22191
1.22191
1.22191
1.22191
1.22191
1.22191
1.22191
1.22191
1.22191
1.22191
1.22191
1.22191
1.22191
1.22191
1.22191
1.22191
1.22191
1.22191
1.22191
1.22191
1.22191
1.22191
1.22191
1.22191
1.22191
1.22191
1.22191
1.22191
1.22191
1.22191
1.22191
1.22191
1.22191
1.22191
1.22191
1.22191
1.22191
1.22191
1.22191
1.22191
1.22191
1.22191
1.22191
1.22191
1.22191
1.22191
1.22191
1.22191
1.22191
1.22191
1.22191
1.22191
1.22191
1.22191
1.22191
1.22191
1.22191
1.22191
1.22191
1.22191
1.22191
1.22191
1.22191
1.22191
1.22191
1.22191
1.22191
1.22191
1.22191
1.22199
1.22191
1.22191
1.22191
1.22191
1.22191
1.22191
1.22191
1.22191
1.22191
1.22191
1.22191
1.22191
1.22191
1.22191
1.22191
1.22191
1.22191
1.22191
1.22191
1.22191
1.22191
1.22191
1.22191
1.22191
1.22191
1.22191
1.22191
1.22191
1.22191
1.22191
1.22191
1.22191
1.22191
1.22191
1.22191
1.22191
1.22191
1.22191
1.22191
1.22191
1.22191
1.22191
1.22191
1.22191
1.22191
1.22191
1.22191
1.22191
1.22191
1.22191
1.22191
1.22191
1.22191
1.22191
1.22191
1.22191
1.22191
1.22191
1.22191
1.22191
1.22191
1.22191
1.22191
1.22191
1.22191
1.22191
1.22191
1.22191
1.22191
1.22191
1.22191
1.22191
1.22191
1.22191
1.22192
1.22191
1.22191
1.22191
1.22191
1.22191
1.22191
1.22191
1.22191
1.22191
1.22191
1.22191
1.22191
1.22191
1.22191
1.22191
1.22191
1.22191
1.22191
1.22191
1.22191
1.22191
1.22191
1.22191
1.22191
1.22191
1.22191
1.22191
1.22191
1.22191
1.22191
1.22191
1.22191
1.22191
1.22191
1.22191
1.22191
1.22191
1.22191
1.22191
1.22191
1.22191
1.22191
1.22191
1.22191
1.22191
1.22191
1.22191
1.22191
1.22191
1.22191
1.22191
1.22191
1.22191
1.22191
1.22191
1.22191
1.22191
1.22191
1.22191
1.22191
1.22191
1.22191
1.22191
1.22191
1.22191
1.22191
1.22191
1.22191
1.22191
1.22191
1.22191
1.22191
1.22191
1.22191
1.22191
1.22191
1.22191
1.22191
1.22191
1.22191
1.22191
1.22191
1.22191
1.22191
1.22191
1.22191
1.22191
1.22191
1.22191
1.22191
1.22191
1.22191
1.22191
1.22191
1.22191
1.22191
1.22191
1.22191
1.22191
1.22191
1.22191
1.22191
1.22191
1.22191
1.22191
1.22191
1.22191
1.22191
1.22191
1.22191
1.22191
1.22191
1.22191
1.22191
1.22191
1.22191
1.22191
1.22191
1.22191
1.22191
1.22191
1.22191
1.22191
1.22191
1.22191
1.22191
1.22191
1.22191
1.22191
1.22191
1.22191
1.22191
1.22191
1.22191
1.22191
1.22191
1.22191
1.22191
1.22191
1.22191
1.22191
1.22191
1.22191
1.22191
1.22191
1.22191
1.22191
1.22191
1.22191
1.22191
1.22191
1.22191
1.22191
1.22191
1.22191
1.22191
1.22191
1.22191
1.22191
1.22191
1.22191
1.22191
1.22191
1.22191
1.22191
1.22191
1.22191
1.22191
1.22191
1.22191
1.22191
1.22191
1.22191
1.22191
1.22191
1.22191
1.22191
1.22191
1.22191
1.22191
1.22191
1.22191
1.22191
1.22191
1.22191
1.22191
1.22191
1.22191
1.22191
1.22191
1.22191
1.22191
1.22191
1.22191
1.22191
1.22191
1.22191
1.22191
1.22191
1.22191
1.22191
1.22191
1.22191
1.22191
1.22191
1.22191
1.22191
1.22191
1.22191
1.22191
1.22191
1.22191
1.22191
1.22191
1.22191
1.22191
1.22191
1.22191
1.22191
1.22191
1.22191
1.22191
1.22191
1.22191
1.22191
1.22191
1.22191
1.22191
1.22191
1.22191
1.22191
1.22191
1.22191
1.22191
1.22191
1.22191
1.22191
1.22191
1.22191
1.22191
1.22191
1.22191
1.22191
1.22191
1.22191
1.22191
1.22191
1.22191
1.22191
1.22191
1.22191
1.22191
1.22191
1.22191
1.22191
1.22191
1.22191
1.22191
1.22191
1.22191
1.22191
1.22191
1.22191
1.22191
1.22191
1.22191
1.22191
1.22191
1.22191
1.22191
1.22191
1.22191
1.22191
1.22191
1.22191
1.22191
1.22191
1.22191
1.22191
1.22191
1.22191
1.22191
1.22191
1.22191
1.22191
1.22191
1.22191
1.22191
1.22191
1.22191
1.22191
1.22191
1.22191
1.22191
1.22191
1.22191
1.22191
1.22191
1.22191
1.22191
1.22191
1.22191
1.22191
1.22191
1.22191
1.22191
1.22191
1.22191
1.22191
1.22191
1.22191
1.22191
1.22191
1.22191
1.22191
1.22191
1.22191
1.22191
1.22191
1.22191
1.22191
1.22191
1.22191
1.22191
1.22191
1.22191
1.22191
1.22191
1.22191
1.22191
1.22191
1.22191
1.22191
1.22191
1.22191
1.22191
1.22191
1.22191
1.22191
1.22191
1.22191
1.22191
1.22191
1.22191
1.22191
1.22191
1.22191
1.22191
1.22191
1.22191
1.22191
1.22191
1.22191
1.22191
1.22191
1.22191
1.22191
1.22191
1.22191
1.22191
1.22191
1.22191
1.22191
1.22191
1.22191
1.22191
1.22191
1.22191
1.22191
1.22191
1.22191
1.22191
1.22191
1.22191
1.22191
1.22191
1.22191
1.22191
1.22191
1.22191
1.22191
1.22191
1.22191
1.22191
1.22191
1.22191
1.22191
1.22191
1.22191
1.22191
1.22191
1.22191
1.22191
1.22191
1.22191
1.22191
1.22191
1.22191
1.22191
1.22191
1.22191
1.22191
1.22191
1.22191
1.22191
1.22191
1.22191
1.22191
1.22191
1.22191
1.22191
1.22191
1.22191
1.22191
1.22191
1.22191
1.22191
1.22191
1.22191
1.22191
1.22191
1.22191
1.22191
1.22191
1.22191
1.22191
1.22191
1.22191
1.22191
1.22191
1.22191
1.22191
1.22191
1.22191
1.22191
1.22191
1.22191
1.22191
1.22191
1.22191
1.22191
1.22191
1.22191
1.22191
1.22191
1.22191
1.22191
1.22191
1.22191
1.22191
1.22191
1.22191
1.22191
1.22191
1.22191
1.22191
1.22191
1.22191
1.22191
1.22191
1.22191
1.22191
1.22191
1.22191
1.22191
1.22191
1.22191
1.22191
1.22191
1.22191
1.22191
1.22191
1.22191
1.22191
1.22191
1.22191
1.22191
1.22191
1.22191
1.22191
1.22191
1.22191
1.22191
1.22191
1.22191
1.22191
1.22191
1.22191
1.22191
1.22191
1.22191
1.22191
1.22191
1.22191
1.22191
1.22191
1.22191
1.22191
1.22191
1.22191
1.22191
1.22191
1.22191
1.22191
1.22191
1.22191
1.22191
1.22191
1.22191
1.22191
1.22191
1.22191
1.22191
1.22191
1.22191
1.22191
1.22191
1.22191
1.22191
1.22191
1.22191
1.22191
1.22191
1.22191
1.22191
1.22191
1.22191
1.22191
1.22191
1.22191
1.22191
1.22191
1.22191
1.22191
1.22191
1.22191
1.22191
1.22191
1.22191
1.22191
1.22191
1.22191
1.22191
1.22191
1.22191
1.22191
1.22191
1.22191
1.22191
1.22191
1.22191
1.22191
1.22191
1.22191
1.22191
1.22191
1.22191
1.22191
1.22191
1.22191
1.22191
1.22191
1.22191
1.22191
1.22191
1.22191
1.22191
1.22191
1.22191
1.22191
1.22191
1.22191
1.22191
1.22191
1.22191
1.22191
1.22191
1.22191
1.22191
1.22191
1.22191
1.22191
1.22191
1.22191
1.22191
1.22191
1.22191
1.22191
1.22191
1.22191
1.22191
1.22191
1.22191
1.22191
1.22191
1.22191
1.22191
1.22191
1.22191
1.22191
1.22191
1.22191
1.22191
1.22191
1.22191
1.22191
1.22191
1.22191
1.22191
1.22191
1.22191
1.22191
1.22191
1.22191
1.22191
1.22191
1.22191
1.22191
1.22191
1.22191
1.22191
1.22191
1.22191
1.22191
1.22191
1.22191
1.22191
1.22191
1.22191
1.22191
1.22191
1.22191
1.22191
1.22191
1.22191
1.22191
1.22191
1.22191
1.22191
1.22191
1.22191
1.22191
1.22191
1.22191
1.22191
1.22191
1.22191
1.22191
1.22191
1.22191
1.22191
1.22191
1.22191
1.22191
1.22191
1.22191
1.22191
1.22191
1.22191
1.22191
1.22191
1.22191
1.22191
1.22191
1.22191
1.22191
1.22191
1.22191
1.22191
1.22191
1.22191
1.22191
1.22191
1.22191
1.22191
1.22191
1.22191
1.22191
1.22191
1.22191
1.22191
1.22191
1.22191
1.22191
1.22191
1.22191
1.22191
1.22191
1.22191
1.22191
1.22191
1.22191
1.22191
1.22191
1.22191
1.22191
1.22191
1.22191
1.22191
1.22191
1.22191
1.22191
1.22191
1.22191
1.22191
1.22191
1.22191
1.22191
1.22191
1.22191
1.22191
1.22191
1.22191
1.22191
1.22191
1.22191
1.22191
1.22191
1.22191
1.22191
1.22191
1.22191
1.22191
1.22191
1.22191
1.22191
1.22191
1.22191
1.22191
1.22191
1.22191
1.22191
1.22191
1.22191
1.22191
1.22191
1.22191
1.22191
1.22191
1.22191
1.22191
1.22191
1.22191
1.22191
1.22191
1.22191
1.22191
1.22191
1.22191
1.22191
1.22191
1.22191
1.22191
1.22191
1.22191
1.22191
1.22191
1.22191
1.22191
1.22191
1.22191
1.22191
1.22191
1.22191
1.22191
1.22191
1.22191
1.22191
1.22191
1.22191
1.22191
1.22191
1.22191
1.22191
1.22191
1.22191
1.22191
1.22191
1.22191
1.22191
1.22191
1.22191
1.22191
1.22191
1.22191
1.22191
1.22191
1.22191
1.22191
1.22191
1.22191
1.22191
1.22191
1.22191
1.22191
1.22191
1.22191
1.22191
1.22191
1.22191
1.22191
1.22191
1.22191
1.22191
1.22191
1.22191
1.22191
1.22191
1.22191
1.22191
1.22191
1.22191
1.22191
1.22191
1.22191
1.22191
1.22191
1.22191
1.22191
1.22191
1.22191
1.22191
1.22191
1.22191
1.22191
1.22191
1.22191
1.22191
1.22191
1.22191
1.22191
1.22191
1.22191
1.22191
1.22191
1.22191
1.22191
1.22191
1.22191
1.22191
1.22191
1.22191
1.22191
1.22191
1.22191
1.22191
1.22191
1.22191
1.22191
1.22191
1.22191
1.22191
1.22191
1.22191
1.22191
1.22191
1.22191
1.22191
1.22191
1.22191
1.22191
1.22191
1.22191
1.22191
1.22191
1.22191
1.22191
1.22191
1.22191
1.22191
1.22191
1.22191
1.22191
1.22191
1.22191
1.22191
1.22191
1.22191
1.22191
1.22191
1.22191
1.22191
1.22191
1.22191
1.22191
1.22191
1.22191
1.22191
1.22191
1.22191
1.22191
1.22191
1.22191
1.22191
1.22191
1.22191
1.22191
1.22191
1.22191
1.22191
1.22191
1.22191
1.22191
1.22191
1.22191
1.22191
1.22191
1.22191
1.22191
1.22191
1.22191
1.22191
1.22191
1.22191
1.22191
1.22191
1.22191
1.22191
1.22191
1.22191
1.22191
1.22191
1.22191
1.22191
1.22191
1.22191
1.22191
1.22191
1.22191
1.22191
1.22191
1.22191
1.22191
1.22191
1.22191
1.22191
1.22191
1.22191
1.22191
1.22191
1.22191
1.22191
1.22191
1.22191
1.22191
1.22191
1.22191
1.22191
1.22191
1.22191
1.22191
1.22191
1.22191
1.22191
1.22191
1.22191
1.22191
1.22191
1.22191
1.22191
1.22191
1.22191
1.22191
1.22191
1.22191
1.22191
1.22191
1.22191
1.22191
1.22191
1.22191
1.22191
1.22191
1.22191
1.22191
1.22191
1.22191
1.22191
1.22191
1.22191
1.22191
1.22191
1.22191
1.22191
1.22191
1.22191
1.22191
1.22191
1.22191
1.22191
1.22191
1.22191
1.22191
1.22191
1.22191
1.22191
1.22191
1.22191
1.22191
1.22191
1.22191
1.22191
1.22191
1.22191
1.22191
1.22191
1.22191
1.22191
1.22191
1.22191
1.22191
1.22191
1.22191
1.22191
1.22191
1.22191
1.22191
1.22191
1.22191
1.22191
1.22191
1.22191
1.22191
1.22191
1.22191
1.22191
1.22191
1.22191
1.22191
1.22191
1.22191
1.22191
1.22191
1.22191
1.22191
1.22191
1.22191
1.22191
1.22191
1.22191
1.22191
1.22191
1.22191
1.22191
1.22191
1.22191
1.22191
1.22191
1.22191
1.22191
1.22191
1.22191
1.22191
1.22191
1.22191
1.22191
1.22191
1.22191
1.22191
1.22191
1.22191
1.22191
1.22191
1.22191
1.22191
1.22191
1.22191
1.22191
1.22191
1.22191
1.22191
1.22191
1.22191
1.22191
1.22191
1.22191
1.22191
1.22191
1.22191
1.22191
1.22191
1.22191
1.22191
1.22191
1.22191
1.22191
1.22191
1.22191
1.22191
1.22191
1.22191
1.22191
1.22191
1.22191
1.22191
1.22191
1.22191
1.22191
1.22191
1.22191
1.22191
1.22191
1.22191
1.22191
1.22191
1.22191
1.22191
1.22191
1.22191
1.22191
1.22191
1.22191
1.22191
1.22191
1.22191
1.22191
1.22191
1.22191
1.22191
1.22191
1.22191
1.22191
1.22191
1.22191
1.22191
1.22191
1.22191
1.22191
1.22191
1.22191
1.22191
1.22191
1.22191
1.22191
1.22191
1.22191
1.22191
1.22191
1.22191
1.22191
1.22191
1.22191
1.22191
1.22191
1.22191
1.22191
1.22191
1.22191
1.22191
1.22191
1.22191
1.22191
1.22191
1.22191
1.22191
1.22191
1.22191
1.22191
1.22191
1.22191
1.22191
1.22191
1.22191
1.22191
1.22191
1.22191
1.22191
1.22191
1.22191
1.22191
1.22191
1.22191
1.22191
1.22191
1.22191
1.22191
1.22191
1.22191
1.22191
1.22191
1.22191
1.22191
1.22191
1.22191
1.22191
1.22191
1.22191
1.22191
1.22191
1.22191
1.22191
1.22191
1.22191
1.22191
1.22191
1.22191
1.22191
1.22191
1.22191
1.22191
1.22191
1.22191
1.22191
1.22191
1.22191
1.22191
1.22191
1.22191
1.22191
1.22191
1.22191
1.22191
1.22191
1.22191
1.22191
1.22191
1.22191
1.22191
1.22191
1.22191
1.22191
1.22191
1.22191
1.22191
1.22191
1.22191
1.22191
1.22191
1.22191
1.22191
1.22191
1.22191
1.22191
1.22191
1.22191
1.22191
1.22191
1.22191
1.22191
1.22191
1.22191
1.22191
1.22191
1.22191
1.22191
1.22191
1.22191
1.22191
1.22191
1.22191
1.22191
1.22191
1.22191
1.22191
1.22191
1.22191
1.22191
1.22191
1.22191
1.22191
1.22191
1.22191
1.22191
1.22191
1.22191
1.22191
1.22191
1.22191
1.22191
1.22191
1.22191
1.22191
1.22191
1.22191
1.22191
1.22191
1.22191
1.22191
1.22191
1.22191
1.22191
1.22191
1.22191
1.22191
1.22191
1.22191
1.22191
1.22191
1.22191
1.22191
1.22191
1.22191
1.22191
1.22191
1.22191
1.22191
1.22191
1.22191
1.22191
1.22191
1.22191
1.22191
1.22191
1.22191
1.22191
1.22191
1.22191
1.22191
1.22191
1.22191
1.22191
1.22191
1.22191
1.22191
1.22191
1.22191
1.22191
1.22191
1.22191
1.22191
1.22191
1.22191
1.22191
1.22191
1.22191
1.22191
1.22191
1.22191
1.22191
1.22191
1.22191
1.22191
1.22191
1.22191
1.22191
1.22191
1.22191
1.22191
1.22191
1.22191
1.22191
1.22191
1.22191
1.22191
1.22191
1.22191
1.22191
1.22191
1.22191
1.22191
1.22191
1.22191
1.22191
1.22191
1.22191
1.22191
1.22191
1.22191
1.22191
1.22191
1.22191
1.22191
1.22191
1.22191
1.22191
1.22191
1.22191
1.22191
1.22191
1.22191
1.22191
1.22191
1.22191
1.22191
1.22191
1.22191
1.22191
1.22191
1.22191
1.22191
1.22191
1.22191
1.22191
1.22191
1.22191
1.22191
1.22191
1.22191
1.22191
1.22191
1.22191
1.22191
1.22191
1.22191
1.22191
1.22191
1.22191
1.22191
1.22191
1.22191
1.22191
1.22191
1.22191
1.22191
1.22191
1.22191
1.22191
1.22191
1.22191
1.22191
1.22191
1.22191
1.22191
1.22191
1.22191
1.22191
1.22191
1.22191
1.22191
1.22191
1.22191
1.22191
1.22191
1.22191
1.22191
)
;

boundaryField
{
    inlet
    {
        type            calculated;
        value           uniform 1.22191;
    }
    outlet
    {
        type            calculated;
        value           nonuniform List<scalar> 
75
(
2.25486
2.29176
2.29496
2.29055
2.28033
2.26808
2.26403
2.26236
2.2618
2.2637
2.26558
2.26775
2.26986
2.27051
2.27033
2.27004
2.26915
2.26985
2.27414
2.27966
2.28166
2.28224
2.28333
2.27939
2.27655
2.27359
2.27093
2.27014
2.27299
2.27667
2.27718
2.27619
2.27096
2.26655
2.26493
2.26647
2.26904
2.27309
2.27558
2.27981
2.27999
2.27599
2.2705
2.26551
2.28456
2.295
2.28705
2.2836
2.12647
1.7752
1.42371
1.26775
1.2291
1.22278
1.22199
1.22192
1.22191
1.22191
1.22191
1.22191
1.22191
1.22191
1.22191
1.22191
1.22191
1.22191
1.22191
1.22191
1.22191
1.22191
1.22191
1.22191
1.22191
1.22191
1.22191
)
;
    }
    bottom
    {
        type            symmetryPlane;
    }
    top
    {
        type            symmetryPlane;
    }
    obstacle
    {
        type            calculated;
        value           nonuniform List<scalar> 
75
(
1.45648
1.83951
2.13356
2.61515
2.671
2.69899
2.57874
2.37645
2.22268
2.23571
2.25998
2.26398
2.2566
2.22805
2.20606
2.21601
2.24164
2.27109
2.28221
2.2803
2.27787
2.27345
2.26766
2.26174
2.26011
2.26151
2.26549
2.26987
2.27115
2.27248
2.27322
2.27287
2.27164
2.26928
2.26642
2.26284
2.25829
2.2549
2.25252
2.25216
2.2541
2.25421
2.25407
2.2536
2.25389
2.25526
2.25836
2.26221
2.266
2.26792
2.26785
2.2673
2.26615
2.26447
2.26241
2.26049
2.25894
2.25711
2.25629
2.25504
2.25714
2.25943
2.26133
2.26375
2.26574
2.26595
2.26487
2.26306
2.26053
2.25792
2.25491
2.25341
2.25354
2.25437
2.25486
)
;
    }
    defaultFaces
    {
        type            empty;
    }
}


// ************************************************************************* //
