/*--------------------------------*- C++ -*----------------------------------*\
| =========                 |                                                 |
| \\      /  F ield         | OpenFOAM: The Open Source CFD Toolbox           |
|  \\    /   O peration     | Version:  v1812                                 |
|   \\  /    A nd           | Web:      www.OpenFOAM.com                      |
|    \\/     M anipulation  |                                                 |
\*---------------------------------------------------------------------------*/
FoamFile
{
    version     2.0;
    format      ascii;
    class       volScalarField;
    location    "0.001";
    object      T;
}
// * * * * * * * * * * * * * * * * * * * * * * * * * * * * * * * * * * * * * //

dimensions      [0 0 0 1 0 0 0];


internalField   nonuniform List<scalar> 
8475
(
288.9
288.9
288.9
288.9
288.9
288.9
288.9
288.9
288.9
288.9
288.9
288.9
288.9
288.9
288.9
288.9
288.9
288.9
288.9
288.9
288.9
288.9
288.9
288.9
288.9
288.9
288.9
288.9
288.9
288.9
288.9
288.9
288.9
288.9
288.9
288.9
288.906
289.305
288.9
288.9
288.9
288.9
288.9
288.9
288.9
288.9
288.9
288.9
288.9
288.9
288.9
288.9
288.9
288.9
288.9
288.9
288.9
288.9
288.9
288.9
288.9
288.9
288.9
288.9
288.9
288.9
288.9
288.9
288.9
288.9
288.9
288.9
288.9
288.9
288.902
288.997
288.9
288.9
288.9
288.9
288.9
288.9
288.9
288.9
288.9
288.9
288.9
288.9
288.9
288.9
288.9
288.9
288.9
288.9
288.9
288.9
288.9
288.9
288.9
288.9
288.9
288.9
288.9
288.9
288.9
288.9
288.9
288.9
288.9
288.9
288.9
288.9
288.9
288.914
288.9
288.9
288.9
288.9
288.9
288.9
288.9
288.9
288.9
288.9
288.9
288.9
288.9
288.9
288.9
288.9
288.9
288.9
288.9
288.9
288.9
288.9
288.9
288.9
288.9
288.9
288.9
288.9
288.9
288.9
288.9
288.9
288.9
288.9
288.9
288.9
288.9
288.901
288.9
288.9
288.9
288.9
288.9
288.9
288.9
288.9
288.9
288.9
288.9
288.9
288.9
288.9
288.9
288.9
288.9
288.9
288.9
288.9
288.9
288.9
288.9
288.9
288.9
288.9
288.9
288.9
288.9
288.9
288.9
288.9
288.9
288.9
288.9
288.9
288.9
288.9
288.9
288.9
288.9
288.9
288.9
288.9
288.9
288.9
288.9
288.9
288.9
288.9
288.9
288.9
288.9
288.9
288.9
288.9
288.9
288.9
288.9
288.9
288.9
288.9
288.9
288.9
288.9
288.9
288.9
288.9
288.9
288.9
288.9
288.9
288.9
288.9
288.9
288.9
288.9
288.9
288.9
288.9
288.9
288.9
288.9
288.9
288.9
288.9
288.9
288.9
288.9
288.9
288.9
288.9
288.9
288.9
288.9
288.9
288.9
288.9
288.9
288.9
288.9
288.9
288.9
288.9
288.9
288.9
288.9
288.9
288.9
288.9
288.9
288.9
288.9
288.9
288.9
288.9
288.9
288.9
288.9
288.9
288.9
288.9
288.9
288.9
288.9
288.9
288.9
288.9
288.9
288.9
288.9
288.9
288.9
288.9
288.9
288.9
288.9
288.9
288.9
288.9
288.9
288.9
288.9
288.9
288.9
288.9
288.9
288.9
288.9
288.9
288.9
288.9
288.9
288.9
288.9
288.9
288.9
288.9
288.9
288.9
288.9
288.9
288.9
288.9
288.9
288.9
288.9
288.9
288.9
288.9
288.9
288.9
288.9
288.9
288.9
288.9
288.9
288.9
288.9
288.9
288.9
288.9
288.9
288.9
288.9
288.9
288.9
288.9
288.9
288.9
288.9
288.9
288.9
288.9
288.9
288.9
288.9
288.9
288.9
288.9
288.9
288.9
288.9
288.9
288.9
288.9
288.9
288.9
288.9
288.9
288.9
288.9
288.9
288.9
288.9
288.9
288.9
288.9
288.9
288.9
288.9
288.9
288.9
288.9
288.9
288.9
288.9
288.9
288.9
288.9
288.9
288.9
288.9
288.9
288.9
288.9
288.9
288.9
288.9
288.9
288.9
288.9
288.9
288.9
288.9
288.9
288.9
288.9
288.9
288.9
288.9
288.9
288.9
288.9
288.9
288.9
288.9
288.9
288.9
288.9
288.9
288.9
288.9
288.9
288.9
288.9
288.9
288.9
288.9
288.9
288.9
288.9
288.9
288.9
288.9
288.9
288.9
288.9
288.9
288.9
288.9
288.9
288.9
288.9
288.9
288.9
288.9
288.9
288.9
288.9
288.9
288.9
288.9
288.9
288.9
288.9
288.9
288.9
288.9
288.9
288.9
288.9
288.9
288.9
288.9
288.9
288.9
288.9
288.9
288.9
288.9
288.9
288.9
288.9
288.9
288.9
288.9
288.9
288.9
288.9
288.9
288.9
288.9
288.9
288.9
288.9
288.9
288.9
288.9
288.9
288.9
288.9
288.9
288.9
288.9
288.9
288.9
288.9
288.9
288.9
288.9
288.9
288.9
288.9
288.9
288.9
288.9
288.9
288.9
288.9
288.9
288.9
288.9
288.9
288.9
288.9
288.9
288.9
288.9
288.9
288.9
288.9
288.9
288.9
288.9
288.9
288.9
288.9
288.9
288.9
288.9
288.9
288.9
288.9
288.9
288.9
288.9
288.9
288.9
288.9
288.9
288.9
288.9
288.9
288.9
288.9
288.9
288.9
288.9
288.9
288.9
288.9
288.9
288.9
288.9
288.9
288.9
288.9
288.9
288.9
288.9
288.9
288.9
288.9
288.9
288.9
288.9
288.9
288.9
288.9
288.9
288.9
288.9
288.9
288.9
288.9
288.9
288.9
288.9
288.9
288.9
288.9
288.9
288.9
288.9
288.9
288.9
288.9
288.9
288.9
288.9
288.9
288.9
288.9
288.9
288.9
288.9
288.9
288.9
288.9
288.9
288.9
288.9
288.9
288.9
288.9
288.9
288.9
288.9
288.9
288.9
288.9
288.9
288.9
288.9
288.9
288.9
288.9
288.9
288.9
288.9
288.9
288.9
288.9
288.9
288.9
288.9
288.9
288.9
288.9
288.9
288.9
288.9
288.9
288.9
288.9
288.9
288.9
288.9
288.9
288.9
288.9
288.9
288.9
288.9
288.9
288.9
288.9
288.9
288.9
288.9
288.9
288.9
288.9
288.9
288.9
288.9
288.9
288.9
288.9
288.9
288.9
288.9
288.9
288.9
288.9
288.9
288.9
288.9
288.9
288.9
288.9
288.9
288.9
288.9
288.9
288.9
288.9
288.9
288.9
288.9
288.9
288.9
288.9
288.9
288.9
288.9
288.9
288.9
288.9
288.9
288.9
288.9
288.9
288.9
288.9
288.9
288.9
288.9
288.9
288.9
288.9
288.9
288.9
288.9
288.9
288.9
288.9
288.9
288.9
288.9
288.9
288.9
288.9
288.9
288.9
288.9
288.9
288.9
288.9
288.9
288.9
288.9
288.9
288.9
288.9
288.9
288.9
288.9
288.9
288.9
288.9
288.9
288.9
288.9
288.9
288.9
288.9
288.9
288.9
288.9
288.9
288.9
288.9
288.9
288.9
288.9
288.9
288.9
288.9
288.9
288.9
288.9
288.9
288.9
288.9
288.9
288.9
288.9
288.9
288.9
288.9
288.9
288.9
288.9
288.9
288.9
288.9
288.9
288.9
288.9
288.9
288.9
288.9
288.9
288.9
288.9
288.9
288.9
288.9
288.9
288.9
288.9
288.9
288.9
288.9
288.9
288.9
288.9
288.9
288.9
288.9
288.9
288.9
288.9
288.9
288.9
288.9
288.9
288.9
288.9
288.9
288.9
288.9
288.9
288.9
288.9
288.9
288.9
288.9
288.9
288.9
288.9
288.9
288.9
288.9
288.9
288.9
288.9
288.9
288.9
288.9
288.9
288.9
288.9
288.9
288.9
288.9
288.9
288.9
288.9
288.9
288.9
288.9
288.9
288.9
288.9
288.9
288.9
288.9
288.9
288.9
288.9
288.9
288.9
288.9
288.9
288.9
288.9
288.9
288.9
288.9
288.9
288.9
288.9
288.9
288.9
288.9
288.9
288.9
288.9
288.9
288.9
288.9
288.9
288.9
288.9
288.9
288.9
288.9
288.9
288.9
288.9
288.9
288.9
288.9
288.9
288.9
288.9
288.9
288.9
288.9
288.9
288.9
288.9
288.9
288.9
288.9
288.9
288.9
288.9
288.9
288.9
288.9
288.9
288.9
288.9
288.9
288.9
288.9
288.9
288.9
288.9
288.9
288.9
288.9
288.9
288.9
288.9
288.9
288.9
288.9
288.9
288.9
288.9
288.9
288.9
288.9
288.9
288.9
288.9
288.9
288.9
288.9
288.9
288.9
288.9
288.9
288.9
288.9
288.9
288.9
288.9
288.9
288.9
288.9
288.9
288.9
288.9
288.9
288.9
288.9
288.9
288.9
288.9
288.9
288.9
288.9
288.9
288.9
288.9
288.9
288.9
288.9
288.9
288.9
288.9
288.9
288.9
288.9
288.9
288.9
288.9
288.9
288.9
288.9
288.9
288.9
288.9
288.9
288.9
288.9
288.9
288.9
288.9
288.9
288.9
288.9
288.9
288.9
288.9
288.9
288.9
288.9
288.9
288.9
288.9
288.9
288.9
288.9
288.9
288.9
288.9
288.9
288.9
288.9
288.9
288.9
288.9
288.9
288.9
288.9
288.9
288.9
288.9
288.9
288.9
288.9
288.9
288.9
288.9
288.9
288.9
288.9
288.9
288.9
288.9
288.9
288.9
288.9
288.9
288.9
288.9
288.9
288.9
288.9
288.9
288.9
288.9
288.9
288.9
288.9
288.9
288.9
288.9
288.9
288.9
288.9
288.9
288.9
288.9
288.9
288.9
288.9
288.9
288.9
288.9
288.9
288.9
288.9
288.9
288.9
288.9
288.9
288.9
288.9
288.9
288.9
288.9
288.9
288.9
288.9
288.9
288.9
288.9
288.9
288.9
288.9
288.9
288.9
288.9
288.9
288.9
288.9
288.9
288.9
288.9
288.9
288.9
288.9
288.9
288.9
288.9
288.9
288.9
288.9
288.9
288.9
288.9
288.9
288.9
288.9
288.9
288.9
288.9
288.9
288.9
288.9
288.9
288.9
288.9
288.9
288.9
288.9
288.9
288.9
288.9
288.9
288.9
288.9
288.9
288.9
288.9
288.9
288.9
288.9
288.9
288.9
288.9
288.9
288.9
288.9
288.9
288.9
288.9
288.9
288.9
288.9
288.9
288.9
288.9
288.9
288.9
288.9
288.9
288.9
288.9
288.9
288.9
288.9
288.9
288.9
288.9
288.9
288.9
288.9
288.9
288.9
288.9
288.9
288.9
288.9
288.9
288.9
288.9
288.9
288.9
288.9
288.9
288.9
288.9
288.9
288.9
288.9
288.9
288.9
288.9
288.9
288.9
288.9
288.9
288.9
288.9
288.9
288.9
288.9
288.9
288.9
288.9
288.9
288.9
288.9
288.9
288.9
288.9
288.9
288.9
288.9
288.9
288.9
288.9
288.9
288.9
288.9
288.9
288.9
288.9
288.9
288.9
288.9
288.9
288.9
288.9
288.9
288.9
288.9
288.9
288.9
288.9
288.9
288.9
288.9
288.9
288.9
288.9
288.9
288.9
288.9
288.9
288.9
288.9
288.9
288.9
288.9
288.9
288.9
288.9
288.9
288.9
288.9
288.9
288.9
288.9
288.9
288.9
288.9
288.9
288.9
288.9
288.9
288.9
288.9
288.9
288.9
288.9
288.9
288.9
288.9
288.9
288.9
288.9
288.9
288.9
288.9
288.9
288.9
288.9
288.9
288.9
288.9
288.9
288.9
288.9
288.9
288.9
288.9
288.9
288.9
288.9
288.9
288.9
288.9
288.9
288.9
288.9
288.9
288.9
288.9
288.9
288.9
288.9
288.9
288.9
288.9
288.9
288.9
288.9
288.9
288.9
288.9
288.9
288.9
288.9
288.9
288.9
288.9
288.9
288.9
288.9
288.9
288.9
288.9
288.9
288.9
288.9
288.9
288.9
288.9
288.9
288.9
288.9
288.9
288.9
288.9
288.9
288.9
288.9
288.9
288.9
288.9
288.9
288.9
288.9
288.9
288.9
288.9
288.9
288.9
288.9
288.9
288.9
288.9
288.9
288.9
288.9
288.9
288.9
288.9
288.9
288.9
288.9
288.9
288.9
288.9
288.9
288.9
288.9
288.9
288.9
288.9
288.9
288.9
288.9
288.9
288.9
288.9
288.9
288.9
288.9
288.9
288.9
288.9
288.9
288.9
288.9
288.9
288.9
288.9
288.9
288.9
288.9
288.9
288.9
288.9
288.9
288.9
288.9
288.9
288.9
288.9
288.9
288.9
288.9
288.9
288.9
288.9
288.9
288.9
288.9
288.9
288.9
288.9
288.9
288.9
288.9
288.9
288.9
288.9
288.9
288.9
288.9
288.9
288.9
288.9
288.9
288.9
288.9
288.9
288.9
288.9
288.9
288.9
288.9
288.9
288.9
288.9
288.9
288.9
288.9
288.9
288.9
288.9
288.9
288.9
288.9
288.9
288.9
288.9
288.9
288.9
288.9
288.9
288.9
288.9
288.9
288.9
288.9
288.9
288.9
288.9
288.9
288.9
288.9
288.9
288.9
288.9
288.9
288.9
288.9
288.9
288.9
288.9
288.9
288.9
288.9
288.9
288.9
288.9
288.9
288.9
288.9
288.9
288.9
288.9
288.9
288.9
288.9
288.9
288.9
288.9
288.9
288.9
288.9
288.9
288.9
288.9
288.9
288.9
288.9
288.9
288.9
288.9
288.9
288.9
288.9
288.9
288.9
288.9
288.9
288.9
288.9
288.9
288.9
288.9
288.9
288.9
288.9
288.9
288.9
288.9
288.9
288.9
288.9
288.9
288.9
288.9
288.9
288.9
288.9
288.9
288.9
288.9
288.9
288.9
288.9
288.9
288.9
288.9
288.9
288.9
288.9
288.9
288.9
288.9
288.9
288.9
288.9
288.9
288.9
288.9
288.9
288.9
288.9
288.9
288.9
288.9
288.9
288.9
288.9
288.9
288.9
288.9
288.9
288.9
288.9
288.9
288.9
288.9
288.9
288.9
288.9
288.9
288.9
288.9
288.9
288.9
288.9
288.9
288.9
288.9
288.9
288.9
288.9
288.9
288.9
288.9
288.9
288.9
288.9
288.9
288.9
288.9
288.9
288.9
288.9
288.9
288.9
288.9
288.9
288.9
288.9
288.9
288.9
288.9
288.9
288.9
288.9
288.9
288.9
288.9
288.9
288.9
288.9
288.9
288.9
288.9
288.9
288.9
288.9
288.9
288.9
288.9
288.9
288.9
288.9
288.9
288.9
288.9
288.9
288.9
288.9
288.9
288.9
288.9
288.9
288.9
288.9
288.9
288.9
288.9
288.9
288.9
288.9
288.9
288.9
288.9
288.9
288.9
288.9
288.9
288.9
288.9
288.9
288.9
288.9
288.9
288.9
288.9
288.9
288.9
288.9
288.9
288.9
288.9
288.9
288.9
288.9
288.9
288.9
288.9
288.9
288.9
288.9
288.9
288.9
288.9
288.9
288.9
288.9
288.9
288.9
288.9
288.9
288.9
288.9
288.9
288.9
288.9
288.9
288.9
288.9
288.9
288.9
288.9
288.9
288.9
288.9
288.9
288.9
288.9
288.9
288.9
288.9
288.9
288.9
288.9
288.9
288.9
288.9
288.9
288.9
288.9
288.9
288.9
288.9
288.9
288.9
288.9
288.9
288.9
288.9
288.9
288.9
288.9
288.9
288.9
288.9
288.9
288.9
288.9
288.9
288.9
288.9
288.9
288.9
288.9
288.9
288.9
288.9
288.9
288.9
288.9
288.9
288.9
288.9
288.9
288.9
288.9
288.9
288.9
288.9
288.9
288.9
288.9
288.9
288.9
288.9
288.9
288.9
288.9
288.9
288.9
288.9
288.9
288.9
288.9
288.9
288.9
288.9
288.9
288.9
288.9
288.9
288.9
288.9
288.9
288.9
288.9
288.9
288.9
288.9
288.9
288.9
288.9
288.9
288.9
288.9
288.9
288.9
288.9
288.9
288.9
288.9
288.9
288.9
288.9
288.9
288.9
288.9
288.9
288.9
288.9
288.9
288.9
288.9
288.9
288.9
288.9
288.9
288.9
288.9
288.9
288.9
288.9
288.9
288.9
288.9
288.9
288.9
288.9
288.9
288.9
288.9
288.9
288.9
288.9
288.9
288.9
288.9
288.9
288.9
288.9
288.9
288.9
288.9
288.9
288.9
288.9
288.9
288.9
288.9
288.9
288.9
288.9
288.9
288.9
288.9
288.9
288.9
288.9
288.9
288.9
288.9
288.9
288.9
288.9
288.9
288.9
288.9
288.9
288.9
288.9
288.9
288.9
288.9
288.9
288.9
288.9
288.9
288.9
288.9
288.9
288.9
288.9
288.9
288.9
288.9
288.9
288.9
288.9
288.9
288.9
288.9
288.9
288.9
288.9
288.9
288.9
288.9
288.9
288.9
288.9
288.9
288.9
288.9
288.9
288.9
288.9
288.9
288.9
288.9
288.9
288.9
288.9
288.9
288.9
288.9
288.9
288.9
288.9
288.9
288.9
288.9
288.9
288.9
288.9
288.9
288.9
288.9
288.9
288.9
288.9
288.9
288.9
288.9
288.9
288.9
288.9
288.9
288.9
288.9
288.9
288.9
288.9
288.9
288.9
288.9
288.9
288.9
288.9
288.9
288.9
288.9
288.9
288.9
288.9
288.9
288.9
288.9
288.9
288.9
288.9
288.9
288.9
288.9
288.9
288.9
288.9
288.9
288.9
288.9
288.9
288.9
288.9
288.9
288.9
288.9
288.9
288.9
288.9
288.9
288.9
288.9
288.9
288.9
288.9
288.9
288.9
288.9
288.9
288.9
288.9
288.9
288.9
288.9
288.9
288.9
288.9
288.9
288.9
288.9
288.9
288.9
288.9
288.9
288.9
288.9
288.9
288.9
288.9
288.9
288.9
288.9
288.9
288.9
288.9
288.9
288.9
288.9
288.9
288.9
288.9
288.9
288.9
288.9
288.9
288.9
288.9
288.9
288.9
288.9
288.9
288.9
288.9
288.9
288.9
288.9
288.9
288.9
288.9
288.9
288.9
288.9
288.9
288.9
288.9
288.9
288.9
288.9
288.9
288.9
288.9
288.9
288.9
288.9
288.9
288.9
288.9
288.9
288.9
288.9
288.9
288.9
288.9
288.9
288.9
288.9
288.9
288.9
288.9
288.9
288.9
288.9
288.9
288.9
288.9
288.9
288.9
288.9
288.9
288.9
288.9
288.9
288.9
288.9
288.9
288.9
288.9
288.9
288.9
288.9
288.9
288.9
288.9
288.9
288.9
288.9
288.9
288.9
288.9
288.9
288.9
288.9
288.9
288.9
288.9
288.9
288.9
288.9
288.9
288.9
288.9
288.9
288.9
288.9
288.9
288.9
288.9
288.9
288.9
288.9
288.9
288.9
288.9
288.9
288.9
288.9
288.9
288.9
288.9
288.9
288.9
288.9
288.9
288.9
288.9
288.9
288.9
288.9
288.9
288.9
288.9
288.9
288.9
288.9
288.9
288.9
288.9
288.9
288.9
288.9
288.9
288.9
288.9
288.9
288.9
288.9
288.9
288.9
288.9
288.9
288.9
288.9
288.9
288.9
288.9
288.9
288.9
288.9
288.9
288.9
288.9
288.9
288.9
288.9
288.9
288.9
288.9
288.9
288.9
288.9
288.9
288.9
288.9
288.9
288.9
288.9
288.9
288.9
288.9
288.9
288.9
288.9
288.9
288.9
288.9
288.9
288.9
288.9
288.9
288.9
288.9
288.9
288.9
288.9
288.9
288.9
288.9
288.9
288.9
288.9
288.9
288.9
288.9
288.9
288.9
288.9
288.9
288.9
288.9
288.9
288.9
288.9
288.9
288.9
288.9
288.9
288.9
288.9
288.9
288.9
288.9
288.9
288.9
288.9
288.9
288.9
288.9
288.9
288.9
288.9
288.9
288.9
288.9
288.9
288.9
288.9
288.9
288.9
288.9
288.9
288.9
288.9
288.9
288.9
288.9
288.9
288.9
288.9
288.9
288.9
288.9
288.9
288.9
288.9
288.9
288.9
288.9
288.9
288.9
288.9
288.9
288.9
288.9
288.9
288.9
288.9
288.9
288.9
288.9
288.9
288.9
288.9
288.9
288.9
288.9
288.9
288.9
288.9
288.9
288.9
288.9
288.9
288.9
288.9
288.9
288.9
288.9
288.9
288.9
288.9
288.9
288.9
288.9
288.9
288.9
288.9
288.9
288.9
288.9
288.9
288.9
288.9
288.9
288.9
288.9
288.9
288.9
288.9
288.9
288.9
288.9
288.9
288.9
288.9
288.9
288.9
288.9
288.9
288.9
288.9
288.9
288.9
288.9
288.9
288.9
288.9
288.9
288.9
288.9
288.9
288.9
288.9
288.9
288.9
288.9
288.9
288.9
288.9
288.9
288.9
288.9
288.9
288.9
288.9
288.9
288.9
288.9
288.9
288.9
288.9
288.9
288.9
288.9
288.9
288.9
288.9
288.9
288.9
288.9
288.9
288.9
288.9
288.9
288.9
288.9
288.9
288.9
288.9
288.9
288.9
288.9
288.9
288.9
288.9
288.9
288.9
288.9
288.9
288.9
288.9
288.9
288.9
288.9
288.9
288.9
288.9
288.9
288.9
288.9
288.9
288.9
288.9
288.9
288.9
288.9
288.9
288.9
288.9
288.9
288.9
288.9
288.9
288.9
288.9
288.9
288.9
288.9
288.9
288.9
288.9
288.9
288.9
288.9
288.9
288.9
288.9
288.9
288.9
288.9
288.9
288.9
288.9
288.9
288.9
288.9
288.9
288.9
288.9
288.9
288.9
288.9
288.9
288.9
288.9
288.9
288.9
288.9
288.9
288.9
288.9
288.9
288.9
288.9
288.9
288.9
288.9
288.9
288.9
288.9
288.9
288.9
288.9
288.9
288.9
288.9
288.9
288.9
288.9
288.9
288.9
288.9
288.9
288.9
288.9
288.9
288.9
288.9
288.9
288.9
288.9
288.9
288.9
288.9
288.9
288.9
288.9
288.9
288.9
288.9
288.9
288.9
288.9
288.9
288.9
288.9
288.9
288.9
288.9
288.9
288.9
288.9
288.9
288.9
288.9
288.9
288.9
288.9
288.9
288.9
288.9
288.9
288.9
288.9
288.9
288.9
288.9
288.9
288.9
288.9
288.9
288.9
288.9
288.9
288.9
288.9
288.9
288.9
288.9
288.9
288.9
288.9
288.9
288.9
288.9
288.9
288.9
288.9
288.9
288.9
288.9
288.9
288.9
288.9
288.9
288.9
288.9
288.9
288.9
288.9
288.9
288.9
288.9
288.9
288.9
288.9
288.9
288.9
288.9
288.9
288.9
288.9
288.9
288.9
288.9
288.9
288.9
288.9
288.9
288.9
288.9
288.9
288.9
288.9
288.9
288.9
288.9
288.9
288.9
288.9
288.9
288.9
288.9
288.9
288.9
288.9
288.9
288.9
288.9
288.9
288.9
288.9
288.9
288.9
288.9
288.9
288.9
288.9
288.9
288.9
288.9
288.9
288.9
288.9
288.9
288.9
288.9
288.9
288.9
288.9
288.9
288.9
288.9
288.9
288.9
288.9
288.9
288.9
288.9
288.9
288.9
288.9
288.9
288.9
288.9
288.9
288.9
288.9
288.9
288.9
288.9
288.9
288.9
288.9
288.9
288.9
288.9
288.9
288.9
288.9
288.9
288.9
288.9
288.9
288.9
288.9
288.9
288.9
288.9
288.9
288.9
288.9
288.9
288.9
288.9
288.9
288.9
288.9
288.9
288.9
288.9
288.9
288.9
288.9
288.9
288.9
288.9
288.9
288.9
288.9
288.9
288.9
288.9
288.9
288.9
288.9
288.9
288.9
288.9
288.9
288.9
288.9
288.9
288.9
288.9
288.9
288.9
288.9
288.9
288.9
288.9
288.9
288.9
288.9
288.9
288.9
288.9
288.9
288.9
288.9
288.9
288.9
288.9
288.9
288.9
288.9
288.9
288.9
288.9
288.9
288.9
288.9
288.9
288.9
288.9
288.9
288.9
288.9
288.9
288.9
288.9
288.9
288.9
288.9
288.9
288.9
288.9
288.9
288.9
288.9
288.9
288.9
288.9
288.9
288.9
288.9
288.9
288.9
288.9
288.9
288.9
288.9
288.9
288.9
288.9
288.9
288.9
288.9
288.9
288.9
288.9
288.9
288.9
288.9
288.9
288.9
288.9
288.9
288.9
288.9
288.9
288.9
288.9
288.9
288.9
288.9
288.9
288.9
288.9
288.9
288.9
288.9
288.9
288.9
288.9
288.9
288.9
288.9
288.9
288.9
288.9
288.9
288.9
288.9
288.9
288.9
288.9
288.9
288.9
288.9
288.9
288.9
288.9
288.9
288.9
288.9
288.9
288.9
288.9
288.9
288.9
288.9
288.9
288.9
288.9
288.9
288.9
288.9
288.9
288.9
288.9
288.9
288.9
288.9
288.9
288.9
288.9
288.9
288.9
288.9
288.9
288.9
288.9
288.9
288.9
288.9
288.9
288.9
288.9
288.9
288.9
288.9
288.9
288.9
288.9
288.9
288.9
288.9
288.9
288.9
288.9
288.9
288.9
288.9
288.9
288.9
288.9
288.9
288.9
288.9
288.9
288.9
288.9
288.9
288.9
288.9
288.9
288.9
288.9
288.9
288.9
288.9
288.9
288.9
288.9
288.9
288.9
288.9
288.9
288.9
288.9
288.9
288.9
288.9
288.9
288.9
288.9
288.9
288.9
288.9
288.9
288.9
288.9
288.9
288.9
288.9
288.9
288.9
310.002
339.941
364.482
394.779
408.442
409.671
402.994
390.052
379.544
380.592
383.39
386.333
386.805
385.439
382.936
383.007
383.976
385.701
386.869
387.121
387.054
386.867
386.606
386.387
386.182
386.198
386.246
386.204
385.932
385.492
384.98
384.42
383.936
383.662
383.671
383.783
384.107
384.617
385.192
385.622
385.692
385.639
385.525
385.357
385.316
385.409
385.617
385.876
386.126
386.236
386.264
386.261
386.252
386.232
386.183
386.11
385.995
385.774
385.491
385.123
384.743
384.446
384.452
384.525
384.659
384.806
384.976
385.181
385.459
385.5
385.49
385.511
385.573
385.654
385.721
291.771
295.725
312.483
323.547
351.187
363.611
370.033
375.911
385.172
391.571
390.024
385.81
383.031
380.789
379.137
379.533
380.146
380.813
381.121
381.06
380.725
380.231
379.72
379.443
379.518
379.776
380.203
380.762
381.114
381.11
381.082
381.054
381.032
380.965
380.873
380.754
380.595
380.394
380.127
379.766
379.273
378.82
378.333
378.083
378.151
378.442
378.87
379.413
379.991
380.53
380.985
381.335
381.447
381.411
381.308
381.17
380.998
380.817
380.638
380.497
380.396
380.409
380.481
380.564
380.555
380.517
380.432
380.286
380.076
379.784
379.514
379.394
379.431
379.511
379.801
288.977
289.222
290.117
292.665
302.348
326.044
364.575
392.541
396.167
393.436
389.68
382.444
382.476
382.252
380.017
379.023
378.635
378.367
378.628
379.141
379.863
380.226
380.143
380.072
380.207
380.409
380.517
380.559
380.622
380.678
380.844
381.178
381.675
382.102
382.167
382.16
382.132
381.949
381.516
380.929
380.258
379.492
379.076
378.88
378.926
379.115
379.414
379.792
380.186
380.536
380.84
381.058
381.107
381.066
380.981
380.855
380.701
380.532
380.405
380.4
380.426
380.528
380.706
380.862
380.909
380.885
380.807
380.673
380.501
380.255
379.941
379.746
379.752
379.782
379.803
288.903
288.91
288.938
289.051
289.531
292.521
305.83
339.729
368.296
379.534
384.207
385.589
387.802
388.795
386.604
382.955
381.06
381.387
382.399
383.062
383.085
382.568
381.839
381.644
381.806
382.169
382.636
382.978
383.08
383.071
383.046
382.985
383.006
383.181
383.168
383.005
382.702
382.388
382.072
381.862
381.863
381.933
382.136
382.4
382.754
383.139
383.327
383.289
383.177
383.017
382.884
382.745
382.609
382.376
382.246
382.074
381.951
381.892
381.896
381.897
381.967
382.015
381.984
381.964
381.898
381.737
381.494
381.257
381.014
380.812
380.755
380.726
380.709
380.717
380.673
288.9
288.9
288.901
288.905
288.922
289.033
289.715
294.29
311.983
340.313
372.249
383.647
392.029
391.059
383.985
383.903
385.399
385.171
385.386
385.221
384.56
383.745
383.096
382.697
382.495
382.51
382.658
382.818
382.79
382.823
382.885
383.02
382.988
382.917
382.984
383.106
383.193
383.445
383.579
383.682
383.948
384.439
384.612
384.722
384.982
384.934
384.795
384.584
384.276
384.193
384.237
384.379
384.314
384.352
384.296
384.287
384.229
384.272
384.325
384.411
384.45
384.389
384.248
384.103
383.832
383.484
383.152
382.788
382.44
382.391
382.402
382.411
382.423
382.411
382.355
288.9
288.9
288.9
288.9
288.901
288.904
288.927
289.09
290.173
296.635
309.91
349.351
371.81
381.114
381.899
388.01
390.152
387
382.837
381.711
381.927
382.638
383.624
384.219
384.035
383.503
382.858
382.35
382.369
382.548
382.717
382.914
382.886
382.95
383.093
383.335
383.731
384.165
384.309
384.368
384.465
384.64
384.794
384.997
384.987
384.954
384.817
384.565
384.301
384.078
383.962
383.987
383.952
383.944
383.915
383.911
383.947
384.06
384.212
384.403
384.417
384.361
384.179
383.964
383.731
383.391
383.203
383.197
383.25
383.435
383.7
383.877
383.944
384.092
384.09
288.9
288.9
288.9
288.9
288.9
288.9
288.901
288.906
288.939
289.18
290.359
301.982
316.177
353.46
387.683
388.94
388.842
386.343
380.549
381.602
382.698
383.91
383.53
383.461
383.125
383.011
383.188
383.781
384.574
384.551
384.294
383.844
383.201
383.062
383.112
383.327
383.694
383.866
383.842
383.874
383.991
384.127
384.393
384.396
384.295
384.172
384.042
383.856
383.681
383.557
383.407
383.214
383.199
383.189
383.252
383.328
383.483
383.628
383.774
383.922
383.903
383.839
383.732
383.587
383.456
383.35
383.358
383.393
383.468
383.616
383.813
384.004
384.251
384.289
384.224
288.9
288.9
288.9
288.9
288.9
288.9
288.9
288.9
288.901
288.908
288.955
289.346
290.847
300.588
337.191
364.302
378.321
378.04
382.341
385.267
388.514
387.369
385.195
382.776
381.765
381.963
382.657
383.974
384.064
383.868
383.729
383.549
383.666
383.809
384
383.971
383.636
383.045
382.571
382.182
382.201
382.355
382.659
382.929
383.06
383.153
383.269
383.414
383.456
383.447
383.409
383.273
383.157
383.017
383.042
383.109
383.173
383.185
383.138
383.067
382.972
382.918
382.864
382.889
382.943
383.108
383.267
383.402
383.494
383.624
383.778
383.919
383.945
383.95
383.861
288.9
288.9
288.9
288.9
288.9
288.9
288.9
288.9
288.9
288.9
288.902
288.911
288.97
289.44
293.322
310.415
337.96
371.773
385.523
386.306
386.408
383.385
379.535
379.752
380.973
381.975
381.809
382.376
382.431
382.208
381.997
382.032
382.417
382.978
383.519
384.117
384.425
384.546
384.886
385.058
385.057
385.077
384.884
384.482
383.88
383.295
382.991
382.923
382.938
382.914
382.878
382.85
382.745
382.759
382.823
382.901
382.901
382.826
382.667
382.471
382.283
382.141
382.183
382.247
382.342
382.606
382.855
382.994
383.108
383.245
383.37
383.333
383.349
383.247
383.176
288.9
288.9
288.9
288.9
288.9
288.9
288.9
288.9
288.9
288.9
288.9
288.9
288.902
288.919
289.065
290.072
296.446
316.268
348.633
367.139
378.057
376.853
380.896
387.238
387.143
384.137
381.617
380.352
380.924
381.504
381.955
382.366
382.766
383.065
383.015
383.235
383.556
383.806
384.272
384.783
385.182
385.242
385.172
384.889
384.359
383.753
383.285
383.074
383.027
382.951
382.862
382.691
382.723
382.756
382.792
382.872
382.875
382.756
382.551
382.336
382.112
381.998
382.096
382.22
382.269
382.658
382.662
382.631
382.66
382.765
382.716
382.665
382.621
382.584
382.552
288.9
288.9
288.9
288.9
288.9
288.9
288.9
288.9
288.9
288.9
288.9
288.9
288.9
288.901
288.905
288.939
289.206
290.835
300.08
323.012
350.884
373.729
389.108
388.714
385.371
381.328
380.144
380.997
381.265
381.464
381.58
381.969
382.034
382.097
382.507
382.945
383.351
383.324
383.195
383.113
383.215
383.255
383.254
383.193
382.995
382.871
382.862
382.929
383.007
382.972
382.9
382.805
382.84
382.917
382.929
382.906
382.812
382.624
382.427
382.254
382.117
382.171
382.335
382.378
382.579
382.658
382.698
382.648
382.62
382.606
382.438
382.312
382.19
382.132
382.099
288.9
288.9
288.9
288.9
288.9
288.9
288.9
288.9
288.9
288.9
288.9
288.9
288.9
288.9
288.9
288.901
288.909
288.967
289.369
292.276
301.152
331.597
358.843
374.958
375.573
379.972
384.202
383.257
382.501
382.586
382.872
382.66
382.02
381.707
382.047
382.471
382.361
382.12
381.868
381.907
382.049
382.212
382.214
382.128
381.973
381.99
382.165
382.302
382.476
382.578
382.524
382.542
382.587
382.709
382.764
382.711
382.568
382.418
382.306
382.235
382.242
382.349
382.453
382.466
382.716
382.713
382.743
382.72
382.675
382.591
382.386
382.167
382.004
381.911
381.852
288.9
288.9
288.9
288.9
288.9
288.9
288.9
288.9
288.9
288.9
288.9
288.9
288.9
288.9
288.9
288.9
288.9
288.902
288.915
289.018
289.572
295.968
305.372
337.277
366.408
386.611
386.442
382.483
379.461
381.11
382.086
381.761
381.171
381.286
381.799
382.162
381.907
381.373
381.068
381.323
381.906
382.437
382.445
382.358
382.137
381.902
381.79
381.593
381.439
381.344
381.246
381.208
381.265
381.318
381.361
381.455
381.532
381.673
381.843
381.96
382.203
382.425
382.489
382.617
382.742
382.828
382.801
382.802
382.727
382.577
382.308
381.997
381.812
381.715
381.654
288.9
288.9
288.9
288.9
288.9
288.9
288.9
288.9
288.9
288.9
288.9
288.9
288.9
288.9
288.9
288.9
288.9
288.9
288.9
288.903
288.927
289.149
290.052
296.093
321.023
352.938
366.9
370.053
374.375
383.297
382.736
382.408
382.629
383.324
383.238
383.408
382.948
382.045
381.78
381.933
382.329
382.37
382.416
382.372
382.332
382.222
381.93
381.648
381.512
381.394
381.252
381.234
381.217
381.174
381.141
381.148
381.199
381.33
381.548
381.777
382.02
382.234
382.363
382.59
382.725
382.892
382.907
382.915
382.851
382.695
382.457
382.107
381.922
381.816
381.696
288.9
288.9
288.9
288.9
288.9
288.9
288.9
288.9
288.9
288.9
288.9
288.9
288.9
288.9
288.9
288.9
288.9
288.9
288.9
288.9
288.901
288.907
288.946
289.229
292.615
299.752
329.203
367.384
383.562
380.04
381.274
382.302
382.054
380.484
380.427
380.517
380.369
380.43
380.798
381.421
381.682
381.67
381.69
381.885
382.046
381.86
381.746
381.785
381.926
382.078
382.164
382.222
382.204
382.116
382.002
381.872
381.874
381.942
381.98
382.085
382.089
382.087
382.113
382.339
382.551
382.729
382.816
382.866
382.889
382.783
382.585
382.3
382.16
382.034
381.856
288.9
288.9
288.9
288.9
288.9
288.9
288.9
288.9
288.9
288.9
288.9
288.9
288.9
288.9
288.9
288.9
288.9
288.9
288.9
288.9
288.9
288.9
288.901
288.913
289.031
289.569
296.543
307.247
339.362
358.73
376.911
386.909
381.963
380.852
382.608
382.418
381.583
380.806
380.913
381.169
381.274
381.318
381.523
381.725
381.808
382.01
381.821
381.887
382.129
382.353
382.5
382.55
382.465
382.292
382.106
382.067
382.1
382.262
382.147
382.147
382.096
382.085
382.122
382.259
382.552
382.655
382.778
382.826
382.782
382.656
382.544
382.454
382.383
382.246
381.987
288.9
288.9
288.9
288.9
288.9
288.9
288.9
288.9
288.9
288.9
288.9
288.9
288.9
288.9
288.9
288.9
288.9
288.9
288.9
288.9
288.9
288.9
288.9
288.9
288.903
288.929
289.157
290.2
296.33
318.637
347.098
364.031
372.665
378.351
381.791
381.345
380.626
381.042
381.766
381.935
381.543
381.305
381.297
381.466
381.85
381.831
382.062
382.209
382.615
383.058
383.154
383.098
382.888
382.668
382.425
382.258
382.18
382.101
381.816
381.719
381.733
381.83
382.003
382.204
382.395
382.544
382.726
382.724
382.723
382.571
382.583
382.574
382.455
382.313
382.051
288.9
288.9
288.9
288.9
288.9
288.9
288.9
288.9
288.9
288.9
288.9
288.9
288.9
288.9
288.9
288.9
288.9
288.9
288.9
288.9
288.9
288.9
288.9
288.9
288.9
288.901
288.907
288.949
289.209
291.963
298.579
324.504
370.601
383.733
381.955
379.682
379.612
380.459
382.133
383.381
382.987
382.297
382.023
381.959
381.736
381.724
381.841
382.095
382.528
382.899
382.995
382.902
382.806
382.666
382.532
382.309
382.177
381.868
381.735
381.525
381.521
381.578
381.801
382.03
382.14
382.259
382.311
382.283
382.187
382.251
382.368
382.352
382.268
382.1
382.003
288.9
288.9
288.9
288.9
288.9
288.9
288.9
288.9
288.9
288.9
288.9
288.9
288.9
288.9
288.9
288.9
288.9
288.9
288.9
288.9
288.9
288.9
288.9
288.9
288.9
288.9
288.9
288.901
288.911
289.001
289.462
294.74
309.454
345.56
361.637
376.582
383.037
382.45
383.791
383.454
381.368
379.827
380.208
380.826
380.766
380.56
380.393
380.473
380.742
381.163
381.763
381.952
382.209
382.41
382.497
382.486
382.411
382.081
381.855
381.634
381.57
381.666
381.83
381.819
381.696
381.586
381.498
381.506
381.542
381.605
381.612
381.498
381.439
381.504
381.659
288.9
288.9
288.9
288.9
288.9
288.9
288.9
288.9
288.9
288.9
288.9
288.9
288.9
288.9
288.9
288.9
288.9
288.9
288.9
288.9
288.9
288.9
288.9
288.9
288.9
288.9
288.9
288.9
288.9
288.903
288.924
289.145
290.495
298.719
324.879
357.128
368.959
383.78
388.124
387.024
384.689
382.473
383.48
383.414
382.764
381.81
380.927
380.901
381
381.036
381.103
381.153
381.27
381.592
382.006
382.306
382.201
382.102
381.977
381.756
381.838
381.824
381.728
381.461
381.108
380.939
380.967
381.067
381.183
381.176
381.108
380.926
380.863
380.899
381.181
288.9
288.9
288.9
288.9
288.9
288.9
288.9
288.9
288.9
288.9
288.9
288.9
288.9
288.9
288.9
288.9
288.9
288.9
288.9
288.9
288.9
288.9
288.9
288.9
288.9
288.9
288.9
288.9
288.9
288.9
288.901
288.908
288.961
289.352
293.671
303.008
338.515
373.186
380.659
377.938
376.866
381.067
383.67
383.174
382.089
381.399
381.392
381.411
381.525
381.531
381.263
380.979
380.992
381.304
381.891
382.122
381.987
381.892
381.811
381.86
382.015
381.955
381.758
381.318
381.273
381.371
381.614
381.879
381.938
381.878
381.67
381.398
381.205
381.132
381.404
288.9
288.9
288.9
288.9
288.9
288.9
288.9
288.9
288.9
288.9
288.9
288.9
288.9
288.9
288.9
288.9
288.9
288.9
288.9
288.9
288.9
288.9
288.9
288.9
288.9
288.9
288.9
288.9
288.9
288.9
288.9
288.9
288.902
288.917
289.078
290.069
303.24
318.322
348.248
363.008
376.252
384.576
385.909
382.954
381.996
382.166
382.617
382.704
382.901
382.936
382.184
381.43
381.366
381.614
381.997
381.888
381.73
381.676
381.717
382.062
382.305
382.204
381.958
381.835
381.863
382.034
382.316
382.537
382.542
382.414
382.138
381.906
381.739
381.743
381.963
288.9
288.9
288.9
288.9
288.9
288.9
288.9
288.9
288.9
288.9
288.9
288.9
288.9
288.9
288.9
288.9
288.9
288.9
288.9
288.9
288.9
288.9
288.9
288.9
288.9
288.9
288.9
288.9
288.9
288.9
288.9
288.9
288.9
288.901
288.905
288.957
289.482
292.199
301.64
337.718
371.76
382.016
380.32
380.689
383.219
384.129
383.507
382.465
382.825
382.975
382.647
382.286
382.401
382.603
382.528
382.177
381.557
381.319
381.453
381.774
381.761
381.612
381.661
381.842
382.289
382.769
382.944
382.924
382.86
382.5
382.034
381.985
382.015
382.321
382.32
288.9
288.9
288.9
288.9
288.9
288.9
288.9
288.9
288.9
288.9
288.9
288.9
288.9
288.9
288.9
288.9
288.9
288.9
288.9
288.9
288.9
288.9
288.9
288.9
288.9
288.9
288.9
288.9
288.9
288.9
288.9
288.9
288.9
288.9
288.9
288.902
288.917
289.035
289.767
299.488
322.351
346.492
365.152
383.513
385.393
383.208
380.797
380.81
382.069
383.14
383.017
382.791
382.995
383.037
382.87
382.29
381.627
381.375
381.449
381.128
381.005
381.099
381.344
381.822
382.546
382.945
382.98
382.905
382.78
382.3
382.14
382.213
382.326
382.403
382.044
288.9
288.9
288.9
288.9
288.9
288.9
288.9
288.9
288.9
288.9
288.9
288.9
288.9
288.9
288.9
288.9
288.9
288.9
288.9
288.9
288.9
288.9
288.9
288.9
288.9
288.9
288.9
288.9
288.9
288.9
288.9
288.9
288.9
288.9
288.9
288.9
288.9
288.904
288.939
289.398
292.074
303.349
333.637
363.3
371.061
379.784
381.723
381.327
381.844
382.905
382.886
383.039
383.543
383.684
383.58
383.02
382.3
381.946
381.294
381.036
381.146
381.422
381.806
382.302
382.675
383.001
383.28
383.239
382.964
382.759
382.704
382.632
382.571
382.358
381.838
288.9
288.9
288.9
288.9
288.9
288.9
288.9
288.9
288.9
288.9
288.9
288.9
288.9
288.9
288.9
288.9
288.9
288.9
288.9
288.9
288.9
288.9
288.9
288.9
288.9
288.9
288.9
288.9
288.9
288.9
288.9
288.9
288.9
288.9
288.9
288.9
288.9
288.9
288.901
288.915
289.018
289.816
297.211
312.469
350.008
378.593
384.944
382.513
382.587
382.845
381.845
381.854
382.282
382.681
382.815
382.872
382.653
382.26
381.54
381.548
381.64
381.94
382.136
382.265
382.353
382.564
382.839
382.921
382.902
383.165
383.139
382.966
382.792
382.389
381.75
288.9
288.9
288.9
288.9
288.9
288.9
288.9
288.9
288.9
288.9
288.9
288.9
288.9
288.9
288.9
288.9
288.9
288.9
288.9
288.9
288.9
288.9
288.9
288.9
288.9
288.9
288.9
288.9
288.9
288.9
288.9
288.9
288.9
288.9
288.9
288.9
288.9
288.9
288.9
288.9
288.903
288.934
289.284
291.334
306.925
335.739
367.601
370.975
381.729
380.756
379.71
380.325
381.517
382.177
382.686
382.886
382.691
381.887
381.715
381.903
381.996
382.145
382.197
381.947
381.666
381.755
382.013
382.345
382.967
383.235
383.107
383.013
382.748
382.243
381.625
288.9
288.9
288.9
288.9
288.9
288.9
288.9
288.9
288.9
288.9
288.9
288.9
288.9
288.9
288.9
288.9
288.9
288.9
288.9
288.9
288.9
288.9
288.9
288.9
288.9
288.9
288.9
288.9
288.9
288.9
288.9
288.9
288.9
288.9
288.9
288.9
288.9
288.9
288.9
288.9
288.9
288.901
288.912
289.012
290.279
296.524
326.311
363.946
375.151
376.162
378.162
382.134
382.526
382.527
382.731
382.542
381.642
380.884
381.228
381.59
381.911
382.129
381.932
381.384
381.07
381.183
381.482
381.967
382.765
383.012
383.028
382.935
382.541
382.005
381.468
288.9
288.9
288.9
288.9
288.9
288.9
288.9
288.9
288.9
288.9
288.9
288.9
288.9
288.9
288.9
288.9
288.9
288.9
288.9
288.9
288.9
288.9
288.9
288.9
288.9
288.9
288.9
288.9
288.9
288.9
288.9
288.9
288.9
288.9
288.9
288.9
288.9
288.9
288.9
288.9
288.9
288.9
288.9
288.904
288.952
289.355
294.125
316.264
336.724
366.168
383.879
382.835
379.705
380.989
381.607
380.914
379.89
380.195
381.288
382.161
382.155
382.06
381.689
381.299
381.322
381.566
382.013
382.547
382.842
382.762
382.741
382.515
381.918
381.562
381.235
288.9
288.9
288.9
288.9
288.9
288.9
288.9
288.9
288.9
288.9
288.9
288.9
288.9
288.9
288.9
288.9
288.9
288.9
288.9
288.9
288.9
288.9
288.9
288.9
288.9
288.9
288.9
288.9
288.9
288.9
288.9
288.9
288.9
288.9
288.9
288.9
288.9
288.9
288.9
288.9
288.9
288.9
288.9
288.9
288.902
288.919
289.14
290.924
299.413
327.287
362.469
371.317
375.743
380.364
381.811
380.951
381.179
382.407
383.097
382.796
382.108
381.646
381.036
380.62
380.642
380.914
381.632
382.487
382.552
382.514
382.384
381.71
381.214
381.167
381.097
288.9
288.9
288.9
288.9
288.9
288.9
288.9
288.9
288.9
288.9
288.9
288.9
288.9
288.9
288.9
288.9
288.9
288.9
288.9
288.9
288.9
288.9
288.9
288.9
288.9
288.9
288.9
288.9
288.9
288.9
288.9
288.9
288.9
288.9
288.9
288.9
288.9
288.9
288.9
288.9
288.9
288.9
288.9
288.9
288.9
288.901
288.907
288.967
289.575
293.878
315.222
358.008
380.286
380.439
381.89
381.729
383.294
385.902
385.725
384.109
382.343
381.011
380.047
380.079
380.311
380.796
381.429
382.085
382.446
382.576
382.372
381.622
381.382
381.29
381.137
288.9
288.9
288.9
288.9
288.9
288.9
288.9
288.9
288.9
288.9
288.9
288.9
288.9
288.9
288.9
288.9
288.9
288.9
288.9
288.9
288.9
288.9
288.9
288.9
288.9
288.9
288.9
288.9
288.9
288.9
288.9
288.9
288.9
288.9
288.9
288.9
288.9
288.9
288.9
288.9
288.9
288.9
288.9
288.9
288.9
288.9
288.9
288.902
288.925
289.184
292.404
308.552
348.122
363.918
377.597
379.166
385.754
388.519
386.776
383.863
380.882
379.323
379.724
380.139
380.492
380.898
381.49
382.269
382.607
382.791
382.196
381.734
381.747
381.86
381.683
288.9
288.9
288.9
288.9
288.9
288.9
288.9
288.9
288.9
288.9
288.9
288.9
288.9
288.9
288.9
288.9
288.9
288.9
288.9
288.9
288.9
288.9
288.9
288.9
288.9
288.9
288.9
288.9
288.9
288.9
288.9
288.9
288.9
288.9
288.9
288.9
288.9
288.9
288.9
288.9
288.9
288.9
288.9
288.9
288.9
288.9
288.9
288.9
288.901
288.913
289.086
290.67
302.802
330.629
365.619
367.684
388.43
387.098
383.894
382.183
381.411
380.334
379.516
379.637
379.988
380.557
381.685
382.566
383.092
382.762
381.986
382.032
382.235
382.483
382.348
288.9
288.9
288.9
288.9
288.9
288.9
288.9
288.9
288.9
288.9
288.9
288.9
288.9
288.9
288.9
288.9
288.9
288.9
288.9
288.9
288.9
288.9
288.9
288.9
288.9
288.9
288.9
288.9
288.9
288.9
288.9
288.9
288.9
288.9
288.9
288.9
288.9
288.9
288.9
288.9
288.9
288.9
288.9
288.9
288.9
288.9
288.9
288.9
288.9
288.901
288.906
288.974
289.721
296.421
309.665
350.505
366.437
371.97
370.517
371.31
374.647
377.072
378.788
379.816
380.566
381.489
382.663
383.222
383.026
381.871
381.739
381.97
382.116
382.306
382.237
288.9
288.9
288.9
288.9
288.9
288.9
288.9
288.9
288.9
288.9
288.9
288.9
288.9
288.9
288.9
288.9
288.9
288.9
288.9
288.9
288.9
288.9
288.9
288.9
288.9
288.9
288.9
288.9
288.9
288.9
288.9
288.9
288.9
288.9
288.9
288.9
288.9
288.9
288.9
288.9
288.9
288.9
288.9
288.9
288.9
288.9
288.9
288.9
288.9
288.9
288.9
288.902
288.929
289.24
291.567
321.377
336.601
359.218
371.373
380.621
379.454
378.496
379.818
381.292
382.001
383.204
383.257
383.003
381.728
380.77
381.165
381.566
381.56
381.694
381.898
288.9
288.9
288.9
288.9
288.9
288.9
288.9
288.9
288.9
288.9
288.9
288.9
288.9
288.9
288.9
288.9
288.9
288.9
288.9
288.9
288.9
288.9
288.9
288.9
288.9
288.9
288.9
288.9
288.9
288.9
288.9
288.9
288.9
288.9
288.9
288.9
288.9
288.9
288.9
288.9
288.9
288.9
288.9
288.9
288.9
288.9
288.9
288.9
288.9
288.9
288.9
288.9
288.901
288.911
289.051
291.27
297.58
327.26
375.472
384.459
381.377
383.123
385.373
384.362
382.786
382.735
382.463
381.62
380.385
380.361
380.809
381.229
381.229
381.298
381.563
288.9
288.9
288.9
288.9
288.9
288.9
288.9
288.9
288.9
288.9
288.9
288.9
288.9
288.9
288.9
288.9
288.9
288.9
288.9
288.9
288.9
288.9
288.9
288.9
288.9
288.9
288.9
288.9
288.9
288.9
288.9
288.9
288.9
288.9
288.9
288.9
288.9
288.9
288.9
288.9
288.9
288.9
288.9
288.9
288.9
288.9
288.9
288.9
288.9
288.9
288.9
288.9
288.9
288.9
288.905
288.982
289.53
296.999
312.725
344.71
375.635
384.387
384.592
383.125
381.864
381.704
381.372
380.644
379.616
379.8
380.352
380.699
380.696
380.796
381.243
288.9
288.9
288.9
288.9
288.9
288.9
288.9
288.9
288.9
288.9
288.9
288.9
288.9
288.9
288.9
288.9
288.9
288.9
288.9
288.9
288.9
288.9
288.9
288.9
288.9
288.9
288.9
288.9
288.9
288.9
288.9
288.9
288.9
288.9
288.9
288.9
288.9
288.9
288.9
288.9
288.9
288.9
288.9
288.9
288.9
288.9
288.9
288.9
288.9
288.9
288.9
288.9
288.9
288.9
288.9
288.902
288.927
289.327
291.844
308.994
346.817
370.031
381.094
383.696
382.613
382.209
382.943
382.929
382.887
382.368
382.173
381.882
381.502
381.589
381.407
288.9
288.9
288.9
288.9
288.9
288.9
288.9
288.9
288.9
288.9
288.9
288.9
288.9
288.9
288.9
288.9
288.9
288.9
288.9
288.9
288.9
288.9
288.9
288.9
288.9
288.9
288.9
288.9
288.9
288.9
288.9
288.9
288.9
288.9
288.9
288.9
288.9
288.9
288.9
288.9
288.9
288.9
288.9
288.9
288.9
288.9
288.9
288.9
288.9
288.9
288.9
288.9
288.9
288.9
288.9
288.9
288.901
288.914
289.036
290.864
300.691
332.68
370.559
386.784
386.524
383.25
382.832
382.901
382.221
381.69
382.039
382.473
382.228
382.073
381.399
288.9
288.9
288.9
288.9
288.9
288.9
288.9
288.9
288.9
288.9
288.9
288.9
288.9
288.9
288.9
288.9
288.9
288.9
288.9
288.9
288.9
288.9
288.9
288.9
288.9
288.9
288.9
288.9
288.9
288.9
288.9
288.9
288.9
288.9
288.9
288.9
288.9
288.9
288.9
288.9
288.9
288.9
288.9
288.9
288.9
288.9
288.9
288.9
288.9
288.9
288.9
288.9
288.9
288.9
288.9
288.9
288.9
288.9
288.905
288.982
289.771
299.386
322.618
357.887
374.184
376.456
379.263
379.962
379.837
379.998
380.903
382.273
382.635
382.388
381.677
288.9
288.9
288.9
288.9
288.9
288.9
288.9
288.9
288.9
288.9
288.9
288.9
288.9
288.9
288.9
288.9
288.9
288.9
288.9
288.9
288.9
288.9
288.9
288.9
288.9
288.9
288.9
288.9
288.9
288.9
288.9
288.9
288.9
288.9
288.9
288.9
288.9
288.9
288.9
288.9
288.9
288.9
288.9
288.9
288.9
288.9
288.9
288.9
288.9
288.9
288.9
288.9
288.9
288.9
288.9
288.9
288.9
288.9
288.9
288.903
288.939
289.581
293.794
315.643
356.784
375.501
377.072
378.103
378.867
380.11
381.73
382.782
382.774
382.321
381.622
288.9
288.9
288.9
288.9
288.9
288.9
288.9
288.9
288.9
288.9
288.9
288.9
288.9
288.9
288.9
288.9
288.9
288.9
288.9
288.9
288.9
288.9
288.9
288.9
288.9
288.9
288.9
288.9
288.9
288.9
288.9
288.9
288.9
288.9
288.9
288.9
288.9
288.9
288.9
288.9
288.9
288.9
288.9
288.9
288.9
288.9
288.9
288.9
288.9
288.9
288.9
288.9
288.9
288.9
288.9
288.9
288.9
288.9
288.9
288.9
288.902
288.925
289.183
292.143
310.488
347.958
369.283
378.277
378.084
378.955
381.708
383.143
382.537
381.65
380.991
288.9
288.9
288.9
288.9
288.9
288.9
288.9
288.9
288.9
288.9
288.9
288.9
288.9
288.9
288.9
288.9
288.9
288.9
288.9
288.9
288.9
288.9
288.9
288.9
288.9
288.9
288.9
288.9
288.9
288.9
288.9
288.9
288.9
288.9
288.9
288.9
288.9
288.9
288.9
288.9
288.9
288.9
288.9
288.9
288.9
288.9
288.9
288.9
288.9
288.9
288.9
288.9
288.9
288.9
288.9
288.9
288.9
288.9
288.9
288.9
288.9
288.901
288.911
289.086
290.986
306.678
337.281
368.522
374.253
380.109
384.789
384.391
383.309
382.77
381.87
288.9
288.9
288.9
288.9
288.9
288.9
288.9
288.9
288.9
288.9
288.9
288.9
288.9
288.9
288.9
288.9
288.9
288.9
288.9
288.9
288.9
288.9
288.9
288.9
288.9
288.9
288.9
288.9
288.9
288.9
288.9
288.9
288.9
288.9
288.9
288.9
288.9
288.9
288.9
288.9
288.9
288.9
288.9
288.9
288.9
288.9
288.9
288.9
288.9
288.9
288.9
288.9
288.9
288.9
288.9
288.9
288.9
288.9
288.9
288.9
288.9
288.9
288.9
288.907
288.998
290.501
299.817
322.063
359.818
385.706
384.295
379.298
381.286
383.088
382.851
288.9
288.9
288.9
288.9
288.9
288.9
288.9
288.9
288.9
288.9
288.9
288.9
288.9
288.9
288.9
288.9
288.9
288.9
288.9
288.9
288.9
288.9
288.9
288.9
288.9
288.9
288.9
288.9
288.9
288.9
288.9
288.9
288.9
288.9
288.9
288.9
288.9
288.9
288.9
288.9
288.9
288.9
288.9
288.9
288.9
288.9
288.9
288.9
288.9
288.9
288.9
288.9
288.9
288.9
288.9
288.9
288.9
288.9
288.9
288.9
288.9
288.9
288.9
288.9
288.904
288.962
289.662
294.121
326.224
364.029
365.442
372.042
378.444
381.427
381.087
288.9
288.9
288.9
288.9
288.9
288.9
288.9
288.9
288.9
288.9
288.9
288.9
288.9
288.9
288.9
288.9
288.9
288.9
288.9
288.9
288.9
288.9
288.9
288.9
288.9
288.9
288.9
288.9
288.9
288.9
288.9
288.9
288.9
288.9
288.9
288.9
288.9
288.9
288.9
288.9
288.9
288.9
288.9
288.9
288.9
288.9
288.9
288.9
288.9
288.9
288.9
288.9
288.9
288.9
288.9
288.9
288.9
288.9
288.9
288.9
288.9
288.9
288.9
288.9
288.9
288.902
288.933
289.354
298.433
310.691
350.488
380.641
379.651
380.987
381.67
288.9
288.9
288.9
288.9
288.9
288.9
288.9
288.9
288.9
288.9
288.9
288.9
288.9
288.9
288.9
288.9
288.9
288.9
288.9
288.9
288.9
288.9
288.9
288.9
288.9
288.9
288.9
288.9
288.9
288.9
288.9
288.9
288.9
288.9
288.9
288.9
288.9
288.9
288.9
288.9
288.9
288.9
288.9
288.9
288.9
288.9
288.9
288.9
288.9
288.9
288.9
288.9
288.9
288.9
288.9
288.9
288.9
288.9
288.9
288.9
288.9
288.9
288.9
288.9
288.9
288.9
288.901
288.929
289.533
292.526
317.347
357.949
364.493
382.353
384.706
288.9
288.9
288.9
288.9
288.9
288.9
288.9
288.9
288.9
288.9
288.9
288.9
288.9
288.9
288.9
288.9
288.9
288.9
288.9
288.9
288.9
288.9
288.9
288.9
288.9
288.9
288.9
288.9
288.9
288.9
288.9
288.9
288.9
288.9
288.9
288.9
288.9
288.9
288.9
288.9
288.9
288.9
288.9
288.9
288.9
288.9
288.9
288.9
288.9
288.9
288.9
288.9
288.9
288.9
288.9
288.9
288.9
288.9
288.9
288.9
288.9
288.9
288.9
288.9
288.9
288.9
288.9
288.901
288.923
289.169
292.987
306.073
347.39
371.082
380.842
288.9
288.9
288.9
288.9
288.9
288.9
288.9
288.9
288.9
288.9
288.9
288.9
288.9
288.9
288.9
288.9
288.9
288.9
288.9
288.9
288.9
288.9
288.9
288.9
288.9
288.9
288.9
288.9
288.9
288.9
288.9
288.9
288.9
288.9
288.9
288.9
288.9
288.9
288.9
288.9
288.9
288.9
288.9
288.9
288.9
288.9
288.9
288.9
288.9
288.9
288.9
288.9
288.9
288.9
288.9
288.9
288.9
288.9
288.9
288.9
288.9
288.9
288.9
288.9
288.9
288.9
288.9
288.9
288.901
288.912
289.125
290.898
312.628
336.024
367.544
288.9
288.9
288.9
288.9
288.9
288.9
288.9
288.9
288.9
288.9
288.9
288.9
288.9
288.9
288.9
288.9
288.9
288.9
288.9
288.9
288.9
288.9
288.9
288.9
288.9
288.9
288.9
288.9
288.9
288.9
288.9
288.9
288.9
288.9
288.9
288.9
288.9
288.9
288.9
288.9
288.9
288.9
288.9
288.9
288.9
288.9
288.9
288.9
288.9
288.9
288.9
288.9
288.9
288.9
288.9
288.9
288.9
288.9
288.9
288.9
288.9
288.9
288.9
288.9
288.9
288.9
288.9
288.9
288.9
288.9
288.907
289.016
290.939
300.881
347.063
288.9
288.9
288.9
288.9
288.9
288.9
288.9
288.9
288.9
288.9
288.9
288.9
288.9
288.9
288.9
288.9
288.9
288.9
288.9
288.9
288.9
288.9
288.9
288.9
288.9
288.9
288.9
288.9
288.9
288.9
288.9
288.9
288.9
288.9
288.9
288.9
288.9
288.9
288.9
288.9
288.9
288.9
288.9
288.9
288.9
288.9
288.9
288.9
288.9
288.9
288.9
288.9
288.9
288.9
288.9
288.9
288.9
288.9
288.9
288.9
288.9
288.9
288.9
288.9
288.9
288.9
288.9
288.9
288.9
288.9
288.9
288.904
288.992
290.037
311.243
288.9
288.9
288.9
288.9
288.9
288.9
288.9
288.9
288.9
288.9
288.9
288.9
288.9
288.9
288.9
288.9
288.9
288.9
288.9
288.9
288.9
288.9
288.9
288.9
288.9
288.9
288.9
288.9
288.9
288.9
288.9
288.9
288.9
288.9
288.9
288.9
288.9
288.9
288.9
288.9
288.9
288.9
288.9
288.9
288.9
288.9
288.9
288.9
288.9
288.9
288.9
288.9
288.9
288.9
288.9
288.9
288.9
288.9
288.9
288.9
288.9
288.9
288.9
288.9
288.9
288.9
288.9
288.9
288.9
288.9
288.9
288.9
288.904
289.007
293.405
288.9
288.9
288.9
288.9
288.9
288.9
288.9
288.9
288.9
288.9
288.9
288.9
288.9
288.9
288.9
288.9
288.9
288.9
288.9
288.9
288.9
288.9
288.9
288.9
288.9
288.9
288.9
288.9
288.9
288.9
288.9
288.9
288.9
288.9
288.9
288.9
288.9
288.9
288.9
288.9
288.9
288.9
288.9
288.9
288.9
288.9
288.9
288.9
288.9
288.9
288.9
288.9
288.9
288.9
288.9
288.9
288.9
288.9
288.9
288.9
288.9
288.9
288.9
288.9
288.9
288.9
288.9
288.9
288.9
288.9
288.9
288.9
288.9
288.914
289.587
288.9
288.9
288.9
288.9
288.9
288.9
288.9
288.9
288.9
288.9
288.9
288.9
288.9
288.9
288.9
288.9
288.9
288.9
288.9
288.9
288.9
288.9
288.9
288.9
288.9
288.9
288.9
288.9
288.9
288.9
288.9
288.9
288.9
288.9
288.9
288.9
288.9
288.9
288.9
288.9
288.9
288.9
288.9
288.9
288.9
288.9
288.9
288.9
288.9
288.9
288.9
288.9
288.9
288.9
288.9
288.9
288.9
288.9
288.9
288.9
288.9
288.9
288.9
288.9
288.9
288.9
288.9
288.9
288.9
288.9
288.9
288.9
288.9
288.902
288.983
288.9
288.9
288.9
288.9
288.9
288.9
288.9
288.9
288.9
288.9
288.9
288.9
288.9
288.9
288.9
288.9
288.9
288.9
288.9
288.9
288.9
288.9
288.9
288.9
288.9
288.9
288.9
288.9
288.9
288.9
288.9
288.9
288.9
288.9
288.9
288.9
288.9
288.9
288.9
288.9
288.9
288.9
288.9
288.9
288.9
288.9
288.9
288.9
288.9
288.9
288.9
288.9
288.9
288.9
288.9
288.9
288.9
288.9
288.9
288.9
288.9
288.9
288.9
288.9
288.9
288.9
288.9
288.9
288.9
288.9
288.9
288.9
288.9
288.9
288.908
288.9
288.9
288.9
288.9
288.9
288.9
288.9
288.9
288.9
288.9
288.9
288.9
288.9
288.9
288.9
288.9
288.9
288.9
288.9
288.9
288.9
288.9
288.9
288.9
288.9
288.9
288.9
288.9
288.9
288.9
288.9
288.9
288.9
288.9
288.9
288.9
288.9
288.9
288.9
288.9
288.9
288.9
288.9
288.9
288.9
288.9
288.9
288.9
288.9
288.9
288.9
288.9
288.9
288.9
288.9
288.9
288.9
288.9
288.9
288.9
288.9
288.9
288.9
288.9
288.9
288.9
288.9
288.9
288.9
288.9
288.9
288.9
288.9
288.9
288.901
288.9
288.9
288.9
288.9
288.9
288.9
288.9
288.9
288.9
288.9
288.9
288.9
288.9
288.9
288.9
288.9
288.9
288.9
288.9
288.9
288.9
288.9
288.9
288.9
288.9
288.9
288.9
288.9
288.9
288.9
288.9
288.9
288.9
288.9
288.9
288.9
288.9
288.9
288.9
288.9
288.9
288.9
288.9
288.9
288.9
288.9
288.9
288.9
288.9
288.9
288.9
288.9
288.9
288.9
288.9
288.9
288.9
288.9
288.9
288.9
288.9
288.9
288.9
288.9
288.9
288.9
288.9
288.9
288.9
288.9
288.9
288.9
288.9
288.9
288.9
288.9
288.9
288.9
288.9
288.9
288.9
288.9
288.9
288.9
288.9
288.9
288.9
288.9
288.9
288.9
288.9
288.9
288.9
288.9
288.9
288.9
288.9
288.9
288.9
288.9
288.9
288.9
288.9
288.9
288.9
288.9
288.9
288.9
288.9
288.9
288.9
288.9
288.9
288.9
288.9
288.9
288.9
288.9
288.9
288.9
288.9
288.9
288.9
288.9
288.9
288.9
288.9
288.9
288.9
288.9
288.9
288.9
288.9
288.9
288.9
288.9
288.9
288.9
288.9
288.9
288.9
288.9
288.9
288.9
288.9
288.9
288.9
288.9
288.9
288.9
288.9
288.9
288.9
288.9
288.9
288.9
288.9
288.9
288.9
288.9
288.9
288.9
288.9
288.9
288.9
288.9
288.9
288.9
288.9
288.9
288.9
288.9
288.9
288.9
288.9
288.9
288.9
288.9
288.9
288.9
288.9
288.9
288.9
288.9
288.9
288.9
288.9
288.9
288.9
288.9
288.9
288.9
288.9
288.9
288.9
288.9
288.9
288.9
288.9
288.9
288.9
288.9
288.9
288.9
288.9
288.9
288.9
288.9
288.9
288.9
288.9
288.9
288.9
288.9
288.9
288.9
288.9
288.9
288.9
288.9
288.9
288.9
288.9
288.9
288.9
288.9
288.9
288.9
288.9
288.9
288.9
288.9
288.9
288.9
288.9
288.9
288.9
288.9
288.9
288.9
288.9
288.9
288.9
288.9
288.9
288.9
288.9
288.9
288.9
288.9
288.9
288.9
288.9
288.9
288.9
288.9
288.9
288.9
288.9
288.9
288.9
288.9
288.9
288.9
288.9
288.9
288.9
288.9
288.9
288.9
288.9
288.9
288.9
288.9
288.9
288.9
288.9
288.9
288.9
288.9
288.9
288.9
288.9
288.9
288.9
288.9
288.9
288.9
288.9
288.9
288.9
288.9
288.9
288.9
288.9
288.9
288.9
288.9
288.9
288.9
288.9
288.9
288.9
288.9
288.9
288.9
288.9
288.9
288.9
288.9
288.9
288.9
288.9
288.9
288.9
288.9
288.9
288.9
288.9
288.9
288.9
288.9
288.9
288.9
288.9
288.9
288.9
288.9
288.9
288.9
288.9
288.9
288.9
288.9
288.9
288.9
288.9
288.9
288.9
288.9
288.9
288.9
288.9
288.9
288.9
288.9
288.9
288.9
288.9
288.9
288.9
288.9
288.9
288.9
288.9
288.9
288.9
288.9
288.9
288.9
288.9
288.9
288.9
288.9
288.9
288.9
288.9
288.9
288.9
288.9
288.9
288.9
288.9
288.9
288.9
288.9
288.9
288.9
288.9
288.9
288.9
288.9
288.9
288.9
288.9
288.9
288.9
288.9
288.9
288.9
288.9
288.9
288.9
288.9
288.9
288.9
288.9
288.9
288.9
288.9
288.9
288.9
288.9
288.9
288.9
288.9
288.9
288.9
288.9
288.9
288.9
288.9
288.9
288.9
288.9
288.9
288.9
288.9
288.9
288.9
288.9
288.9
288.9
288.9
288.9
288.9
288.9
288.9
288.9
288.9
288.9
288.9
288.9
288.9
288.9
288.9
288.9
288.9
288.9
288.9
288.9
288.9
288.9
288.9
288.9
288.9
288.9
288.9
288.9
288.9
288.9
288.9
288.9
288.9
288.9
288.9
288.9
288.9
288.9
288.9
288.9
288.9
288.9
288.9
288.9
288.9
288.9
288.9
288.9
288.9
288.9
288.9
288.9
288.9
288.9
288.9
288.9
288.9
288.9
288.9
288.9
288.9
288.9
288.9
288.9
288.9
288.9
288.9
288.9
288.9
288.9
288.9
288.9
288.9
288.9
288.9
288.9
288.9
288.9
288.9
288.9
288.9
288.9
288.9
288.9
288.9
288.9
288.9
288.9
288.9
288.9
288.9
288.9
288.9
288.9
288.9
288.9
288.9
288.9
288.9
288.9
288.9
288.9
288.9
288.9
288.9
288.9
288.9
288.9
288.9
288.9
288.9
288.9
288.9
288.9
288.9
288.9
288.9
288.9
288.9
288.9
288.9
288.9
288.9
288.9
288.9
288.9
288.9
288.9
288.9
288.9
288.9
288.9
288.9
288.9
288.9
288.9
288.9
288.9
288.9
288.9
288.9
288.9
288.9
288.9
288.9
288.9
288.9
288.9
288.9
288.9
288.9
288.9
288.9
288.9
288.9
288.9
288.9
288.9
288.9
288.9
288.9
288.9
288.9
288.9
288.9
288.9
288.9
288.9
288.9
288.9
288.9
288.9
288.9
288.9
288.9
288.9
288.9
288.9
288.9
288.9
288.9
288.9
288.9
288.9
288.9
288.9
288.9
288.9
288.9
288.9
288.9
288.9
288.9
288.9
288.9
288.9
288.9
288.9
288.9
288.9
288.9
288.9
288.9
288.9
288.9
288.9
288.9
288.9
288.9
288.9
288.9
288.9
288.9
288.9
288.9
288.9
288.9
288.9
288.9
288.9
288.9
288.9
288.9
288.9
288.9
288.9
288.9
288.9
288.9
288.9
288.9
288.9
288.9
288.9
288.9
288.9
288.9
288.9
288.9
288.9
288.9
288.9
288.9
288.9
288.9
288.9
288.9
288.9
288.9
288.9
288.9
288.9
288.9
288.9
288.9
288.9
288.9
288.9
288.9
288.9
288.9
288.9
288.9
288.9
288.9
288.9
288.9
288.9
288.9
288.9
288.9
288.9
288.9
288.9
288.9
288.9
288.9
288.9
288.9
288.9
288.9
288.9
288.9
288.9
288.9
288.9
288.9
288.9
288.9
288.9
288.9
288.9
288.9
288.9
288.9
288.9
288.9
288.9
288.9
288.9
288.9
288.9
288.9
288.9
288.9
288.9
288.9
288.9
288.9
288.9
288.9
288.9
288.9
288.9
288.9
288.9
288.9
288.9
288.9
288.9
288.9
288.9
288.9
288.9
288.9
288.9
288.9
288.9
288.9
288.9
288.9
288.9
288.9
288.9
288.9
288.9
288.9
288.9
288.9
288.9
288.9
288.9
288.9
288.9
288.9
288.9
288.9
288.9
288.9
288.9
288.9
288.9
288.9
288.9
288.9
288.9
288.9
288.9
288.9
288.9
288.9
288.9
288.9
288.9
288.9
288.9
288.9
288.9
288.9
288.9
288.9
288.9
288.9
288.9
288.9
288.9
288.9
288.9
288.9
288.9
288.9
288.9
288.9
288.9
288.9
288.9
288.9
288.9
288.9
288.9
288.9
288.9
288.9
288.9
288.9
288.9
288.9
288.9
288.9
288.9
288.9
288.9
288.9
288.9
288.9
288.9
288.9
288.9
288.9
288.9
288.9
288.9
288.9
288.9
288.9
288.9
288.9
288.9
288.9
288.9
288.9
288.9
288.9
288.9
288.9
288.9
288.9
288.9
288.9
288.9
288.9
288.9
288.9
288.9
288.9
288.9
288.9
288.9
288.9
288.9
288.9
288.9
288.9
288.9
288.9
288.9
288.9
288.9
288.9
288.9
288.9
288.9
288.9
288.9
288.9
288.9
288.9
288.9
288.9
288.9
288.9
288.9
288.9
288.9
288.9
288.9
288.9
288.9
288.9
288.9
288.9
288.9
288.9
288.9
288.9
288.9
288.9
288.9
288.9
288.9
288.9
288.9
288.9
288.9
288.9
288.9
288.9
288.9
288.9
288.9
288.9
288.9
288.9
288.9
288.9
288.9
288.9
288.9
288.9
288.9
288.9
288.9
288.9
288.9
288.9
288.9
288.9
288.9
288.9
288.9
288.9
288.9
288.9
288.9
288.9
288.9
288.9
288.9
288.9
288.9
288.9
288.9
288.9
288.9
288.9
288.9
288.9
288.9
288.9
288.9
288.9
288.9
288.9
288.9
288.9
288.9
288.9
288.9
288.9
288.9
288.9
288.9
288.9
288.9
288.9
288.9
288.9
288.9
288.9
288.9
288.9
288.9
288.9
288.9
288.9
288.9
288.9
288.9
288.9
288.9
288.9
288.9
288.9
288.9
288.9
288.9
288.9
288.9
288.9
288.9
288.9
288.9
288.9
288.9
288.9
288.9
288.9
288.9
288.9
288.9
288.9
288.9
288.9
288.9
288.9
288.9
288.9
288.9
288.9
288.9
288.9
288.9
288.9
288.9
288.9
288.9
288.9
288.9
288.9
288.9
288.9
288.9
288.9
288.9
288.9
288.9
288.9
288.9
288.9
288.9
288.9
288.9
288.9
288.9
288.9
288.9
288.9
288.9
288.9
288.9
288.9
288.9
288.9
288.9
288.9
288.9
288.9
288.9
288.9
288.9
288.9
288.9
288.9
288.9
288.9
288.9
288.9
288.9
288.9
288.9
288.9
288.9
288.9
288.9
288.9
288.9
288.9
288.9
288.9
288.9
288.9
288.9
288.9
288.9
288.9
288.9
288.9
288.9
288.9
288.9
288.9
288.9
288.9
288.9
288.9
288.9
288.9
288.9
288.9
288.9
288.9
288.9
288.9
288.9
288.9
288.9
288.9
288.9
288.9
288.9
288.9
288.9
288.9
288.9
288.9
288.9
288.9
288.9
288.9
288.9
288.9
288.9
288.9
288.9
288.9
288.9
288.9
288.9
288.9
288.9
288.9
288.9
288.9
288.9
288.9
288.9
288.9
288.9
288.9
288.9
288.9
288.9
288.9
288.9
288.9
288.9
288.9
288.9
288.9
288.9
288.9
288.9
288.9
288.9
288.9
288.9
288.9
288.9
288.9
288.9
288.9
288.9
288.9
288.9
288.9
288.9
288.9
288.9
288.9
288.9
288.9
288.9
288.9
288.9
288.9
288.9
288.9
288.9
288.9
288.9
288.9
288.9
288.9
288.9
288.9
288.9
288.9
288.9
288.9
288.9
288.9
288.9
288.9
288.9
288.9
288.9
288.9
288.9
288.9
288.9
288.9
288.9
288.9
288.9
288.9
288.9
288.9
288.9
288.9
288.9
288.9
288.9
288.9
288.9
288.9
288.9
288.9
288.9
288.9
288.9
288.9
288.9
288.9
288.9
288.9
288.9
288.9
288.9
288.9
288.9
288.9
288.9
288.9
288.9
288.9
288.9
288.9
288.9
288.9
288.9
288.9
288.9
288.9
288.9
288.9
288.9
288.9
288.9
288.9
288.9
288.9
288.9
288.9
288.9
288.9
288.9
288.9
288.9
288.9
288.9
288.9
288.9
288.9
288.9
288.9
288.9
288.9
288.9
288.9
288.9
288.9
288.9
288.9
288.9
288.9
288.9
288.9
288.9
288.9
288.9
288.9
288.9
288.9
288.9
288.9
288.9
288.9
288.9
288.9
288.9
288.9
288.9
288.9
288.9
288.9
288.9
288.9
288.9
288.9
288.9
288.9
288.9
288.9
288.9
288.9
288.9
288.9
288.9
288.9
288.9
288.9
288.9
288.9
288.9
288.9
288.9
288.9
288.9
288.9
288.9
288.9
288.9
288.9
288.9
288.9
288.9
288.9
288.9
288.9
288.9
288.9
288.9
288.9
288.9
288.9
288.9
288.9
288.9
288.9
288.9
288.9
288.9
288.9
288.9
288.9
288.9
288.9
288.9
288.9
288.9
288.9
288.9
288.9
288.9
288.9
288.9
288.9
288.9
288.9
288.9
288.9
288.9
288.9
288.9
288.9
288.9
288.9
288.9
288.9
288.9
288.9
288.9
288.9
288.9
288.9
288.9
288.9
288.9
288.9
288.9
288.9
288.9
288.9
288.9
288.9
288.9
288.9
288.9
288.9
288.9
288.9
288.9
288.9
288.9
288.9
288.9
288.9
288.9
288.9
288.9
288.9
288.9
288.9
288.9
288.9
288.9
288.9
288.9
288.9
288.9
288.9
288.9
288.9
288.9
288.9
288.9
288.9
288.9
288.9
288.9
288.9
288.9
288.9
288.9
288.9
288.9
288.9
288.9
288.9
288.9
288.9
288.9
288.9
288.9
)
;

boundaryField
{
    inlet
    {
        type            fixedValue;
        value           uniform 288.9;
    }
    outlet
    {
        type            zeroGradient;
    }
    bottom
    {
        type            symmetryPlane;
    }
    top
    {
        type            symmetryPlane;
    }
    obstacle
    {
        type            zeroGradient;
    }
    defaultFaces
    {
        type            empty;
    }
}


// ************************************************************************* //
