/*--------------------------------*- C++ -*----------------------------------*\
| =========                 |                                                 |
| \\      /  F ield         | OpenFOAM: The Open Source CFD Toolbox           |
|  \\    /   O peration     | Version:  v1812                                 |
|   \\  /    A nd           | Web:      www.OpenFOAM.com                      |
|    \\/     M anipulation  |                                                 |
\*---------------------------------------------------------------------------*/
FoamFile
{
    version     2.0;
    format      ascii;
    class       volScalarField;
    location    "0.005";
    object      rho;
}
// * * * * * * * * * * * * * * * * * * * * * * * * * * * * * * * * * * * * * //

dimensions      [1 -3 0 0 0 0 0];


internalField   nonuniform List<scalar> 
8475
(
1.22191
1.22191
1.22191
1.22191
1.22191
1.22191
1.22191
1.22191
1.22191
1.22191
1.22191
1.22191
1.22191
1.22191
1.22191
1.22191
1.22191
1.22191
1.22191
1.22191
1.22191
1.22191
1.22191
1.22191
1.22191
1.22191
1.22191
1.22191
1.22191
1.22191
1.22191
1.22191
1.22191
1.22191
1.22191
1.22191
1.22198
1.22608
1.22191
1.22191
1.22191
1.22191
1.22191
1.22191
1.22191
1.22191
1.22191
1.22191
1.22191
1.22191
1.22191
1.22191
1.22191
1.22191
1.22191
1.22191
1.22191
1.22191
1.22191
1.22191
1.22191
1.22191
1.22191
1.22191
1.22191
1.22191
1.22191
1.22191
1.22191
1.22191
1.22191
1.22191
1.22191
1.22191
1.22194
1.22302
1.22191
1.22191
1.22191
1.22191
1.22191
1.22191
1.22191
1.22191
1.22191
1.22191
1.22191
1.22191
1.22191
1.22191
1.22191
1.22191
1.22191
1.22191
1.22191
1.22191
1.22191
1.22191
1.22191
1.22191
1.22191
1.22191
1.22191
1.22191
1.22191
1.22191
1.22191
1.22191
1.22191
1.22191
1.22191
1.22191
1.22192
1.22208
1.22191
1.22191
1.22191
1.22191
1.22191
1.22191
1.22191
1.22191
1.22191
1.22191
1.22191
1.22191
1.22191
1.22191
1.22191
1.22191
1.22191
1.22191
1.22191
1.22191
1.22191
1.22191
1.22191
1.22191
1.22191
1.22191
1.22191
1.22191
1.22191
1.22191
1.22191
1.22191
1.22191
1.22191
1.22191
1.22191
1.22191
1.22193
1.22191
1.22191
1.22191
1.22191
1.22191
1.22191
1.22191
1.22191
1.22191
1.22191
1.22191
1.22191
1.22191
1.22191
1.22191
1.22191
1.22191
1.22191
1.22191
1.22191
1.22191
1.22191
1.22191
1.22191
1.22191
1.22191
1.22191
1.22191
1.22191
1.22191
1.22191
1.22191
1.22191
1.22191
1.22191
1.22191
1.22191
1.22191
1.22191
1.22191
1.22191
1.22191
1.22191
1.22191
1.22191
1.22191
1.22191
1.22191
1.22191
1.22191
1.22191
1.22191
1.22191
1.22191
1.22191
1.22191
1.22191
1.22191
1.22191
1.22191
1.22191
1.22191
1.22191
1.22191
1.22191
1.22191
1.22191
1.22191
1.22191
1.22191
1.22191
1.22191
1.22191
1.22191
1.22191
1.22191
1.22191
1.22191
1.22191
1.22191
1.22191
1.22191
1.22191
1.22191
1.22191
1.22191
1.22191
1.22191
1.22191
1.22191
1.22191
1.22191
1.22191
1.22191
1.22191
1.22191
1.22191
1.22191
1.22191
1.22191
1.22191
1.22191
1.22191
1.22191
1.22191
1.22191
1.22191
1.22191
1.22191
1.22191
1.22191
1.22191
1.22191
1.22191
1.22191
1.22191
1.22191
1.22191
1.22191
1.22191
1.22191
1.22191
1.22191
1.22191
1.22191
1.22191
1.22191
1.22191
1.22191
1.22191
1.22191
1.22191
1.22191
1.22191
1.22191
1.22191
1.22191
1.22191
1.22191
1.22191
1.22191
1.22191
1.22191
1.22191
1.22191
1.22191
1.22191
1.22191
1.22191
1.22191
1.22191
1.22191
1.22191
1.22191
1.22191
1.22191
1.22191
1.22191
1.22191
1.22191
1.22191
1.22191
1.22191
1.22191
1.22191
1.22191
1.22191
1.22191
1.22191
1.22191
1.22191
1.22191
1.22191
1.22191
1.22191
1.22191
1.22191
1.22191
1.22191
1.22191
1.22191
1.22191
1.22191
1.22191
1.22191
1.22191
1.22191
1.22191
1.22191
1.22191
1.22191
1.22191
1.22191
1.22191
1.22191
1.22191
1.22191
1.22191
1.22191
1.22191
1.22191
1.22191
1.22191
1.22191
1.22191
1.22191
1.22191
1.22191
1.22191
1.22191
1.22191
1.22191
1.22191
1.22191
1.22191
1.22191
1.22191
1.22191
1.22191
1.22191
1.22191
1.22191
1.22191
1.22191
1.22191
1.22191
1.22191
1.22191
1.22191
1.22191
1.22191
1.22191
1.22191
1.22191
1.22191
1.22191
1.22191
1.22191
1.22191
1.22191
1.22191
1.22191
1.22191
1.22191
1.22191
1.22191
1.22191
1.22191
1.22191
1.22191
1.22191
1.22191
1.22191
1.22191
1.22191
1.22191
1.22191
1.22191
1.22191
1.22191
1.22191
1.22191
1.22191
1.22191
1.22191
1.22191
1.22191
1.22191
1.22191
1.22191
1.22191
1.22191
1.22191
1.22191
1.22191
1.22191
1.22191
1.22191
1.22191
1.22191
1.22191
1.22191
1.22191
1.22191
1.22191
1.22191
1.22191
1.22191
1.22191
1.22191
1.22191
1.22191
1.22191
1.22191
1.22191
1.22191
1.22191
1.22191
1.22191
1.22191
1.22191
1.22191
1.22191
1.22191
1.22191
1.22191
1.22191
1.22191
1.22191
1.22191
1.22191
1.22191
1.22191
1.22191
1.22191
1.22191
1.22191
1.22191
1.22191
1.22191
1.22191
1.22191
1.22191
1.22191
1.22191
1.22191
1.22191
1.22191
1.22191
1.22191
1.22191
1.22191
1.22191
1.22191
1.22191
1.22191
1.22191
1.22191
1.22191
1.22191
1.22191
1.22191
1.22191
1.22191
1.22191
1.22191
1.22191
1.22191
1.22191
1.22191
1.22191
1.22191
1.22191
1.22191
1.22191
1.22191
1.22191
1.22191
1.22191
1.22191
1.22191
1.22191
1.22191
1.22191
1.22191
1.22191
1.22191
1.22191
1.22191
1.22191
1.22191
1.22191
1.22191
1.22191
1.22191
1.22191
1.22191
1.22191
1.22191
1.22191
1.22191
1.22191
1.22191
1.22191
1.22191
1.22191
1.22191
1.22191
1.22191
1.22191
1.22191
1.22191
1.22191
1.22191
1.22191
1.22191
1.22191
1.22191
1.22191
1.22191
1.22191
1.22191
1.22191
1.22191
1.22191
1.22191
1.22191
1.22191
1.22191
1.22191
1.22191
1.22191
1.22191
1.22191
1.22191
1.22191
1.22191
1.22191
1.22191
1.22191
1.22191
1.22191
1.22191
1.22191
1.22191
1.22191
1.22191
1.22191
1.22191
1.22191
1.22191
1.22191
1.22191
1.22191
1.22191
1.22191
1.22191
1.22191
1.22191
1.22191
1.22191
1.22191
1.22191
1.22191
1.22191
1.22191
1.22191
1.22191
1.22191
1.22191
1.22191
1.22191
1.22191
1.22191
1.22191
1.22191
1.22191
1.22191
1.22191
1.22191
1.22191
1.22191
1.22191
1.22191
1.22191
1.22191
1.22191
1.22191
1.22191
1.22191
1.22191
1.22191
1.22191
1.22191
1.22191
1.22191
1.22191
1.22191
1.22191
1.22191
1.22191
1.22191
1.22191
1.22191
1.22191
1.22191
1.22191
1.22191
1.22191
1.22191
1.22191
1.22191
1.22191
1.22191
1.22191
1.22191
1.22191
1.22191
1.22191
1.22191
1.22191
1.22191
1.22191
1.22191
1.22191
1.22191
1.22191
1.22191
1.22191
1.22191
1.22191
1.22191
1.22191
1.22191
1.22191
1.22191
1.22191
1.22191
1.22191
1.22191
1.22191
1.22191
1.22191
1.22191
1.22191
1.22191
1.22191
1.22191
1.22191
1.22191
1.22191
1.22191
1.22191
1.22191
1.22191
1.22191
1.22191
1.22191
1.22191
1.22191
1.22191
1.22191
1.22191
1.22191
1.22191
1.22191
1.22191
1.22191
1.22191
1.22191
1.22191
1.22191
1.22191
1.22191
1.22191
1.22191
1.22191
1.22191
1.22191
1.22191
1.22191
1.22191
1.22191
1.22191
1.22191
1.22191
1.22191
1.22191
1.22191
1.22191
1.22191
1.22191
1.22191
1.22191
1.22191
1.22191
1.22191
1.22191
1.22191
1.22191
1.22191
1.22191
1.22191
1.22191
1.22191
1.22191
1.22191
1.22191
1.22191
1.22191
1.22191
1.22191
1.22191
1.22191
1.22191
1.22191
1.22191
1.22191
1.22191
1.22191
1.22191
1.22191
1.22191
1.22191
1.22191
1.22191
1.22191
1.22191
1.22191
1.22191
1.22191
1.22191
1.22191
1.22191
1.22191
1.22191
1.22191
1.22191
1.22191
1.22191
1.22191
1.22191
1.22191
1.22191
1.22191
1.22191
1.22191
1.22191
1.22191
1.22191
1.22191
1.22191
1.22191
1.22191
1.22191
1.22191
1.22191
1.22191
1.22191
1.22191
1.22191
1.22191
1.22191
1.22191
1.22191
1.22191
1.22191
1.22191
1.22191
1.22191
1.22191
1.22191
1.22191
1.22191
1.22191
1.22191
1.22191
1.22191
1.22191
1.22191
1.22191
1.22191
1.22191
1.22191
1.22191
1.22191
1.22191
1.22191
1.22191
1.22191
1.22191
1.22191
1.22191
1.22191
1.22191
1.22191
1.22191
1.22191
1.22191
1.22191
1.22191
1.22191
1.22191
1.22191
1.22191
1.22191
1.22191
1.22191
1.22191
1.22191
1.22191
1.22191
1.22191
1.22191
1.22191
1.22191
1.22191
1.22191
1.22191
1.22191
1.22191
1.22191
1.22191
1.22191
1.22191
1.22191
1.22191
1.22191
1.22191
1.22191
1.22191
1.22191
1.22191
1.22191
1.22191
1.22191
1.22191
1.22191
1.22191
1.22191
1.22191
1.22191
1.22191
1.22191
1.22191
1.22191
1.22191
1.22191
1.22191
1.22191
1.22191
1.22191
1.22191
1.22191
1.22191
1.22191
1.22191
1.22191
1.22191
1.22191
1.22191
1.22191
1.22191
1.22191
1.22191
1.22191
1.22191
1.22191
1.22191
1.22191
1.22191
1.22191
1.22191
1.22191
1.22191
1.22191
1.22191
1.22191
1.22191
1.22191
1.22191
1.22191
1.22191
1.22191
1.22191
1.22191
1.22191
1.22191
1.22191
1.22191
1.22191
1.22191
1.22191
1.22191
1.22191
1.22191
1.22191
1.22191
1.22191
1.22191
1.22191
1.22191
1.22191
1.22191
1.22191
1.22191
1.22191
1.22191
1.22191
1.22191
1.22191
1.22191
1.22191
1.22191
1.22191
1.22191
1.22191
1.22191
1.22191
1.22191
1.22191
1.22191
1.22191
1.22191
1.22191
1.22191
1.22191
1.22191
1.22191
1.22191
1.22191
1.22191
1.22191
1.22191
1.22191
1.22191
1.22191
1.22191
1.22191
1.22191
1.22191
1.22191
1.22191
1.22191
1.22191
1.22191
1.22191
1.22191
1.22191
1.22191
1.22191
1.22191
1.22191
1.22191
1.22191
1.22191
1.22191
1.22191
1.22191
1.22191
1.22191
1.22191
1.22191
1.22191
1.22191
1.22191
1.22191
1.22191
1.22191
1.22191
1.22191
1.22191
1.22191
1.22191
1.22191
1.22191
1.22191
1.22191
1.22191
1.22191
1.22191
1.22191
1.22191
1.22191
1.22191
1.22191
1.22191
1.22191
1.22191
1.22191
1.22191
1.22191
1.22191
1.22191
1.22191
1.22191
1.22191
1.22191
1.22191
1.22191
1.22191
1.22191
1.22191
1.22191
1.22191
1.22191
1.22191
1.22191
1.22191
1.22191
1.22191
1.22191
1.22191
1.22191
1.22191
1.22191
1.22191
1.22191
1.22191
1.22191
1.22191
1.22191
1.22191
1.22191
1.22191
1.22191
1.22191
1.22191
1.22191
1.22191
1.22191
1.22191
1.22191
1.22191
1.22191
1.22191
1.22191
1.22191
1.22191
1.22191
1.22191
1.22191
1.22191
1.22191
1.22191
1.22191
1.22191
1.22191
1.22191
1.22191
1.22191
1.22191
1.22191
1.22191
1.22191
1.22191
1.22191
1.22191
1.22191
1.22191
1.22191
1.22191
1.22191
1.22191
1.22191
1.22191
1.22191
1.22191
1.22191
1.22191
1.22191
1.22191
1.22191
1.22191
1.22191
1.22191
1.22191
1.22191
1.22191
1.22191
1.22191
1.22191
1.22191
1.22191
1.22191
1.22191
1.22191
1.22191
1.22191
1.22191
1.22191
1.22191
1.22191
1.22191
1.22191
1.22191
1.22191
1.22191
1.22191
1.22191
1.22191
1.22191
1.22191
1.22191
1.22191
1.22191
1.22191
1.22191
1.22191
1.22191
1.22191
1.22191
1.22191
1.22191
1.22191
1.22191
1.22191
1.22191
1.22191
1.22191
1.22191
1.22191
1.22191
1.22191
1.22191
1.22191
1.22191
1.22191
1.22191
1.22191
1.22191
1.22191
1.22191
1.22191
1.22191
1.22191
1.22191
1.22191
1.22191
1.22191
1.22191
1.22191
1.22191
1.22191
1.22191
1.22191
1.22191
1.22191
1.22191
1.22191
1.22191
1.22191
1.22191
1.22191
1.22191
1.22191
1.22191
1.22191
1.22191
1.22191
1.22191
1.22191
1.22191
1.22191
1.22191
1.22191
1.22191
1.22191
1.22191
1.22191
1.22191
1.22191
1.22191
1.22191
1.22191
1.22191
1.22191
1.22191
1.22191
1.22191
1.22191
1.22191
1.22191
1.22191
1.22191
1.22191
1.22191
1.22191
1.22191
1.22191
1.22191
1.22191
1.22191
1.22191
1.22191
1.22191
1.22191
1.22191
1.22191
1.22191
1.22191
1.22191
1.22191
1.22191
1.22191
1.22191
1.22191
1.22191
1.22191
1.22191
1.22191
1.22191
1.22191
1.22191
1.22191
1.22191
1.22191
1.22191
1.22191
1.22191
1.22191
1.22191
1.22191
1.22191
1.22191
1.22191
1.22191
1.22191
1.22191
1.22191
1.22191
1.22191
1.22191
1.22191
1.22191
1.22191
1.22191
1.22191
1.22191
1.22191
1.22191
1.22191
1.22191
1.22191
1.22191
1.22191
1.22191
1.22191
1.22191
1.22191
1.22191
1.22191
1.22191
1.22191
1.22191
1.22191
1.22191
1.22191
1.22191
1.22191
1.22191
1.22191
1.22191
1.22191
1.22191
1.22191
1.22191
1.22191
1.22191
1.22191
1.22191
1.22191
1.22191
1.22191
1.22191
1.22191
1.22191
1.22191
1.22191
1.22191
1.22191
1.22191
1.22191
1.22191
1.22191
1.22191
1.22191
1.22191
1.22191
1.22191
1.22191
1.22191
1.22191
1.22191
1.22191
1.22191
1.22191
1.22191
1.22191
1.22191
1.22191
1.22191
1.22191
1.22191
1.22191
1.22191
1.22191
1.22191
1.22191
1.22191
1.22191
1.22191
1.22191
1.22191
1.22191
1.22191
1.22191
1.22191
1.22191
1.22191
1.22191
1.22191
1.22191
1.22191
1.22191
1.22191
1.22191
1.22191
1.22191
1.22191
1.22191
1.22191
1.22191
1.22191
1.22191
1.22191
1.22191
1.22191
1.22191
1.22191
1.22191
1.22191
1.22191
1.22191
1.22191
1.22191
1.22191
1.22191
1.22191
1.22191
1.22191
1.22191
1.22191
1.22191
1.22191
1.22191
1.22191
1.22191
1.22191
1.22191
1.22191
1.22191
1.22191
1.22191
1.22191
1.22191
1.22191
1.22191
1.22191
1.22191
1.22191
1.22191
1.22191
1.22191
1.22191
1.22191
1.22191
1.22191
1.22191
1.22191
1.22191
1.22191
1.22191
1.22191
1.22191
1.22191
1.22191
1.22191
1.22191
1.22191
1.22191
1.22191
1.22191
1.22191
1.22191
1.22191
1.22191
1.22191
1.22191
1.22191
1.22191
1.22191
1.22191
1.22191
1.22191
1.22191
1.22191
1.22191
1.22191
1.22191
1.22191
1.22191
1.22191
1.22191
1.22191
1.22191
1.22191
1.22191
1.22191
1.22191
1.22191
1.22191
1.22191
1.22191
1.22191
1.22191
1.22191
1.22191
1.22191
1.22191
1.22191
1.22191
1.22191
1.22191
1.22191
1.22191
1.22191
1.22191
1.22191
1.22191
1.22191
1.22191
1.22191
1.22191
1.22191
1.22191
1.22191
1.22191
1.22191
1.22191
1.22191
1.22191
1.22191
1.22191
1.22191
1.22191
1.22191
1.22191
1.22191
1.22191
1.22191
1.22191
1.22191
1.22191
1.22191
1.22191
1.22191
1.22191
1.22191
1.22191
1.22191
1.22191
1.22191
1.22191
1.22191
1.22191
1.22191
1.22191
1.22191
1.22191
1.22191
1.22191
1.22191
1.22191
1.22191
1.22191
1.22191
1.22191
1.22191
1.22191
1.22191
1.22191
1.22191
1.22191
1.22191
1.22191
1.22191
1.22191
1.22191
1.22191
1.22191
1.22191
1.22191
1.22191
1.22191
1.22191
1.22191
1.22191
1.22191
1.22191
1.22191
1.22191
1.22191
1.22191
1.22191
1.22191
1.22191
1.22191
1.22191
1.22191
1.22191
1.22191
1.22191
1.22191
1.22191
1.22191
1.22191
1.22191
1.22191
1.22191
1.22191
1.22191
1.22191
1.22191
1.22191
1.22191
1.22191
1.22191
1.22191
1.22191
1.22191
1.22191
1.22191
1.22191
1.22191
1.22191
1.22191
1.22191
1.22191
1.22191
1.22191
1.22191
1.22191
1.22191
1.22191
1.22191
1.22191
1.22191
1.22191
1.22191
1.22191
1.22191
1.22191
1.22191
1.22191
1.22191
1.22191
1.22191
1.22191
1.22191
1.22191
1.22191
1.22191
1.22191
1.22191
1.22191
1.22191
1.22191
1.22191
1.22191
1.22191
1.22191
1.22191
1.22191
1.22191
1.22191
1.22191
1.22191
1.22191
1.22191
1.22191
1.22191
1.22191
1.22191
1.22191
1.22191
1.22191
1.22191
1.22191
1.22191
1.22191
1.22191
1.22191
1.22191
1.22191
1.22191
1.22191
1.22191
1.22191
1.22191
1.22191
1.22191
1.22191
1.22191
1.22191
1.22191
1.22191
1.22191
1.22191
1.22191
1.22191
1.22191
1.22191
1.22191
1.22191
1.22191
1.22191
1.22191
1.22191
1.22191
1.22191
1.22191
1.22191
1.22191
1.22191
1.22191
1.22191
1.22191
1.22191
1.22191
1.22191
1.22191
1.22191
1.22191
1.22191
1.22191
1.22191
1.22191
1.22191
1.22191
1.22191
1.22191
1.22191
1.22191
1.22191
1.22191
1.22191
1.22191
1.22191
1.22191
1.22191
1.22191
1.22191
1.22191
1.22191
1.22191
1.22191
1.22191
1.22191
1.22191
1.22191
1.22191
1.22191
1.22191
1.22191
1.22191
1.22191
1.22191
1.22191
1.22191
1.22191
1.22191
1.22191
1.22191
1.22191
1.22191
1.22191
1.22191
1.22191
1.22191
1.22191
1.22191
1.22191
1.22191
1.22191
1.22191
1.22191
1.22191
1.22191
1.22191
1.22191
1.22191
1.22191
1.22191
1.22191
1.22191
1.22191
1.22191
1.22191
1.22191
1.22191
1.22191
1.22191
1.22191
1.22191
1.22191
1.22191
1.22191
1.22191
1.22191
1.22191
1.22191
1.22191
1.22191
1.22191
1.22191
1.22191
1.22191
1.22191
1.22191
1.22191
1.22191
1.22191
1.22191
1.22191
1.22191
1.22191
1.22191
1.22191
1.22191
1.22191
1.22191
1.22191
1.22191
1.22191
1.22191
1.22191
1.22191
1.22191
1.22191
1.22191
1.22191
1.22191
1.22191
1.22191
1.22191
1.22191
1.22191
1.22191
1.22191
1.22191
1.22191
1.22191
1.22191
1.22191
1.22191
1.22191
1.22191
1.22191
1.22191
1.22191
1.22191
1.22191
1.22191
1.22191
1.22191
1.22191
1.22191
1.22191
1.22191
1.22191
1.22191
1.22191
1.22191
1.22191
1.22191
1.22191
1.22191
1.22191
1.22191
1.22191
1.22191
1.22191
1.22191
1.22191
1.22191
1.22191
1.22191
1.22191
1.22191
1.22191
1.22191
1.22191
1.22191
1.22191
1.22191
1.22191
1.22191
1.22191
1.22191
1.22191
1.22191
1.22191
1.22191
1.22191
1.22191
1.22191
1.22191
1.22191
1.22191
1.22191
1.22191
1.22191
1.22191
1.22191
1.22191
1.22191
1.22191
1.22191
1.22191
1.22191
1.22191
1.22191
1.22191
1.22191
1.22191
1.22191
1.22191
1.22191
1.22191
1.22191
1.22191
1.22191
1.22191
1.22191
1.22191
1.22191
1.22191
1.22191
1.22191
1.22191
1.22191
1.22191
1.22191
1.22191
1.22191
1.22191
1.22191
1.22191
1.22191
1.22191
1.22191
1.22191
1.22191
1.22191
1.22191
1.22191
1.22191
1.22191
1.22191
1.22191
1.22191
1.22191
1.22191
1.22191
1.22191
1.22191
1.22191
1.22191
1.22191
1.22191
1.22191
1.22191
1.22191
1.22191
1.22191
1.22191
1.22191
1.22191
1.22191
1.22191
1.22191
1.22191
1.22191
1.22191
1.22191
1.22191
1.22191
1.22191
1.22191
1.22191
1.22191
1.22191
1.22191
1.22191
1.22191
1.22191
1.22191
1.22191
1.22191
1.22191
1.22191
1.22191
1.22191
1.22191
1.22191
1.22191
1.22191
1.22191
1.22191
1.22191
1.22191
1.22191
1.22191
1.22191
1.22191
1.22191
1.22191
1.22191
1.22191
1.22191
1.22191
1.22191
1.22191
1.22191
1.22191
1.22191
1.22191
1.22191
1.22191
1.22191
1.22191
1.22191
1.22191
1.22191
1.22191
1.22191
1.22191
1.22191
1.22191
1.22191
1.22191
1.22191
1.22191
1.22191
1.22191
1.22191
1.22191
1.22191
1.22191
1.22191
1.22191
1.22191
1.22191
1.22191
1.22191
1.22191
1.22191
1.22191
1.22191
1.22191
1.22191
1.22191
1.22191
1.22191
1.22191
1.22191
1.22191
1.22191
1.22191
1.22191
1.22191
1.22191
1.22191
1.22191
1.22191
1.22191
1.22191
1.22191
1.22191
1.22191
1.22191
1.22191
1.22191
1.22191
1.22191
1.22191
1.22191
1.22191
1.22191
1.22191
1.22191
1.22191
1.22191
1.22191
1.22191
1.22191
1.22191
1.22191
1.22191
1.22191
1.22191
1.22191
1.22191
1.22191
1.22191
1.22191
1.22191
1.22191
1.22191
1.22191
1.22191
1.22191
1.22191
1.22191
1.22191
1.22191
1.22191
1.22191
1.22191
1.22191
1.22191
1.22191
1.22191
1.22191
1.22191
1.22191
1.22191
1.22191
1.22191
1.22191
1.22191
1.22191
1.22191
1.22191
1.22191
1.22191
1.22191
1.22191
1.22191
1.22191
1.22191
1.22191
1.22191
1.22191
1.22191
1.22191
1.22191
1.22191
1.22191
1.22191
1.22191
1.22191
1.22191
1.22191
1.22191
1.22191
1.22191
1.22191
1.22191
1.22191
1.22191
1.22191
1.22191
1.22191
1.22191
1.22191
1.22191
1.22191
1.22191
1.22191
1.22191
1.22191
1.22191
1.22191
1.22191
1.22191
1.22191
1.22191
1.22191
1.22191
1.22191
1.22191
1.22191
1.22191
1.22191
1.22191
1.22191
1.22191
1.22191
1.22191
1.22191
1.22191
1.22191
1.22191
1.22191
1.22191
1.22191
1.22191
1.22191
1.22191
1.22191
1.22191
1.22191
1.22191
1.22191
1.22191
1.22191
1.22191
1.22191
1.22191
1.22191
1.22191
1.22191
1.22191
1.22191
1.22191
1.22191
1.22191
1.22191
1.22191
1.22191
1.22191
1.22191
1.22191
1.22191
1.22191
1.22191
1.22191
1.22191
1.22191
1.22191
1.22191
1.22191
1.22191
1.22191
1.22191
1.22191
1.22191
1.22191
1.22191
1.22191
1.22191
1.22191
1.22191
1.22191
1.22191
1.22191
1.22191
1.22191
1.22191
1.22191
1.22191
1.22191
1.22191
1.22191
1.22191
1.22191
1.22191
1.22191
1.22191
1.22191
1.22191
1.22191
1.22191
1.22191
1.22191
1.22191
1.22191
1.22191
1.22191
1.22191
1.22191
1.22191
1.22191
1.22191
1.22191
1.22191
1.22191
1.22191
1.22191
1.22191
1.22191
1.22191
1.22191
1.22191
1.22191
1.22191
1.22191
1.22191
1.22191
1.22191
1.22191
1.22191
1.22191
1.22191
1.22191
1.22191
1.22191
1.22191
1.22191
1.22191
1.22191
1.22191
1.22191
1.22191
1.22191
1.22191
1.22191
1.22191
1.22191
1.22191
1.22191
1.22191
1.22191
1.22191
1.22191
1.22191
1.22191
1.22191
1.22191
1.22191
1.22191
1.22191
1.22191
1.22191
1.22191
1.22191
1.22191
1.22191
1.22191
1.22191
1.22191
1.22191
1.22191
1.22191
1.22191
1.22191
1.22191
1.22191
1.22191
1.22191
1.22191
1.22191
1.22191
1.22191
1.22191
1.22191
1.22191
1.22191
1.22191
1.22191
1.22191
1.22191
1.22191
1.22191
1.22191
1.22191
1.22191
1.22191
1.22191
1.22191
1.22191
1.22191
1.22191
1.22191
1.22191
1.22191
1.22191
1.22191
1.22191
1.22191
1.22191
1.22191
1.22191
1.22191
1.22191
1.22191
1.22191
1.22191
1.22191
1.22191
1.22191
1.22191
1.22191
1.22191
1.22191
1.22191
1.22191
1.22191
1.22191
1.22191
1.22191
1.22191
1.22191
1.22191
1.22191
1.22191
1.22191
1.22191
1.22191
1.22191
1.22191
1.22191
1.22191
1.22191
1.22191
1.22191
1.22191
1.22191
1.22191
1.22191
1.22191
1.22191
1.22191
1.22191
1.22191
1.22191
1.22191
1.22191
1.22191
1.22191
1.22191
1.22191
1.22191
1.22191
1.22191
1.22191
1.22191
1.22191
1.22191
1.22191
1.22191
1.22191
1.22191
1.22191
1.22191
1.22191
1.22191
1.22191
1.22191
1.22191
1.22191
1.22191
1.22191
1.22191
1.22191
1.22191
1.22191
1.22191
1.22191
1.22191
1.22191
1.22191
1.22191
1.22191
1.22191
1.22191
1.22191
1.22191
1.22191
1.22191
1.22191
1.22191
1.22191
1.22191
1.22191
1.22191
1.22191
1.22191
1.22191
1.22191
1.22191
1.22191
1.22191
1.22191
1.22191
1.22191
1.22191
1.22191
1.22191
1.22191
1.22191
1.22191
1.22191
1.22191
1.22191
1.22191
1.22191
1.22191
1.22191
1.22191
1.22191
1.22191
1.22191
1.22191
1.22191
1.22191
1.22191
1.22191
1.22191
1.22191
1.22191
1.22191
1.22191
1.22191
1.22191
1.22191
1.22191
1.22191
1.22191
1.22191
1.22191
1.22191
1.22191
1.22191
1.22191
1.22191
1.22191
1.22191
1.22191
1.22191
1.22191
1.22191
1.22191
1.22191
1.22191
1.22191
1.22191
1.22191
1.22191
1.22191
1.22191
1.22191
1.22191
1.22191
1.22191
1.22191
1.22191
1.22191
1.22191
1.22191
1.22191
1.22191
1.22191
1.22191
1.22191
1.22191
1.22191
1.22191
1.22191
1.22191
1.22191
1.22191
1.22191
1.22191
1.22191
1.22191
1.22191
1.22191
1.22191
1.22191
1.22191
1.22191
1.22191
1.22191
1.22191
1.22191
1.22191
1.22191
1.22191
1.22191
1.22191
1.22191
1.22191
1.22191
1.22191
1.22191
1.22191
1.22191
1.22191
1.22191
1.22191
1.22191
1.22191
1.22191
1.22191
1.22191
1.22191
1.22191
1.22191
1.22191
1.22191
1.22191
1.22191
1.22191
1.22191
1.22191
1.22191
1.22191
1.22191
1.22191
1.22191
1.22191
1.22191
1.22191
1.22191
1.22191
1.22191
1.22191
1.22191
1.22191
1.22191
1.22191
1.22191
1.22191
1.22191
1.22191
1.22191
1.22191
1.22191
1.22191
1.22191
1.22191
1.22191
1.22191
1.22191
1.22191
1.22191
1.22191
1.22191
1.22191
1.22191
1.22191
1.22191
1.22191
1.22191
1.22191
1.22191
1.22191
1.22191
1.22191
1.22191
1.22191
1.22191
1.22191
1.22191
1.22191
1.22191
1.22191
1.22191
1.22191
1.22191
1.22191
1.22191
1.22191
1.22191
1.22191
1.22191
1.22191
1.22191
1.22191
1.22191
1.22191
1.22191
1.22191
1.22191
1.22191
1.22191
1.22191
1.22191
1.22191
1.22191
1.22191
1.22191
1.22191
1.22191
1.22191
1.22191
1.22191
1.22191
1.22191
1.22191
1.22191
1.22191
1.22191
1.22191
1.22191
1.22191
1.22191
1.22191
1.22191
1.22191
1.22191
1.22191
1.22191
1.22191
1.22191
1.22191
1.22191
1.22191
1.22191
1.22191
1.22191
1.22191
1.22191
1.22191
1.22191
1.22191
1.22191
1.22191
1.22191
1.22191
1.22191
1.22191
1.22191
1.22191
1.22191
1.22191
1.22191
1.22191
1.22191
1.22191
1.22191
1.22191
1.22191
1.22191
1.22191
1.22191
1.22191
1.22191
1.22191
1.22191
1.22191
1.22191
1.22191
1.22191
1.22191
1.22191
1.22191
1.22191
1.22191
1.22191
1.22191
1.22191
1.22191
1.22191
1.22191
1.22191
1.22191
1.22191
1.22191
1.22191
1.22191
1.22191
1.22191
1.22191
1.22191
1.22191
1.22191
1.22191
1.22191
1.22191
1.22191
1.22191
1.22191
1.22191
1.22191
1.22191
1.22191
1.22191
1.22191
1.22191
1.22191
1.22191
1.22191
1.22191
1.22191
1.22191
1.22191
1.22191
1.22191
1.22191
1.22191
1.22191
1.22191
1.22191
1.22191
1.22191
1.22191
1.22191
1.22191
1.22191
1.22191
1.22191
1.22191
1.22191
1.22191
1.22191
1.22191
1.22191
1.22191
1.22191
1.22191
1.22191
1.22191
1.22191
1.22191
1.22191
1.22191
1.22191
1.22191
1.22191
1.22191
1.22191
1.22191
1.22191
1.22191
1.22191
1.22191
1.22191
1.22191
1.22191
1.22191
1.22191
1.22191
1.22191
1.22191
1.22191
1.22191
1.22191
1.22191
1.22191
1.22191
1.22191
1.22191
1.22191
1.22191
1.22191
1.22191
1.22191
1.22191
1.22191
1.22191
1.22191
1.22191
1.22191
1.22191
1.22191
1.22191
1.22191
1.22191
1.22191
1.22191
1.22191
1.22191
1.22191
1.22191
1.22191
1.22191
1.22191
1.22191
1.22191
1.22191
1.22191
1.22191
1.22191
1.22191
1.22191
1.22191
1.22191
1.22191
1.22191
1.22191
1.22191
1.22191
1.22191
1.22191
1.22191
1.22191
1.22191
1.22191
1.22191
1.22191
1.22191
1.22191
1.22191
1.22191
1.22191
1.22191
1.22191
1.22191
1.22191
1.22191
1.22191
1.22191
1.22191
1.22191
1.22191
1.22191
1.22191
1.22191
1.22191
1.22191
1.22191
1.22191
1.22191
1.22191
1.45786
1.83999
2.08769
2.53096
2.63196
2.6116
2.58338
2.5303
2.36819
2.36043
2.34545
2.30311
2.27864
2.27827
2.29065
2.31051
2.31187
2.30455
2.28465
2.26671
2.26025
2.26548
2.28216
2.30556
2.32845
2.3289
2.325
2.31859
2.31113
2.30152
2.29043
2.27776
2.2739
2.27151
2.26753
2.26419
2.26466
2.26653
2.26972
2.27393
2.27858
2.28173
2.28154
2.28078
2.27961
2.27876
2.2779
2.27803
2.27823
2.27892
2.27972
2.27914
2.27676
2.27209
2.26556
2.25747
2.24835
2.23954
2.23292
2.22979
2.23267
2.2391
2.24605
2.25295
2.26141
2.27175
2.28268
2.29319
2.30204
2.30886
2.31397
2.31693
2.31835
2.31822
2.31497
1.24717
1.29254
1.47744
1.58919
1.97106
2.00462
2.1644
2.1393
2.30008
2.37206
2.34318
2.30883
2.27914
2.28131
2.29916
2.32009
2.32026
2.31176
2.29739
2.28335
2.27377
2.27872
2.2922
2.31199
2.32608
2.32024
2.32034
2.31866
2.31378
2.30559
2.296
2.28495
2.27707
2.2744
2.27073
2.26663
2.26561
2.26658
2.26918
2.27352
2.27787
2.27948
2.27938
2.27901
2.27826
2.27772
2.27724
2.27777
2.27853
2.27986
2.28087
2.28052
2.27829
2.27391
2.26792
2.26039
2.25144
2.24292
2.2368
2.23378
2.23553
2.24105
2.24727
2.25266
2.26041
2.26982
2.28
2.28962
2.29824
2.30498
2.30982
2.31283
2.315
2.31463
2.31229
1.2229
1.22711
1.2427
1.29527
1.41911
1.69222
2.20152
2.21639
2.41009
2.46851
2.39531
2.29723
2.2672
2.27835
2.2861
2.30088
2.30696
2.30449
2.29784
2.28707
2.27326
2.27352
2.28042
2.29612
2.29156
2.29787
2.3062
2.30973
2.31053
2.30699
2.30201
2.29772
2.29299
2.28528
2.28092
2.27419
2.26877
2.26699
2.2682
2.27089
2.27367
2.27538
2.27663
2.27674
2.27623
2.27572
2.27497
2.27558
2.2759
2.27676
2.2765
2.2757
2.27324
2.26969
2.26509
2.25854
2.25127
2.24491
2.24008
2.23804
2.23991
2.24505
2.25079
2.25611
2.26322
2.27171
2.28055
2.28951
2.29655
2.30182
2.30533
2.30741
2.30941
2.30883
2.30739
1.22196
1.22216
1.22279
1.22763
1.23461
1.3715
1.41542
1.7542
2.19222
2.18819
2.22571
2.27854
2.39597
2.41249
2.37718
2.32981
2.30414
2.30629
2.30172
2.28742
2.27859
2.2722
2.27002
2.2601
2.26544
2.2821
2.29547
2.31154
2.31947
2.31781
2.31264
2.30911
2.3028
2.29388
2.28287
2.27543
2.26886
2.26541
2.26552
2.26647
2.26824
2.2702
2.27241
2.2734
2.27318
2.27276
2.27237
2.27247
2.2731
2.27297
2.27221
2.27027
2.26815
2.26586
2.26249
2.25835
2.254
2.24985
2.24711
2.24623
2.24841
2.25256
2.25706
2.2629
2.26813
2.27401
2.28003
2.28602
2.29076
2.29415
2.29496
2.29779
2.29798
2.29754
2.29857
1.22192
1.22192
1.22195
1.22212
1.22284
1.23146
1.24353
1.41209
1.42304
1.69079
2.13946
2.27527
2.39609
2.44349
2.3956
2.31017
2.29152
2.28911
2.28744
2.27615
2.27657
2.27165
2.25685
2.25524
2.26761
2.28395
2.29743
2.31251
2.31919
2.31823
2.31202
2.30504
2.29539
2.28813
2.28115
2.27389
2.26794
2.26465
2.26416
2.26455
2.26437
2.2655
2.26861
2.26997
2.26979
2.26904
2.2691
2.26875
2.26934
2.26717
2.26538
2.26422
2.26352
2.26286
2.25943
2.2572
2.25577
2.25481
2.25501
2.2562
2.25889
2.26365
2.26583
2.27072
2.27414
2.27787
2.28143
2.28433
2.28615
2.2862
2.28564
2.28642
2.28482
2.28664
2.28897
1.22191
1.22191
1.22191
1.22192
1.22196
1.22219
1.22337
1.22847
1.24243
1.34741
1.51497
1.80594
2.16065
2.16624
2.18823
2.27802
2.31518
2.30147
2.28044
2.27096
2.27837
2.27352
2.25694
2.25202
2.26239
2.27996
2.29642
2.30764
2.31373
2.31164
2.30355
2.29168
2.28216
2.27591
2.27122
2.26716
2.26461
2.26344
2.26297
2.26275
2.26173
2.26277
2.26599
2.26577
2.26576
2.26608
2.267
2.26563
2.2647
2.26505
2.264
2.26318
2.26247
2.26133
2.26052
2.25931
2.25919
2.26051
2.26254
2.26543
2.26855
2.27264
2.27543
2.27719
2.28026
2.2811
2.28214
2.28258
2.28236
2.27728
2.28009
2.27677
2.27613
2.27779
2.28053
1.22191
1.22191
1.22191
1.22191
1.22191
1.22192
1.22197
1.22219
1.22323
1.23036
1.25169
1.39351
1.53323
1.80558
2.14801
2.37318
2.4413
2.38374
2.25622
2.26206
2.27389
2.27189
2.25721
2.25925
2.2749
2.29341
2.30397
2.30489
2.30172
2.29373
2.28234
2.26862
2.2579
2.2563
2.25706
2.25833
2.26
2.26082
2.26087
2.26189
2.25995
2.26174
2.26634
2.26553
2.26468
2.26546
2.26822
2.26782
2.2665
2.26327
2.26183
2.26128
2.26106
2.2611
2.2613
2.26158
2.26329
2.26647
2.2695
2.27271
2.27593
2.27887
2.28261
2.28289
2.28409
2.2847
2.28399
2.2826
2.2793
2.27678
2.27116
2.2695
2.2711
2.27258
2.27491
1.22191
1.22191
1.22191
1.22191
1.22191
1.22191
1.22191
1.22192
1.22198
1.2223
1.22375
1.2335
1.25543
1.37672
1.55151
1.86174
2.15697
2.13396
2.19645
2.30017
2.30027
2.29758
2.28349
2.28958
2.3025
2.30887
2.30688
2.29304
2.27964
2.27317
2.2612
2.24583
2.23993
2.24178
2.24478
2.24953
2.2548
2.2576
2.25725
2.25952
2.25854
2.25985
2.26423
2.26491
2.2653
2.26682
2.26617
2.26489
2.26413
2.26207
2.26183
2.26269
2.26466
2.26554
2.26616
2.26758
2.26985
2.27258
2.27534
2.27849
2.28148
2.28346
2.286
2.28654
2.28674
2.28616
2.28445
2.28217
2.27841
2.27459
2.26829
2.2673
2.26848
2.27026
2.27258
1.22191
1.22191
1.22191
1.22191
1.22191
1.22191
1.22191
1.22191
1.22192
1.22193
1.222
1.22235
1.22382
1.23084
1.27592
1.35822
1.62709
1.94212
2.2136
2.47764
2.39003
2.37328
2.35561
2.34753
2.33737
2.32315
2.30385
2.27825
2.27581
2.26858
2.25392
2.23872
2.23341
2.23521
2.23819
2.24243
2.24854
2.25183
2.25331
2.25536
2.25738
2.25882
2.26369
2.26361
2.26328
2.26339
2.26388
2.26341
2.26363
2.26431
2.26354
2.26621
2.27088
2.27138
2.27242
2.27413
2.27643
2.27829
2.28014
2.28263
2.28469
2.28551
2.28682
2.28701
2.28662
2.28645
2.28528
2.28212
2.2773
2.2713
2.26846
2.26697
2.26763
2.26898
2.27106
1.22191
1.22191
1.22191
1.22191
1.22191
1.22191
1.22191
1.22191
1.22191
1.22191
1.22192
1.22193
1.22199
1.22237
1.22475
1.23494
1.27138
1.56871
1.77782
2.07151
2.03392
2.27166
2.33919
2.32651
2.32541
2.31651
2.29731
2.2762
2.27159
2.27054
2.2623
2.24615
2.23603
2.23612
2.23866
2.24403
2.2485
2.25014
2.25218
2.25314
2.25715
2.25622
2.25763
2.26399
2.26405
2.26392
2.2649
2.26586
2.26589
2.26853
2.26814
2.26955
2.27429
2.27654
2.27793
2.27968
2.28143
2.28249
2.28356
2.28517
2.28678
2.28745
2.28786
2.28939
2.28954
2.2882
2.28588
2.28201
2.27708
2.27014
2.26747
2.26757
2.26739
2.26807
2.26982
1.22191
1.22191
1.22191
1.22191
1.22191
1.22191
1.22191
1.22191
1.22191
1.22191
1.22191
1.22191
1.22192
1.22193
1.22204
1.22258
1.22626
1.25042
1.36672
1.46602
1.77692
2.23956
2.16604
2.33559
2.35146
2.32391
2.28925
2.27508
2.28661
2.28583
2.27352
2.25438
2.24594
2.2472
2.24925
2.25099
2.2492
2.24901
2.24913
2.25125
2.2556
2.25552
2.25637
2.26495
2.26589
2.26553
2.26637
2.26799
2.26889
2.27115
2.27444
2.274
2.27672
2.28138
2.28312
2.2843
2.28475
2.28527
2.28594
2.28721
2.28825
2.28909
2.28937
2.28996
2.28978
2.28849
2.28578
2.28174
2.27609
2.27074
2.26602
2.26641
2.2661
2.26626
2.26635
1.22191
1.22191
1.22191
1.22191
1.22191
1.22191
1.22191
1.22191
1.22191
1.22191
1.22191
1.22191
1.22191
1.22191
1.22192
1.22195
1.22217
1.22329
1.23475
1.24606
1.49926
1.51943
1.83039
2.22241
2.4201
2.40421
2.31587
2.3274
2.35494
2.35103
2.32057
2.28958
2.26626
2.26467
2.26227
2.2571
2.24843
2.24557
2.24514
2.24777
2.2522
2.25397
2.25528
2.26098
2.26976
2.26993
2.2703
2.2719
2.2729
2.27441
2.27704
2.27827
2.2798
2.284
2.28534
2.28552
2.2857
2.2858
2.28683
2.2869
2.28656
2.28663
2.28823
2.28993
2.29002
2.28913
2.28583
2.28144
2.2762
2.27074
2.26678
2.26521
2.26462
2.26403
2.26318
1.22191
1.22191
1.22191
1.22191
1.22191
1.22191
1.22191
1.22191
1.22191
1.22191
1.22191
1.22191
1.22191
1.22191
1.22191
1.22191
1.22192
1.22198
1.22234
1.22387
1.2392
1.27665
1.45292
1.58031
1.97893
2.18093
2.27608
2.35896
2.40057
2.37664
2.33658
2.30563
2.28147
2.27397
2.26919
2.25635
2.24673
2.24409
2.24408
2.24572
2.24902
2.25293
2.25616
2.26141
2.27014
2.27321
2.27365
2.2754
2.27735
2.27845
2.2805
2.28185
2.28301
2.28519
2.28548
2.2851
2.28516
2.28591
2.28688
2.2883
2.28786
2.28776
2.28888
2.29191
2.29152
2.28941
2.28509
2.28061
2.27612
2.27121
2.26837
2.2649
2.26395
2.26201
2.26184
1.22191
1.22191
1.22191
1.22191
1.22191
1.22191
1.22191
1.22191
1.22191
1.22191
1.22191
1.22191
1.22191
1.22191
1.22191
1.22191
1.22191
1.22192
1.22193
1.22202
1.22264
1.22635
1.23602
1.28174
1.37418
1.76255
2.11785
2.27331
2.34226
2.33125
2.30412
2.28736
2.27476
2.27433
2.26935
2.25843
2.25303
2.25283
2.24939
2.24675
2.24903
2.25381
2.25797
2.26295
2.27004
2.27541
2.27608
2.27654
2.27701
2.27764
2.28017
2.28298
2.28421
2.2852
2.28541
2.28424
2.28427
2.28598
2.28732
2.28689
2.2883
2.29131
2.29525
2.29522
2.29368
2.28983
2.28433
2.2801
2.27616
2.27265
2.26935
2.26659
2.2639
2.26081
2.2617
1.22191
1.22191
1.22191
1.22191
1.22191
1.22191
1.22191
1.22191
1.22191
1.22191
1.22191
1.22191
1.22191
1.22191
1.22191
1.22191
1.22191
1.22191
1.22191
1.22192
1.22194
1.2221
1.22262
1.22608
1.23764
1.36022
1.72409
1.96288
2.12645
2.17729
2.24147
2.27254
2.27213
2.26918
2.2595
2.26107
2.25988
2.25657
2.25302
2.24743
2.24943
2.25356
2.25743
2.26091
2.26657
2.27263
2.27578
2.27801
2.28014
2.28241
2.28521
2.28674
2.28524
2.28371
2.284
2.28383
2.28298
2.28364
2.28607
2.29046
2.29363
2.2968
2.29846
2.29692
2.29381
2.28908
2.28337
2.27945
2.27724
2.27439
2.27154
2.26856
2.26448
2.26171
2.26217
1.22191
1.22191
1.22191
1.22191
1.22191
1.22191
1.22191
1.22191
1.22191
1.22191
1.22191
1.22191
1.22191
1.22191
1.22191
1.22191
1.22191
1.22191
1.22191
1.22191
1.22191
1.22192
1.22195
1.22212
1.22316
1.23601
1.28759
1.49584
1.81067
2.07813
2.28772
2.27348
2.27856
2.27119
2.25571
2.25789
2.26112
2.25806
2.24994
2.24222
2.24404
2.24736
2.25276
2.25803
2.2635
2.26928
2.27274
2.27762
2.28506
2.28614
2.28638
2.28526
2.28295
2.28202
2.28231
2.28294
2.28396
2.28605
2.29121
2.29615
2.29912
2.30128
2.30021
2.29721
2.29305
2.28812
2.28292
2.27934
2.27804
2.27639
2.27379
2.27051
2.26643
2.26347
2.2627
1.22191
1.22191
1.22191
1.22191
1.22191
1.22191
1.22191
1.22191
1.22191
1.22191
1.22191
1.22191
1.22191
1.22191
1.22191
1.22191
1.22191
1.22191
1.22191
1.22191
1.22191
1.22191
1.22191
1.22192
1.22199
1.2228
1.2263
1.25918
1.33528
1.5979
1.91044
2.14843
2.35153
2.28653
2.19815
2.21535
2.2342
2.23567
2.23691
2.23927
2.24176
2.24711
2.25386
2.25839
2.26111
2.2666
2.2709
2.27396
2.27988
2.2807
2.28016
2.28002
2.27907
2.27879
2.27948
2.28224
2.28488
2.28919
2.29567
2.30237
2.30487
2.30439
2.30139
2.29676
2.29155
2.28731
2.28299
2.27979
2.27935
2.27849
2.27616
2.27286
2.26915
2.26563
2.26426
1.22191
1.22191
1.22191
1.22191
1.22191
1.22191
1.22191
1.22191
1.22191
1.22191
1.22191
1.22191
1.22191
1.22191
1.22191
1.22191
1.22191
1.22191
1.22191
1.22191
1.22191
1.22191
1.22191
1.22191
1.22192
1.22195
1.22218
1.22395
1.23103
1.28225
1.45223
1.7549
2.00201
2.11421
2.16887
2.20307
2.20802
2.22174
2.24106
2.2516
2.25445
2.25935
2.26138
2.26392
2.26719
2.26926
2.27188
2.27212
2.2753
2.27986
2.27883
2.27819
2.27792
2.27795
2.27859
2.281
2.28379
2.28872
2.29517
2.30082
2.3051
2.3043
2.30031
2.2952
2.29027
2.28719
2.2837
2.28057
2.28065
2.28066
2.2786
2.2748
2.27192
2.26878
2.26854
1.22191
1.22191
1.22191
1.22191
1.22191
1.22191
1.22191
1.22191
1.22191
1.22191
1.22191
1.22191
1.22191
1.22191
1.22191
1.22191
1.22191
1.22191
1.22191
1.22191
1.22191
1.22191
1.22191
1.22191
1.22191
1.22191
1.22193
1.222
1.2225
1.22555
1.25048
1.32639
1.50905
1.92176
2.26199
2.34008
2.24351
2.27282
2.32315
2.32305
2.30613
2.29682
2.28392
2.27599
2.27473
2.27218
2.27208
2.27164
2.27403
2.27829
2.27668
2.27602
2.27714
2.27731
2.2783
2.28043
2.28356
2.2903
2.29618
2.29945
2.30326
2.30181
2.29766
2.29308
2.29062
2.28832
2.28471
2.28266
2.28279
2.28223
2.27885
2.27643
2.27521
2.27274
2.27281
1.22191
1.22191
1.22191
1.22191
1.22191
1.22191
1.22191
1.22191
1.22191
1.22191
1.22191
1.22191
1.22191
1.22191
1.22191
1.22191
1.22191
1.22191
1.22191
1.22191
1.22191
1.22191
1.22191
1.22191
1.22191
1.22191
1.22191
1.22192
1.22194
1.22212
1.22364
1.22881
1.27619
1.38842
1.67474
2.04235
2.01759
2.19035
2.33234
2.26021
2.26379
2.27907
2.28291
2.28024
2.27477
2.27044
2.26654
2.26794
2.27053
2.27292
2.27297
2.27418
2.27567
2.27679
2.27834
2.28019
2.28458
2.29172
2.29592
2.29977
2.301
2.29983
2.29654
2.29357
2.29157
2.28943
2.28634
2.28453
2.28418
2.28116
2.27767
2.27732
2.27678
2.27506
2.27487
1.22191
1.22191
1.22191
1.22191
1.22191
1.22191
1.22191
1.22191
1.22191
1.22191
1.22191
1.22191
1.22191
1.22191
1.22191
1.22191
1.22191
1.22191
1.22191
1.22191
1.22191
1.22191
1.22191
1.22191
1.22191
1.22191
1.22191
1.22191
1.22191
1.22192
1.22199
1.22235
1.22511
1.24138
1.29606
1.50231
1.81064
2.15544
2.15891
2.15345
2.23788
2.23955
2.25404
2.26772
2.26832
2.26611
2.25794
2.26294
2.26798
2.2713
2.27085
2.2719
2.27493
2.27871
2.28034
2.28387
2.2914
2.29421
2.29597
2.29862
2.29937
2.29843
2.29558
2.29501
2.29426
2.29221
2.28908
2.28541
2.28163
2.27672
2.27586
2.27636
2.27702
2.2761
2.27603
1.22191
1.22191
1.22191
1.22191
1.22191
1.22191
1.22191
1.22191
1.22191
1.22191
1.22191
1.22191
1.22191
1.22191
1.22191
1.22191
1.22191
1.22191
1.22191
1.22191
1.22191
1.22191
1.22191
1.22191
1.22191
1.22191
1.22191
1.22191
1.22191
1.22191
1.22192
1.22194
1.22209
1.22296
1.22893
1.24768
1.52963
1.60866
1.85149
2.14009
2.23121
2.23218
2.23888
2.25787
2.26294
2.26117
2.26136
2.26079
2.26511
2.2694
2.26826
2.27015
2.27418
2.28168
2.28558
2.29069
2.29547
2.29772
2.29761
2.29941
2.30021
2.29959
2.29935
2.29876
2.29719
2.29408
2.28995
2.28447
2.27782
2.27388
2.27396
2.27457
2.27631
2.27596
2.27641
1.22191
1.22191
1.22191
1.22191
1.22191
1.22191
1.22191
1.22191
1.22191
1.22191
1.22191
1.22191
1.22191
1.22191
1.22191
1.22191
1.22191
1.22191
1.22191
1.22191
1.22191
1.22191
1.22191
1.22191
1.22191
1.22191
1.22191
1.22191
1.22191
1.22191
1.22191
1.22191
1.22192
1.22197
1.22227
1.22425
1.25015
1.30341
1.44381
1.78015
2.1162
2.03091
2.14445
2.2321
2.23353
2.24127
2.25256
2.26573
2.27312
2.27323
2.27169
2.2725
2.27628
2.28258
2.2874
2.2937
2.2982
2.29924
2.30094
2.30122
2.30062
2.30151
2.30374
2.30337
2.30018
2.29574
2.28953
2.28203
2.27401
2.27164
2.27192
2.27299
2.27429
2.27548
2.27613
1.22191
1.22191
1.22191
1.22191
1.22191
1.22191
1.22191
1.22191
1.22191
1.22191
1.22191
1.22191
1.22191
1.22191
1.22191
1.22191
1.22191
1.22191
1.22191
1.22191
1.22191
1.22191
1.22191
1.22191
1.22191
1.22191
1.22191
1.22191
1.22191
1.22191
1.22191
1.22191
1.22191
1.22192
1.22193
1.22206
1.22323
1.22798
1.24905
1.32498
1.55177
1.8647
2.25856
2.28571
2.27368
2.30005
2.2757
2.2792
2.27786
2.27706
2.27594
2.27425
2.27788
2.28356
2.28918
2.29429
2.29691
2.29863
2.30197
2.30313
2.30304
2.30414
2.30548
2.30442
2.3021
2.29666
2.28887
2.2802
2.27319
2.27052
2.27078
2.27181
2.27345
2.27467
2.27625
1.22191
1.22191
1.22191
1.22191
1.22191
1.22191
1.22191
1.22191
1.22191
1.22191
1.22191
1.22191
1.22191
1.22191
1.22191
1.22191
1.22191
1.22191
1.22191
1.22191
1.22191
1.22191
1.22191
1.22191
1.22191
1.22191
1.22191
1.22191
1.22191
1.22191
1.22191
1.22191
1.22191
1.22191
1.22191
1.22192
1.22196
1.22218
1.2236
1.23126
1.26508
1.52717
1.67127
1.94054
2.17611
2.27625
2.23162
2.21958
2.23547
2.26226
2.27312
2.2746
2.27959
2.28556
2.29469
2.29359
2.29512
2.29665
2.29985
2.30478
2.30517
2.30626
2.30684
2.30617
2.30247
2.29601
2.28775
2.27928
2.27322
2.27046
2.27053
2.27138
2.27307
2.27481
2.27585
1.22191
1.22191
1.22191
1.22191
1.22191
1.22191
1.22191
1.22191
1.22191
1.22191
1.22191
1.22191
1.22191
1.22191
1.22191
1.22191
1.22191
1.22191
1.22191
1.22191
1.22191
1.22191
1.22191
1.22191
1.22191
1.22191
1.22191
1.22191
1.22191
1.22191
1.22191
1.22191
1.22191
1.22191
1.22191
1.22191
1.22191
1.22192
1.222
1.22244
1.22566
1.2516
1.32262
1.53911
1.926
2.15785
2.19228
2.25361
2.23414
2.27119
2.27833
2.2775
2.28458
2.29095
2.29513
2.29415
2.29518
2.2962
2.2984
2.30316
2.30383
2.30413
2.30412
2.3031
2.29916
2.29378
2.28643
2.27873
2.27338
2.2702
2.2701
2.27093
2.27243
2.27452
2.2752
1.22191
1.22191
1.22191
1.22191
1.22191
1.22191
1.22191
1.22191
1.22191
1.22191
1.22191
1.22191
1.22191
1.22191
1.22191
1.22191
1.22191
1.22191
1.22191
1.22191
1.22191
1.22191
1.22191
1.22191
1.22191
1.22191
1.22191
1.22191
1.22191
1.22191
1.22191
1.22191
1.22191
1.22191
1.22191
1.22191
1.22191
1.22191
1.22192
1.22194
1.22212
1.22362
1.22983
1.28149
1.39279
1.64587
2.09335
2.31515
2.34481
2.32499
2.30003
2.28078
2.29317
2.29375
2.29411
2.29325
2.29155
2.29246
2.29366
2.29457
2.29721
2.30106
2.30162
2.30056
2.29742
2.29218
2.28521
2.28031
2.27542
2.27333
2.2735
2.27376
2.27405
2.27514
2.27453
1.22191
1.22191
1.22191
1.22191
1.22191
1.22191
1.22191
1.22191
1.22191
1.22191
1.22191
1.22191
1.22191
1.22191
1.22191
1.22191
1.22191
1.22191
1.22191
1.22191
1.22191
1.22191
1.22191
1.22191
1.22191
1.22191
1.22191
1.22191
1.22191
1.22191
1.22191
1.22191
1.22191
1.22191
1.22191
1.22191
1.22191
1.22191
1.22191
1.22191
1.22192
1.22199
1.22237
1.22625
1.23813
1.34939
1.52633
1.84427
2.00336
2.17755
2.24801
2.22767
2.2491
2.25133
2.26697
2.2824
2.28824
2.2877
2.28796
2.28936
2.29448
2.29747
2.29906
2.29852
2.29638
2.29178
2.28597
2.28066
2.27855
2.27734
2.27681
2.27641
2.27487
2.27485
2.27356
1.22191
1.22191
1.22191
1.22191
1.22191
1.22191
1.22191
1.22191
1.22191
1.22191
1.22191
1.22191
1.22191
1.22191
1.22191
1.22191
1.22191
1.22191
1.22191
1.22191
1.22191
1.22191
1.22191
1.22191
1.22191
1.22191
1.22191
1.22191
1.22191
1.22191
1.22191
1.22191
1.22191
1.22191
1.22191
1.22191
1.22191
1.22191
1.22191
1.22191
1.22191
1.22192
1.22194
1.22211
1.22307
1.233
1.26829
1.39732
1.70823
2.2019
2.17463
2.29157
2.3188
2.25907
2.2662
2.28242
2.28391
2.27813
2.27884
2.28595
2.29282
2.29764
2.29995
2.29868
2.29543
2.29148
2.28864
2.28268
2.27989
2.27942
2.27828
2.27685
2.27372
2.27311
2.27215
1.22191
1.22191
1.22191
1.22191
1.22191
1.22191
1.22191
1.22191
1.22191
1.22191
1.22191
1.22191
1.22191
1.22191
1.22191
1.22191
1.22191
1.22191
1.22191
1.22191
1.22191
1.22191
1.22191
1.22191
1.22191
1.22191
1.22191
1.22191
1.22191
1.22191
1.22191
1.22191
1.22191
1.22191
1.22191
1.22191
1.22191
1.22191
1.22191
1.22191
1.22191
1.22191
1.22191
1.22192
1.22198
1.2225
1.22525
1.24215
1.35515
1.53396
1.87067
2.21449
2.31121
2.31546
2.30892
2.31517
2.30421
2.28655
2.28746
2.28936
2.29608
2.3006
2.3006
2.29814
2.29387
2.28997
2.28622
2.28174
2.27921
2.27799
2.27625
2.27487
2.27128
2.27125
2.27072
1.22191
1.22191
1.22191
1.22191
1.22191
1.22191
1.22191
1.22191
1.22191
1.22191
1.22191
1.22191
1.22191
1.22191
1.22191
1.22191
1.22191
1.22191
1.22191
1.22191
1.22191
1.22191
1.22191
1.22191
1.22191
1.22191
1.22191
1.22191
1.22191
1.22191
1.22191
1.22191
1.22191
1.22191
1.22191
1.22191
1.22191
1.22191
1.22191
1.22191
1.22191
1.22191
1.22191
1.22191
1.22192
1.22194
1.22209
1.2233
1.23373
1.26793
1.51643
1.78265
1.94875
2.1209
2.23477
2.29802
2.29707
2.29526
2.29569
2.29279
2.29081
2.29538
2.29992
2.29685
2.29219
2.28916
2.28531
2.28145
2.2786
2.27638
2.27368
2.27238
2.26907
2.26927
2.27013
1.22191
1.22191
1.22191
1.22191
1.22191
1.22191
1.22191
1.22191
1.22191
1.22191
1.22191
1.22191
1.22191
1.22191
1.22191
1.22191
1.22191
1.22191
1.22191
1.22191
1.22191
1.22191
1.22191
1.22191
1.22191
1.22191
1.22191
1.22191
1.22191
1.22191
1.22191
1.22191
1.22191
1.22191
1.22191
1.22191
1.22191
1.22191
1.22191
1.22191
1.22191
1.22191
1.22191
1.22191
1.22191
1.22191
1.22192
1.22199
1.22253
1.22578
1.26397
1.34937
1.6341
2.01476
2.24101
2.23994
2.26711
2.30249
2.27802
2.27003
2.27483
2.29032
2.30285
2.29984
2.29492
2.2899
2.28749
2.28504
2.28195
2.27846
2.27537
2.27287
2.27222
2.26989
2.27043
1.22191
1.22191
1.22191
1.22191
1.22191
1.22191
1.22191
1.22191
1.22191
1.22191
1.22191
1.22191
1.22191
1.22191
1.22191
1.22191
1.22191
1.22191
1.22191
1.22191
1.22191
1.22191
1.22191
1.22191
1.22191
1.22191
1.22191
1.22191
1.22191
1.22191
1.22191
1.22191
1.22191
1.22191
1.22191
1.22191
1.22191
1.22191
1.22191
1.22191
1.22191
1.22191
1.22191
1.22191
1.22191
1.22191
1.22191
1.22192
1.22194
1.22216
1.22478
1.23394
1.32634
1.53223
1.87199
2.03174
2.24387
2.26764
2.18707
2.20008
2.24091
2.28861
2.30173
2.30092
2.29775
2.29593
2.29575
2.2929
2.28791
2.28205
2.27716
2.27441
2.27295
2.27189
2.27153
1.22191
1.22191
1.22191
1.22191
1.22191
1.22191
1.22191
1.22191
1.22191
1.22191
1.22191
1.22191
1.22191
1.22191
1.22191
1.22191
1.22191
1.22191
1.22191
1.22191
1.22191
1.22191
1.22191
1.22191
1.22191
1.22191
1.22191
1.22191
1.22191
1.22191
1.22191
1.22191
1.22191
1.22191
1.22191
1.22191
1.22191
1.22191
1.22191
1.22191
1.22191
1.22191
1.22191
1.22191
1.22191
1.22191
1.22191
1.22191
1.22191
1.22193
1.22204
1.22276
1.23087
1.27065
1.41152
1.73107
2.22142
2.24902
2.22844
2.23124
2.26863
2.30238
2.30592
2.29957
2.29288
2.29721
2.30154
2.29839
2.29123
2.28387
2.27973
2.27771
2.27732
2.27486
2.27172
1.22191
1.22191
1.22191
1.22191
1.22191
1.22191
1.22191
1.22191
1.22191
1.22191
1.22191
1.22191
1.22191
1.22191
1.22191
1.22191
1.22191
1.22191
1.22191
1.22191
1.22191
1.22191
1.22191
1.22191
1.22191
1.22191
1.22191
1.22191
1.22191
1.22191
1.22191
1.22191
1.22191
1.22191
1.22191
1.22191
1.22191
1.22191
1.22191
1.22191
1.22191
1.22191
1.22191
1.22191
1.22191
1.22191
1.22191
1.22191
1.22191
1.22191
1.22192
1.22196
1.22245
1.22535
1.24481
1.38271
1.57185
1.95328
2.2625
2.30752
2.2481
2.28512
2.27508
2.27198
2.28291
2.29237
2.29605
2.28964
2.28196
2.27813
2.27903
2.2778
2.27643
2.27259
2.26854
1.22191
1.22191
1.22191
1.22191
1.22191
1.22191
1.22191
1.22191
1.22191
1.22191
1.22191
1.22191
1.22191
1.22191
1.22191
1.22191
1.22191
1.22191
1.22191
1.22191
1.22191
1.22191
1.22191
1.22191
1.22191
1.22191
1.22191
1.22191
1.22191
1.22191
1.22191
1.22191
1.22191
1.22191
1.22191
1.22191
1.22191
1.22191
1.22191
1.22191
1.22191
1.22191
1.22191
1.22191
1.22191
1.22191
1.22191
1.22191
1.22191
1.22191
1.22191
1.22192
1.22194
1.22211
1.22361
1.2374
1.29586
1.51362
2.16726
2.10509
2.18083
2.24762
2.22527
2.23288
2.25792
2.28245
2.28093
2.27752
2.27546
2.27624
2.27813
2.2774
2.27344
2.26759
2.2643
1.22191
1.22191
1.22191
1.22191
1.22191
1.22191
1.22191
1.22191
1.22191
1.22191
1.22191
1.22191
1.22191
1.22191
1.22191
1.22191
1.22191
1.22191
1.22191
1.22191
1.22191
1.22191
1.22191
1.22191
1.22191
1.22191
1.22191
1.22191
1.22191
1.22191
1.22191
1.22191
1.22191
1.22191
1.22191
1.22191
1.22191
1.22191
1.22191
1.22191
1.22191
1.22191
1.22191
1.22191
1.22191
1.22191
1.22191
1.22191
1.22191
1.22191
1.22191
1.22191
1.22191
1.22192
1.22202
1.22287
1.22861
1.29011
1.41411
1.78702
2.20277
2.43868
2.35258
2.28914
2.3026
2.30166
2.27946
2.26685
2.26466
2.26797
2.27365
2.27335
2.26906
2.26135
2.26133
1.22191
1.22191
1.22191
1.22191
1.22191
1.22191
1.22191
1.22191
1.22191
1.22191
1.22191
1.22191
1.22191
1.22191
1.22191
1.22191
1.22191
1.22191
1.22191
1.22191
1.22191
1.22191
1.22191
1.22191
1.22191
1.22191
1.22191
1.22191
1.22191
1.22191
1.22191
1.22191
1.22191
1.22191
1.22191
1.22191
1.22191
1.22191
1.22191
1.22191
1.22191
1.22191
1.22191
1.22191
1.22191
1.22191
1.22191
1.22191
1.22191
1.22191
1.22191
1.22191
1.22191
1.22191
1.22192
1.22197
1.22238
1.22798
1.24392
1.46725
1.70215
1.90937
2.24437
2.35568
2.33805
2.31407
2.29843
2.28931
2.28027
2.27961
2.27912
2.27591
2.2675
2.26045
2.2584
1.22191
1.22191
1.22191
1.22191
1.22191
1.22191
1.22191
1.22191
1.22191
1.22191
1.22191
1.22191
1.22191
1.22191
1.22191
1.22191
1.22191
1.22191
1.22191
1.22191
1.22191
1.22191
1.22191
1.22191
1.22191
1.22191
1.22191
1.22191
1.22191
1.22191
1.22191
1.22191
1.22191
1.22191
1.22191
1.22191
1.22191
1.22191
1.22191
1.22191
1.22191
1.22191
1.22191
1.22191
1.22191
1.22191
1.22191
1.22191
1.22191
1.22191
1.22191
1.22191
1.22191
1.22191
1.22191
1.22192
1.22194
1.22223
1.22403
1.2506
1.32349
1.56951
1.98056
2.26709
2.30345
2.30889
2.34387
2.32926
2.30667
2.30085
2.29509
2.28453
2.26781
2.26053
2.26325
1.22191
1.22191
1.22191
1.22191
1.22191
1.22191
1.22191
1.22191
1.22191
1.22191
1.22191
1.22191
1.22191
1.22191
1.22191
1.22191
1.22191
1.22191
1.22191
1.22191
1.22191
1.22191
1.22191
1.22191
1.22191
1.22191
1.22191
1.22191
1.22191
1.22191
1.22191
1.22191
1.22191
1.22191
1.22191
1.22191
1.22191
1.22191
1.22191
1.22191
1.22191
1.22191
1.22191
1.22191
1.22191
1.22191
1.22191
1.22191
1.22191
1.22191
1.22191
1.22191
1.22191
1.22191
1.22191
1.22191
1.22191
1.22193
1.22206
1.22388
1.23187
1.29647
1.5068
1.83391
2.13361
2.29641
2.36503
2.35194
2.32557
2.31441
2.30318
2.286
2.27084
2.26866
2.27198
1.22191
1.22191
1.22191
1.22191
1.22191
1.22191
1.22191
1.22191
1.22191
1.22191
1.22191
1.22191
1.22191
1.22191
1.22191
1.22191
1.22191
1.22191
1.22191
1.22191
1.22191
1.22191
1.22191
1.22191
1.22191
1.22191
1.22191
1.22191
1.22191
1.22191
1.22191
1.22191
1.22191
1.22191
1.22191
1.22191
1.22191
1.22191
1.22191
1.22191
1.22191
1.22191
1.22191
1.22191
1.22191
1.22191
1.22191
1.22191
1.22191
1.22191
1.22191
1.22191
1.22191
1.22191
1.22191
1.22191
1.22191
1.22191
1.22192
1.22201
1.2226
1.22973
1.25887
1.4718
1.86155
2.04952
2.24273
2.30761
2.33935
2.31876
2.30355
2.28844
2.27696
2.2785
2.27964
1.22191
1.22191
1.22191
1.22191
1.22191
1.22191
1.22191
1.22191
1.22191
1.22191
1.22191
1.22191
1.22191
1.22191
1.22191
1.22191
1.22191
1.22191
1.22191
1.22191
1.22191
1.22191
1.22191
1.22191
1.22191
1.22191
1.22191
1.22191
1.22191
1.22191
1.22191
1.22191
1.22191
1.22191
1.22191
1.22191
1.22191
1.22191
1.22191
1.22191
1.22191
1.22191
1.22191
1.22191
1.22191
1.22191
1.22191
1.22191
1.22191
1.22191
1.22191
1.22191
1.22191
1.22191
1.22191
1.22191
1.22191
1.22191
1.22191
1.22192
1.22195
1.22249
1.22525
1.26786
1.39602
1.73219
1.99812
2.21072
2.28674
2.28473
2.26915
2.26732
2.27258
2.28012
2.27854
1.22191
1.22191
1.22191
1.22191
1.22191
1.22191
1.22191
1.22191
1.22191
1.22191
1.22191
1.22191
1.22191
1.22191
1.22191
1.22191
1.22191
1.22191
1.22191
1.22191
1.22191
1.22191
1.22191
1.22191
1.22191
1.22191
1.22191
1.22191
1.22191
1.22191
1.22191
1.22191
1.22191
1.22191
1.22191
1.22191
1.22191
1.22191
1.22191
1.22191
1.22191
1.22191
1.22191
1.22191
1.22191
1.22191
1.22191
1.22191
1.22191
1.22191
1.22191
1.22191
1.22191
1.22191
1.22191
1.22191
1.22191
1.22191
1.22191
1.22191
1.22192
1.22195
1.2222
1.22595
1.24399
1.3656
1.65904
2.10776
2.1121
2.16848
2.20041
2.28139
2.27449
2.27497
2.27166
1.22191
1.22191
1.22191
1.22191
1.22191
1.22191
1.22191
1.22191
1.22191
1.22191
1.22191
1.22191
1.22191
1.22191
1.22191
1.22191
1.22191
1.22191
1.22191
1.22191
1.22191
1.22191
1.22191
1.22191
1.22191
1.22191
1.22191
1.22191
1.22191
1.22191
1.22191
1.22191
1.22191
1.22191
1.22191
1.22191
1.22191
1.22191
1.22191
1.22191
1.22191
1.22191
1.22191
1.22191
1.22191
1.22191
1.22191
1.22191
1.22191
1.22191
1.22191
1.22191
1.22191
1.22191
1.22191
1.22191
1.22191
1.22191
1.22191
1.22191
1.22191
1.22191
1.22193
1.22217
1.22373
1.24113
1.31957
1.58637
1.98671
2.22269
2.33895
2.3651
2.35199
2.30558
2.27504
1.22191
1.22191
1.22191
1.22191
1.22191
1.22191
1.22191
1.22191
1.22191
1.22191
1.22191
1.22191
1.22191
1.22191
1.22191
1.22191
1.22191
1.22191
1.22191
1.22191
1.22191
1.22191
1.22191
1.22191
1.22191
1.22191
1.22191
1.22191
1.22191
1.22191
1.22191
1.22191
1.22191
1.22191
1.22191
1.22191
1.22191
1.22191
1.22191
1.22191
1.22191
1.22191
1.22191
1.22191
1.22191
1.22191
1.22191
1.22191
1.22191
1.22191
1.22191
1.22191
1.22191
1.22191
1.22191
1.22191
1.22191
1.22191
1.22191
1.22191
1.22191
1.22191
1.22191
1.22193
1.22204
1.2235
1.23291
1.30512
1.61038
1.87644
2.10918
2.27688
2.25996
2.22553
2.24377
1.22191
1.22191
1.22191
1.22191
1.22191
1.22191
1.22191
1.22191
1.22191
1.22191
1.22191
1.22191
1.22191
1.22191
1.22191
1.22191
1.22191
1.22191
1.22191
1.22191
1.22191
1.22191
1.22191
1.22191
1.22191
1.22191
1.22191
1.22191
1.22191
1.22191
1.22191
1.22191
1.22191
1.22191
1.22191
1.22191
1.22191
1.22191
1.22191
1.22191
1.22191
1.22191
1.22191
1.22191
1.22191
1.22191
1.22191
1.22191
1.22191
1.22191
1.22191
1.22191
1.22191
1.22191
1.22191
1.22191
1.22191
1.22191
1.22191
1.22191
1.22191
1.22191
1.22191
1.22191
1.22192
1.22202
1.22281
1.23196
1.28464
1.50654
1.8705
2.26143
2.21942
2.21601
2.24631
1.22191
1.22191
1.22191
1.22191
1.22191
1.22191
1.22191
1.22191
1.22191
1.22191
1.22191
1.22191
1.22191
1.22191
1.22191
1.22191
1.22191
1.22191
1.22191
1.22191
1.22191
1.22191
1.22191
1.22191
1.22191
1.22191
1.22191
1.22191
1.22191
1.22191
1.22191
1.22191
1.22191
1.22191
1.22191
1.22191
1.22191
1.22191
1.22191
1.22191
1.22191
1.22191
1.22191
1.22191
1.22191
1.22191
1.22191
1.22191
1.22191
1.22191
1.22191
1.22191
1.22191
1.22191
1.22191
1.22191
1.22191
1.22191
1.22191
1.22191
1.22191
1.22191
1.22191
1.22191
1.22191
1.22192
1.22197
1.22272
1.22701
1.28754
1.44326
1.72771
2.08137
2.20533
2.26492
1.22191
1.22191
1.22191
1.22191
1.22191
1.22191
1.22191
1.22191
1.22191
1.22191
1.22191
1.22191
1.22191
1.22191
1.22191
1.22191
1.22191
1.22191
1.22191
1.22191
1.22191
1.22191
1.22191
1.22191
1.22191
1.22191
1.22191
1.22191
1.22191
1.22191
1.22191
1.22191
1.22191
1.22191
1.22191
1.22191
1.22191
1.22191
1.22191
1.22191
1.22191
1.22191
1.22191
1.22191
1.22191
1.22191
1.22191
1.22191
1.22191
1.22191
1.22191
1.22191
1.22191
1.22191
1.22191
1.22191
1.22191
1.22191
1.22191
1.22191
1.22191
1.22191
1.22191
1.22191
1.22191
1.22191
1.22192
1.22196
1.22234
1.22808
1.25499
1.39725
1.8461
2.13493
2.1961
1.22191
1.22191
1.22191
1.22191
1.22191
1.22191
1.22191
1.22191
1.22191
1.22191
1.22191
1.22191
1.22191
1.22191
1.22191
1.22191
1.22191
1.22191
1.22191
1.22191
1.22191
1.22191
1.22191
1.22191
1.22191
1.22191
1.22191
1.22191
1.22191
1.22191
1.22191
1.22191
1.22191
1.22191
1.22191
1.22191
1.22191
1.22191
1.22191
1.22191
1.22191
1.22191
1.22191
1.22191
1.22191
1.22191
1.22191
1.22191
1.22191
1.22191
1.22191
1.22191
1.22191
1.22191
1.22191
1.22191
1.22191
1.22191
1.22191
1.22191
1.22191
1.22191
1.22191
1.22191
1.22191
1.22191
1.22191
1.22192
1.22194
1.22231
1.22506
1.25123
1.39175
1.78611
2.13411
1.22191
1.22191
1.22191
1.22191
1.22191
1.22191
1.22191
1.22191
1.22191
1.22191
1.22191
1.22191
1.22191
1.22191
1.22191
1.22191
1.22191
1.22191
1.22191
1.22191
1.22191
1.22191
1.22191
1.22191
1.22191
1.22191
1.22191
1.22191
1.22191
1.22191
1.22191
1.22191
1.22191
1.22191
1.22191
1.22191
1.22191
1.22191
1.22191
1.22191
1.22191
1.22191
1.22191
1.22191
1.22191
1.22191
1.22191
1.22191
1.22191
1.22191
1.22191
1.22191
1.22191
1.22191
1.22191
1.22191
1.22191
1.22191
1.22191
1.22191
1.22191
1.22191
1.22191
1.22191
1.22191
1.22191
1.22191
1.22191
1.22191
1.22194
1.22215
1.22479
1.24665
1.39263
1.81742
1.22191
1.22191
1.22191
1.22191
1.22191
1.22191
1.22191
1.22191
1.22191
1.22191
1.22191
1.22191
1.22191
1.22191
1.22191
1.22191
1.22191
1.22191
1.22191
1.22191
1.22191
1.22191
1.22191
1.22191
1.22191
1.22191
1.22191
1.22191
1.22191
1.22191
1.22191
1.22191
1.22191
1.22191
1.22191
1.22191
1.22191
1.22191
1.22191
1.22191
1.22191
1.22191
1.22191
1.22191
1.22191
1.22191
1.22191
1.22191
1.22191
1.22191
1.22191
1.22191
1.22191
1.22191
1.22191
1.22191
1.22191
1.22191
1.22191
1.22191
1.22191
1.22191
1.22191
1.22191
1.22191
1.22191
1.22191
1.22191
1.22191
1.22191
1.22193
1.22212
1.22418
1.24511
1.47136
1.22191
1.22191
1.22191
1.22191
1.22191
1.22191
1.22191
1.22191
1.22191
1.22191
1.22191
1.22191
1.22191
1.22191
1.22191
1.22191
1.22191
1.22191
1.22191
1.22191
1.22191
1.22191
1.22191
1.22191
1.22191
1.22191
1.22191
1.22191
1.22191
1.22191
1.22191
1.22191
1.22191
1.22191
1.22191
1.22191
1.22191
1.22191
1.22191
1.22191
1.22191
1.22191
1.22191
1.22191
1.22191
1.22191
1.22191
1.22191
1.22191
1.22191
1.22191
1.22191
1.22191
1.22191
1.22191
1.22191
1.22191
1.22191
1.22191
1.22191
1.22191
1.22191
1.22191
1.22191
1.22191
1.22191
1.22191
1.22191
1.22191
1.22191
1.22191
1.22193
1.22209
1.22439
1.28585
1.22191
1.22191
1.22191
1.22191
1.22191
1.22191
1.22191
1.22191
1.22191
1.22191
1.22191
1.22191
1.22191
1.22191
1.22191
1.22191
1.22191
1.22191
1.22191
1.22191
1.22191
1.22191
1.22191
1.22191
1.22191
1.22191
1.22191
1.22191
1.22191
1.22191
1.22191
1.22191
1.22191
1.22191
1.22191
1.22191
1.22191
1.22191
1.22191
1.22191
1.22191
1.22191
1.22191
1.22191
1.22191
1.22191
1.22191
1.22191
1.22191
1.22191
1.22191
1.22191
1.22191
1.22191
1.22191
1.22191
1.22191
1.22191
1.22191
1.22191
1.22191
1.22191
1.22191
1.22191
1.22191
1.22191
1.22191
1.22191
1.22191
1.22191
1.22191
1.22191
1.22193
1.22222
1.23288
1.22191
1.22191
1.22191
1.22191
1.22191
1.22191
1.22191
1.22191
1.22191
1.22191
1.22191
1.22191
1.22191
1.22191
1.22191
1.22191
1.22191
1.22191
1.22191
1.22191
1.22191
1.22191
1.22191
1.22191
1.22191
1.22191
1.22191
1.22191
1.22191
1.22191
1.22191
1.22191
1.22191
1.22191
1.22191
1.22191
1.22191
1.22191
1.22191
1.22191
1.22191
1.22191
1.22191
1.22191
1.22191
1.22191
1.22191
1.22191
1.22191
1.22191
1.22191
1.22191
1.22191
1.22191
1.22191
1.22191
1.22191
1.22191
1.22191
1.22191
1.22191
1.22191
1.22191
1.22191
1.22191
1.22191
1.22191
1.22191
1.22191
1.22191
1.22191
1.22191
1.22191
1.22195
1.2234
1.22191
1.22191
1.22191
1.22191
1.22191
1.22191
1.22191
1.22191
1.22191
1.22191
1.22191
1.22191
1.22191
1.22191
1.22191
1.22191
1.22191
1.22191
1.22191
1.22191
1.22191
1.22191
1.22191
1.22191
1.22191
1.22191
1.22191
1.22191
1.22191
1.22191
1.22191
1.22191
1.22191
1.22191
1.22191
1.22191
1.22191
1.22191
1.22191
1.22191
1.22191
1.22191
1.22191
1.22191
1.22191
1.22191
1.22191
1.22191
1.22191
1.22191
1.22191
1.22191
1.22191
1.22191
1.22191
1.22191
1.22191
1.22191
1.22191
1.22191
1.22191
1.22191
1.22191
1.22191
1.22191
1.22191
1.22191
1.22191
1.22191
1.22191
1.22191
1.22191
1.22191
1.22192
1.2221
1.22191
1.22191
1.22191
1.22191
1.22191
1.22191
1.22191
1.22191
1.22191
1.22191
1.22191
1.22191
1.22191
1.22191
1.22191
1.22191
1.22191
1.22191
1.22191
1.22191
1.22191
1.22191
1.22191
1.22191
1.22191
1.22191
1.22191
1.22191
1.22191
1.22191
1.22191
1.22191
1.22191
1.22191
1.22191
1.22191
1.22191
1.22191
1.22191
1.22191
1.22191
1.22191
1.22191
1.22191
1.22191
1.22191
1.22191
1.22191
1.22191
1.22191
1.22191
1.22191
1.22191
1.22191
1.22191
1.22191
1.22191
1.22191
1.22191
1.22191
1.22191
1.22191
1.22191
1.22191
1.22191
1.22191
1.22191
1.22191
1.22191
1.22191
1.22191
1.22191
1.22191
1.22191
1.22193
1.22191
1.22191
1.22191
1.22191
1.22191
1.22191
1.22191
1.22191
1.22191
1.22191
1.22191
1.22191
1.22191
1.22191
1.22191
1.22191
1.22191
1.22191
1.22191
1.22191
1.22191
1.22191
1.22191
1.22191
1.22191
1.22191
1.22191
1.22191
1.22191
1.22191
1.22191
1.22191
1.22191
1.22191
1.22191
1.22191
1.22191
1.22191
1.22191
1.22191
1.22191
1.22191
1.22191
1.22191
1.22191
1.22191
1.22191
1.22191
1.22191
1.22191
1.22191
1.22191
1.22191
1.22191
1.22191
1.22191
1.22191
1.22191
1.22191
1.22191
1.22191
1.22191
1.22191
1.22191
1.22191
1.22191
1.22191
1.22191
1.22191
1.22191
1.22191
1.22191
1.22191
1.22191
1.22192
1.22191
1.22191
1.22191
1.22191
1.22191
1.22191
1.22191
1.22191
1.22191
1.22191
1.22191
1.22191
1.22191
1.22191
1.22191
1.22191
1.22191
1.22191
1.22191
1.22191
1.22191
1.22191
1.22191
1.22191
1.22191
1.22191
1.22191
1.22191
1.22191
1.22191
1.22191
1.22191
1.22191
1.22191
1.22191
1.22191
1.22191
1.22191
1.22191
1.22191
1.22191
1.22191
1.22191
1.22191
1.22191
1.22191
1.22191
1.22191
1.22191
1.22191
1.22191
1.22191
1.22191
1.22191
1.22191
1.22191
1.22191
1.22191
1.22191
1.22191
1.22191
1.22191
1.22191
1.22191
1.22191
1.22191
1.22191
1.22191
1.22191
1.22191
1.22191
1.22191
1.22191
1.22191
1.22191
1.22191
1.22191
1.22191
1.22191
1.22191
1.22191
1.22191
1.22191
1.22191
1.22191
1.22191
1.22191
1.22191
1.22191
1.22191
1.22191
1.22191
1.22191
1.22191
1.22191
1.22191
1.22191
1.22191
1.22191
1.22191
1.22191
1.22191
1.22191
1.22191
1.22191
1.22191
1.22191
1.22191
1.22191
1.22191
1.22191
1.22191
1.22191
1.22191
1.22191
1.22191
1.22191
1.22191
1.22191
1.22191
1.22191
1.22191
1.22191
1.22191
1.22191
1.22191
1.22191
1.22191
1.22191
1.22191
1.22191
1.22191
1.22191
1.22191
1.22191
1.22191
1.22191
1.22191
1.22191
1.22191
1.22191
1.22191
1.22191
1.22191
1.22191
1.22191
1.22191
1.22191
1.22191
1.22191
1.22191
1.22191
1.22191
1.22191
1.22191
1.22191
1.22191
1.22191
1.22191
1.22191
1.22191
1.22191
1.22191
1.22191
1.22191
1.22191
1.22191
1.22191
1.22191
1.22191
1.22191
1.22191
1.22191
1.22191
1.22191
1.22191
1.22191
1.22191
1.22191
1.22191
1.22191
1.22191
1.22191
1.22191
1.22191
1.22191
1.22191
1.22191
1.22191
1.22191
1.22191
1.22191
1.22191
1.22191
1.22191
1.22191
1.22191
1.22191
1.22191
1.22191
1.22191
1.22191
1.22191
1.22191
1.22191
1.22191
1.22191
1.22191
1.22191
1.22191
1.22191
1.22191
1.22191
1.22191
1.22191
1.22191
1.22191
1.22191
1.22191
1.22191
1.22191
1.22191
1.22191
1.22191
1.22191
1.22191
1.22191
1.22191
1.22191
1.22191
1.22191
1.22191
1.22191
1.22191
1.22191
1.22191
1.22191
1.22191
1.22191
1.22191
1.22191
1.22191
1.22191
1.22191
1.22191
1.22191
1.22191
1.22191
1.22191
1.22191
1.22191
1.22191
1.22191
1.22191
1.22191
1.22191
1.22191
1.22191
1.22191
1.22191
1.22191
1.22191
1.22191
1.22191
1.22191
1.22191
1.22191
1.22191
1.22191
1.22191
1.22191
1.22191
1.22191
1.22191
1.22191
1.22191
1.22191
1.22191
1.22191
1.22191
1.22191
1.22191
1.22191
1.22191
1.22191
1.22191
1.22191
1.22191
1.22191
1.22191
1.22191
1.22191
1.22191
1.22191
1.22191
1.22191
1.22191
1.22191
1.22191
1.22191
1.22191
1.22191
1.22191
1.22191
1.22191
1.22191
1.22191
1.22191
1.22191
1.22191
1.22191
1.22191
1.22191
1.22191
1.22191
1.22191
1.22191
1.22191
1.22191
1.22191
1.22191
1.22191
1.22191
1.22191
1.22191
1.22191
1.22191
1.22191
1.22191
1.22191
1.22191
1.22191
1.22191
1.22191
1.22191
1.22191
1.22191
1.22191
1.22191
1.22191
1.22191
1.22191
1.22191
1.22191
1.22191
1.22191
1.22191
1.22191
1.22191
1.22191
1.22191
1.22191
1.22191
1.22191
1.22191
1.22191
1.22191
1.22191
1.22191
1.22191
1.22191
1.22191
1.22191
1.22191
1.22191
1.22191
1.22191
1.22191
1.22191
1.22191
1.22191
1.22191
1.22191
1.22191
1.22191
1.22191
1.22191
1.22191
1.22191
1.22191
1.22191
1.22191
1.22191
1.22191
1.22191
1.22191
1.22191
1.22191
1.22191
1.22191
1.22191
1.22191
1.22191
1.22191
1.22191
1.22191
1.22191
1.22191
1.22191
1.22191
1.22191
1.22191
1.22191
1.22191
1.22191
1.22191
1.22191
1.22191
1.22191
1.22191
1.22191
1.22191
1.22191
1.22191
1.22191
1.22191
1.22191
1.22191
1.22191
1.22191
1.22191
1.22191
1.22191
1.22191
1.22191
1.22191
1.22191
1.22191
1.22191
1.22191
1.22191
1.22191
1.22191
1.22191
1.22191
1.22191
1.22191
1.22191
1.22191
1.22191
1.22191
1.22191
1.22191
1.22191
1.22191
1.22191
1.22191
1.22191
1.22191
1.22191
1.22191
1.22191
1.22191
1.22191
1.22191
1.22191
1.22191
1.22191
1.22191
1.22191
1.22191
1.22191
1.22191
1.22191
1.22191
1.22191
1.22191
1.22191
1.22191
1.22191
1.22191
1.22191
1.22191
1.22191
1.22191
1.22191
1.22191
1.22191
1.22191
1.22191
1.22191
1.22191
1.22191
1.22191
1.22191
1.22191
1.22191
1.22191
1.22191
1.22191
1.22191
1.22191
1.22191
1.22191
1.22191
1.22191
1.22191
1.22191
1.22191
1.22191
1.22191
1.22191
1.22191
1.22191
1.22191
1.22191
1.22191
1.22191
1.22191
1.22191
1.22191
1.22191
1.22191
1.22191
1.22191
1.22191
1.22191
1.22191
1.22191
1.22191
1.22191
1.22191
1.22191
1.22191
1.22191
1.22191
1.22191
1.22191
1.22191
1.22191
1.22191
1.22191
1.22191
1.22191
1.22191
1.22191
1.22191
1.22191
1.22191
1.22191
1.22191
1.22191
1.22191
1.22191
1.22191
1.22191
1.22191
1.22191
1.22191
1.22191
1.22191
1.22191
1.22191
1.22191
1.22191
1.22191
1.22191
1.22191
1.22191
1.22191
1.22191
1.22191
1.22191
1.22191
1.22191
1.22191
1.22191
1.22191
1.22191
1.22191
1.22191
1.22191
1.22191
1.22191
1.22191
1.22191
1.22191
1.22191
1.22191
1.22191
1.22191
1.22191
1.22191
1.22191
1.22191
1.22191
1.22191
1.22191
1.22191
1.22191
1.22191
1.22191
1.22191
1.22191
1.22191
1.22191
1.22191
1.22191
1.22191
1.22191
1.22191
1.22191
1.22191
1.22191
1.22191
1.22191
1.22191
1.22191
1.22191
1.22191
1.22191
1.22191
1.22191
1.22191
1.22191
1.22191
1.22191
1.22191
1.22191
1.22191
1.22191
1.22191
1.22191
1.22191
1.22191
1.22191
1.22191
1.22191
1.22191
1.22191
1.22191
1.22191
1.22191
1.22191
1.22191
1.22191
1.22191
1.22191
1.22191
1.22191
1.22191
1.22191
1.22191
1.22191
1.22191
1.22191
1.22191
1.22191
1.22191
1.22191
1.22191
1.22191
1.22191
1.22191
1.22191
1.22191
1.22191
1.22191
1.22191
1.22191
1.22191
1.22191
1.22191
1.22191
1.22191
1.22191
1.22191
1.22191
1.22191
1.22191
1.22191
1.22191
1.22191
1.22191
1.22191
1.22191
1.22191
1.22191
1.22191
1.22191
1.22191
1.22191
1.22191
1.22191
1.22191
1.22191
1.22191
1.22191
1.22191
1.22191
1.22191
1.22191
1.22191
1.22191
1.22191
1.22191
1.22191
1.22191
1.22191
1.22191
1.22191
1.22191
1.22191
1.22191
1.22191
1.22191
1.22191
1.22191
1.22191
1.22191
1.22191
1.22191
1.22191
1.22191
1.22191
1.22191
1.22191
1.22191
1.22191
1.22191
1.22191
1.22191
1.22191
1.22191
1.22191
1.22191
1.22191
1.22191
1.22191
1.22191
1.22191
1.22191
1.22191
1.22191
1.22191
1.22191
1.22191
1.22191
1.22191
1.22191
1.22191
1.22191
1.22191
1.22191
1.22191
1.22191
1.22191
1.22191
1.22191
1.22191
1.22191
1.22191
1.22191
1.22191
1.22191
1.22191
1.22191
1.22191
1.22191
1.22191
1.22191
1.22191
1.22191
1.22191
1.22191
1.22191
1.22191
1.22191
1.22191
1.22191
1.22191
1.22191
1.22191
1.22191
1.22191
1.22191
1.22191
1.22191
1.22191
1.22191
1.22191
1.22191
1.22191
1.22191
1.22191
1.22191
1.22191
1.22191
1.22191
1.22191
1.22191
1.22191
1.22191
1.22191
1.22191
1.22191
1.22191
1.22191
1.22191
1.22191
1.22191
1.22191
1.22191
1.22191
1.22191
1.22191
1.22191
1.22191
1.22191
1.22191
1.22191
1.22191
1.22191
1.22191
1.22191
1.22191
1.22191
1.22191
1.22191
1.22191
1.22191
1.22191
1.22191
1.22191
1.22191
1.22191
1.22191
1.22191
1.22191
1.22191
1.22191
1.22191
1.22191
1.22191
1.22191
1.22191
1.22191
1.22191
1.22191
1.22191
1.22191
1.22191
1.22191
1.22191
1.22191
1.22191
1.22191
1.22191
1.22191
1.22191
1.22191
1.22191
1.22191
1.22191
1.22191
1.22191
1.22191
1.22191
1.22191
1.22191
1.22191
1.22191
1.22191
1.22191
1.22191
1.22191
1.22191
1.22191
1.22191
1.22191
1.22191
1.22191
1.22191
1.22191
1.22191
1.22191
1.22191
1.22191
1.22191
1.22191
1.22191
1.22191
1.22191
1.22191
1.22191
1.22191
1.22191
1.22191
1.22191
1.22191
1.22191
1.22191
1.22191
1.22191
1.22191
1.22191
1.22191
1.22191
1.22191
1.22191
1.22191
1.22191
1.22191
1.22191
1.22191
1.22191
1.22191
1.22191
1.22191
1.22191
1.22191
1.22191
1.22191
1.22191
1.22191
1.22191
1.22191
1.22191
1.22191
1.22191
1.22191
1.22191
1.22191
1.22191
1.22191
1.22191
1.22191
1.22191
1.22191
1.22191
1.22191
1.22191
1.22191
1.22191
1.22191
1.22191
1.22191
1.22191
1.22191
1.22191
1.22191
1.22191
1.22191
1.22191
1.22191
1.22191
1.22191
1.22191
1.22191
1.22191
1.22191
1.22191
1.22191
1.22191
1.22191
1.22191
1.22191
1.22191
1.22191
1.22191
1.22191
1.22191
1.22191
1.22191
1.22191
1.22191
1.22191
1.22191
1.22191
1.22191
1.22191
1.22191
1.22191
1.22191
1.22191
1.22191
1.22191
1.22191
1.22191
1.22191
1.22191
1.22191
1.22191
1.22191
1.22191
1.22191
1.22191
1.22191
1.22191
1.22191
1.22191
1.22191
1.22191
1.22191
1.22191
1.22191
1.22191
1.22191
1.22191
1.22191
1.22191
1.22191
1.22191
1.22191
1.22191
1.22191
1.22191
1.22191
1.22191
1.22191
1.22191
1.22191
1.22191
1.22191
1.22191
1.22191
1.22191
1.22191
1.22191
1.22191
1.22191
1.22191
1.22191
1.22191
1.22191
1.22191
1.22191
1.22191
1.22191
1.22191
1.22191
1.22191
1.22191
1.22191
1.22191
1.22191
1.22191
1.22191
1.22191
1.22191
1.22191
1.22191
1.22191
1.22191
1.22191
1.22191
1.22191
1.22191
1.22191
1.22191
1.22191
1.22191
1.22191
1.22191
1.22191
1.22191
1.22191
1.22191
1.22191
1.22191
1.22191
1.22191
1.22191
1.22191
1.22191
1.22191
1.22191
1.22191
1.22191
1.22191
1.22191
1.22191
1.22191
1.22191
1.22191
1.22191
1.22191
1.22191
1.22191
1.22191
1.22191
1.22191
1.22191
1.22191
1.22191
1.22191
1.22191
1.22191
1.22191
1.22191
1.22191
1.22191
1.22191
1.22191
1.22191
1.22191
1.22191
1.22191
1.22191
1.22191
1.22191
1.22191
1.22191
1.22191
1.22191
1.22191
1.22191
1.22191
1.22191
1.22191
1.22191
1.22191
1.22191
1.22191
1.22191
1.22191
1.22191
1.22191
1.22191
1.22191
1.22191
1.22191
1.22191
1.22191
1.22191
1.22191
1.22191
1.22191
1.22191
1.22191
1.22191
1.22191
1.22191
1.22191
1.22191
1.22191
1.22191
1.22191
1.22191
1.22191
1.22191
1.22191
1.22191
1.22191
1.22191
1.22191
1.22191
1.22191
1.22191
1.22191
1.22191
1.22191
1.22191
1.22191
1.22191
1.22191
1.22191
1.22191
1.22191
1.22191
1.22191
1.22191
1.22191
1.22191
1.22191
1.22191
1.22191
1.22191
1.22191
1.22191
1.22191
1.22191
1.22191
1.22191
1.22191
1.22191
1.22191
1.22191
1.22191
1.22191
1.22191
1.22191
1.22191
1.22191
1.22191
1.22191
1.22191
1.22191
1.22191
1.22191
1.22191
1.22191
1.22191
1.22191
1.22191
1.22191
1.22191
1.22191
1.22191
1.22191
1.22191
1.22191
1.22191
1.22191
1.22191
1.22191
1.22191
1.22191
1.22191
1.22191
1.22191
1.22191
1.22191
1.22191
1.22191
1.22191
1.22191
1.22191
1.22191
1.22191
1.22191
1.22191
1.22191
1.22191
1.22191
1.22191
1.22191
1.22191
1.22191
1.22191
1.22191
1.22191
1.22191
1.22191
1.22191
1.22191
1.22191
1.22191
1.22191
1.22191
1.22191
1.22191
1.22191
1.22191
1.22191
1.22191
1.22191
1.22191
1.22191
1.22191
1.22191
1.22191
1.22191
1.22191
1.22191
1.22191
1.22191
1.22191
1.22191
1.22191
1.22191
1.22191
1.22191
1.22191
1.22191
1.22191
1.22191
1.22191
1.22191
1.22191
1.22191
1.22191
1.22191
1.22191
1.22191
1.22191
1.22191
1.22191
1.22191
1.22191
1.22191
1.22191
1.22191
1.22191
1.22191
1.22191
1.22191
1.22191
1.22191
1.22191
1.22191
1.22191
1.22191
1.22191
1.22191
1.22191
1.22191
1.22191
1.22191
1.22191
1.22191
1.22191
1.22191
1.22191
1.22191
1.22191
1.22191
1.22191
1.22191
1.22191
1.22191
1.22191
1.22191
1.22191
1.22191
1.22191
1.22191
1.22191
1.22191
1.22191
1.22191
1.22191
1.22191
1.22191
1.22191
1.22191
1.22191
1.22191
1.22191
1.22191
1.22191
1.22191
1.22191
1.22191
1.22191
1.22191
1.22191
1.22191
1.22191
1.22191
1.22191
1.22191
1.22191
1.22191
1.22191
1.22191
1.22191
1.22191
1.22191
1.22191
)
;

boundaryField
{
    inlet
    {
        type            calculated;
        value           uniform 1.22191;
    }
    outlet
    {
        type            calculated;
        value           nonuniform List<scalar> 
75
(
2.31497
2.31229
2.30739
2.29857
2.28897
2.28053
2.27491
2.27258
2.27106
2.26982
2.26635
2.26318
2.26184
2.2617
2.26217
2.2627
2.26426
2.26854
2.27281
2.27487
2.27603
2.27641
2.27613
2.27625
2.27585
2.2752
2.27453
2.27356
2.27215
2.27072
2.27013
2.27043
2.27153
2.27172
2.26854
2.2643
2.26133
2.2584
2.26325
2.27198
2.27964
2.27854
2.27166
2.27504
2.24377
2.24631
2.26492
2.1961
2.13411
1.81742
1.47136
1.28585
1.23288
1.2234
1.2221
1.22193
1.22192
1.22191
1.22191
1.22191
1.22191
1.22191
1.22191
1.22191
1.22191
1.22191
1.22191
1.22191
1.22191
1.22191
1.22191
1.22191
1.22191
1.22191
1.22191
)
;
    }
    bottom
    {
        type            symmetryPlane;
    }
    top
    {
        type            symmetryPlane;
    }
    obstacle
    {
        type            calculated;
        value           nonuniform List<scalar> 
75
(
1.45786
1.83999
2.08769
2.53096
2.63196
2.6116
2.58338
2.5303
2.36819
2.36043
2.34545
2.30311
2.27864
2.27827
2.29065
2.31051
2.31187
2.30455
2.28465
2.26671
2.26025
2.26548
2.28216
2.30556
2.32845
2.3289
2.325
2.31859
2.31113
2.30152
2.29043
2.27776
2.2739
2.27151
2.26753
2.26419
2.26466
2.26653
2.26972
2.27393
2.27858
2.28173
2.28154
2.28078
2.27961
2.27876
2.2779
2.27803
2.27823
2.27892
2.27972
2.27914
2.27676
2.27209
2.26556
2.25747
2.24835
2.23954
2.23292
2.22979
2.23267
2.2391
2.24605
2.25295
2.26141
2.27175
2.28268
2.29319
2.30204
2.30886
2.31397
2.31693
2.31835
2.31822
2.31497
)
;
    }
    defaultFaces
    {
        type            empty;
    }
}


// ************************************************************************* //
