/*--------------------------------*- C++ -*----------------------------------*\
| =========                 |                                                 |
| \\      /  F ield         | OpenFOAM: The Open Source CFD Toolbox           |
|  \\    /   O peration     | Version:  v1812                                 |
|   \\  /    A nd           | Web:      www.OpenFOAM.com                      |
|    \\/     M anipulation  |                                                 |
\*---------------------------------------------------------------------------*/
FoamFile
{
    version     2.0;
    format      ascii;
    class       volScalarField;
    location    "0.002";
    object      p;
}
// * * * * * * * * * * * * * * * * * * * * * * * * * * * * * * * * * * * * * //

dimensions      [1 -1 -2 0 0 0 0];


internalField   nonuniform List<scalar> 
8475
(
101350
101350
101350
101350
101350
101350
101350
101350
101350
101350
101350
101350
101350
101350
101350
101350
101350
101350
101350
101350
101350
101350
101350
101350
101350
101350
101350
101350
101350
101350
101350
101350
101350
101350
101350
101350
101358
101865
101350
101350
101350
101350
101350
101350
101350
101350
101350
101350
101350
101350
101350
101350
101350
101350
101350
101350
101350
101350
101350
101350
101350
101350
101350
101350
101350
101350
101350
101350
101350
101350
101350
101350
101350
101350
101353
101474
101350
101350
101350
101350
101350
101350
101350
101350
101350
101350
101350
101350
101350
101350
101350
101350
101350
101350
101350
101350
101350
101350
101350
101350
101350
101350
101350
101350
101350
101350
101350
101350
101350
101350
101350
101350
101350
101367
101350
101350
101350
101350
101350
101350
101350
101350
101350
101350
101350
101350
101350
101350
101350
101350
101350
101350
101350
101350
101350
101350
101350
101350
101350
101350
101350
101350
101350
101350
101350
101350
101350
101350
101350
101350
101350
101351
101350
101350
101350
101350
101350
101350
101350
101350
101350
101350
101350
101350
101350
101350
101350
101350
101350
101350
101350
101350
101350
101350
101350
101350
101350
101350
101350
101350
101350
101350
101350
101350
101350
101350
101350
101350
101350
101350
101350
101350
101350
101350
101350
101350
101350
101350
101350
101350
101350
101350
101350
101350
101350
101350
101350
101350
101350
101350
101350
101350
101350
101350
101350
101350
101350
101350
101350
101350
101350
101350
101350
101350
101350
101350
101350
101350
101350
101350
101350
101350
101350
101350
101350
101350
101350
101350
101350
101350
101350
101350
101350
101350
101350
101350
101350
101350
101350
101350
101350
101350
101350
101350
101350
101350
101350
101350
101350
101350
101350
101350
101350
101350
101350
101350
101350
101350
101350
101350
101350
101350
101350
101350
101350
101350
101350
101350
101350
101350
101350
101350
101350
101350
101350
101350
101350
101350
101350
101350
101350
101350
101350
101350
101350
101350
101350
101350
101350
101350
101350
101350
101350
101350
101350
101350
101350
101350
101350
101350
101350
101350
101350
101350
101350
101350
101350
101350
101350
101350
101350
101350
101350
101350
101350
101350
101350
101350
101350
101350
101350
101350
101350
101350
101350
101350
101350
101350
101350
101350
101350
101350
101350
101350
101350
101350
101350
101350
101350
101350
101350
101350
101350
101350
101350
101350
101350
101350
101350
101350
101350
101350
101350
101350
101350
101350
101350
101350
101350
101350
101350
101350
101350
101350
101350
101350
101350
101350
101350
101350
101350
101350
101350
101350
101350
101350
101350
101350
101350
101350
101350
101350
101350
101350
101350
101350
101350
101350
101350
101350
101350
101350
101350
101350
101350
101350
101350
101350
101350
101350
101350
101350
101350
101350
101350
101350
101350
101350
101350
101350
101350
101350
101350
101350
101350
101350
101350
101350
101350
101350
101350
101350
101350
101350
101350
101350
101350
101350
101350
101350
101350
101350
101350
101350
101350
101350
101350
101350
101350
101350
101350
101350
101350
101350
101350
101350
101350
101350
101350
101350
101350
101350
101350
101350
101350
101350
101350
101350
101350
101350
101350
101350
101350
101350
101350
101350
101350
101350
101350
101350
101350
101350
101350
101350
101350
101350
101350
101350
101350
101350
101350
101350
101350
101350
101350
101350
101350
101350
101350
101350
101350
101350
101350
101350
101350
101350
101350
101350
101350
101350
101350
101350
101350
101350
101350
101350
101350
101350
101350
101350
101350
101350
101350
101350
101350
101350
101350
101350
101350
101350
101350
101350
101350
101350
101350
101350
101350
101350
101350
101350
101350
101350
101350
101350
101350
101350
101350
101350
101350
101350
101350
101350
101350
101350
101350
101350
101350
101350
101350
101350
101350
101350
101350
101350
101350
101350
101350
101350
101350
101350
101350
101350
101350
101350
101350
101350
101350
101350
101350
101350
101350
101350
101350
101350
101350
101350
101350
101350
101350
101350
101350
101350
101350
101350
101350
101350
101350
101350
101350
101350
101350
101350
101350
101350
101350
101350
101350
101350
101350
101350
101350
101350
101350
101350
101350
101350
101350
101350
101350
101350
101350
101350
101350
101350
101350
101350
101350
101350
101350
101350
101350
101350
101350
101350
101350
101350
101350
101350
101350
101350
101350
101350
101350
101350
101350
101350
101350
101350
101350
101350
101350
101350
101350
101350
101350
101350
101350
101350
101350
101350
101350
101350
101350
101350
101350
101350
101350
101350
101350
101350
101350
101350
101350
101350
101350
101350
101350
101350
101350
101350
101350
101350
101350
101350
101350
101350
101350
101350
101350
101350
101350
101350
101350
101350
101350
101350
101350
101350
101350
101350
101350
101350
101350
101350
101350
101350
101350
101350
101350
101350
101350
101350
101350
101350
101350
101350
101350
101350
101350
101350
101350
101350
101350
101350
101350
101350
101350
101350
101350
101350
101350
101350
101350
101350
101350
101350
101350
101350
101350
101350
101350
101350
101350
101350
101350
101350
101350
101350
101350
101350
101350
101350
101350
101350
101350
101350
101350
101350
101350
101350
101350
101350
101350
101350
101350
101350
101350
101350
101350
101350
101350
101350
101350
101350
101350
101350
101350
101350
101350
101350
101350
101350
101350
101350
101350
101350
101350
101350
101350
101350
101350
101350
101350
101350
101350
101350
101350
101350
101350
101350
101350
101350
101350
101350
101350
101350
101350
101350
101350
101350
101350
101350
101350
101350
101350
101350
101350
101350
101350
101350
101350
101350
101350
101350
101350
101350
101350
101350
101350
101350
101350
101350
101350
101350
101350
101350
101350
101350
101350
101350
101350
101350
101350
101350
101350
101350
101350
101350
101350
101350
101350
101350
101350
101350
101350
101350
101350
101350
101350
101350
101350
101350
101350
101350
101350
101350
101350
101350
101350
101350
101350
101350
101350
101350
101350
101350
101350
101350
101350
101350
101350
101350
101350
101350
101350
101350
101350
101350
101350
101350
101350
101350
101350
101350
101350
101350
101350
101350
101350
101350
101350
101350
101350
101350
101350
101350
101350
101350
101350
101350
101350
101350
101350
101350
101350
101350
101350
101350
101350
101350
101350
101350
101350
101350
101350
101350
101350
101350
101350
101350
101350
101350
101350
101350
101350
101350
101350
101350
101350
101350
101350
101350
101350
101350
101350
101350
101350
101350
101350
101350
101350
101350
101350
101350
101350
101350
101350
101350
101350
101350
101350
101350
101350
101350
101350
101350
101350
101350
101350
101350
101350
101350
101350
101350
101350
101350
101350
101350
101350
101350
101350
101350
101350
101350
101350
101350
101350
101350
101350
101350
101350
101350
101350
101350
101350
101350
101350
101350
101350
101350
101350
101350
101350
101350
101350
101350
101350
101350
101350
101350
101350
101350
101350
101350
101350
101350
101350
101350
101350
101350
101350
101350
101350
101350
101350
101350
101350
101350
101350
101350
101350
101350
101350
101350
101350
101350
101350
101350
101350
101350
101350
101350
101350
101350
101350
101350
101350
101350
101350
101350
101350
101350
101350
101350
101350
101350
101350
101350
101350
101350
101350
101350
101350
101350
101350
101350
101350
101350
101350
101350
101350
101350
101350
101350
101350
101350
101350
101350
101350
101350
101350
101350
101350
101350
101350
101350
101350
101350
101350
101350
101350
101350
101350
101350
101350
101350
101350
101350
101350
101350
101350
101350
101350
101350
101350
101350
101350
101350
101350
101350
101350
101350
101350
101350
101350
101350
101350
101350
101350
101350
101350
101350
101350
101350
101350
101350
101350
101350
101350
101350
101350
101350
101350
101350
101350
101350
101350
101350
101350
101350
101350
101350
101350
101350
101350
101350
101350
101350
101350
101350
101350
101350
101350
101350
101350
101350
101350
101350
101350
101350
101350
101350
101350
101350
101350
101350
101350
101350
101350
101350
101350
101350
101350
101350
101350
101350
101350
101350
101350
101350
101350
101350
101350
101350
101350
101350
101350
101350
101350
101350
101350
101350
101350
101350
101350
101350
101350
101350
101350
101350
101350
101350
101350
101350
101350
101350
101350
101350
101350
101350
101350
101350
101350
101350
101350
101350
101350
101350
101350
101350
101350
101350
101350
101350
101350
101350
101350
101350
101350
101350
101350
101350
101350
101350
101350
101350
101350
101350
101350
101350
101350
101350
101350
101350
101350
101350
101350
101350
101350
101350
101350
101350
101350
101350
101350
101350
101350
101350
101350
101350
101350
101350
101350
101350
101350
101350
101350
101350
101350
101350
101350
101350
101350
101350
101350
101350
101350
101350
101350
101350
101350
101350
101350
101350
101350
101350
101350
101350
101350
101350
101350
101350
101350
101350
101350
101350
101350
101350
101350
101350
101350
101350
101350
101350
101350
101350
101350
101350
101350
101350
101350
101350
101350
101350
101350
101350
101350
101350
101350
101350
101350
101350
101350
101350
101350
101350
101350
101350
101350
101350
101350
101350
101350
101350
101350
101350
101350
101350
101350
101350
101350
101350
101350
101350
101350
101350
101350
101350
101350
101350
101350
101350
101350
101350
101350
101350
101350
101350
101350
101350
101350
101350
101350
101350
101350
101350
101350
101350
101350
101350
101350
101350
101350
101350
101350
101350
101350
101350
101350
101350
101350
101350
101350
101350
101350
101350
101350
101350
101350
101350
101350
101350
101350
101350
101350
101350
101350
101350
101350
101350
101350
101350
101350
101350
101350
101350
101350
101350
101350
101350
101350
101350
101350
101350
101350
101350
101350
101350
101350
101350
101350
101350
101350
101350
101350
101350
101350
101350
101350
101350
101350
101350
101350
101350
101350
101350
101350
101350
101350
101350
101350
101350
101350
101350
101350
101350
101350
101350
101350
101350
101350
101350
101350
101350
101350
101350
101350
101350
101350
101350
101350
101350
101350
101350
101350
101350
101350
101350
101350
101350
101350
101350
101350
101350
101350
101350
101350
101350
101350
101350
101350
101350
101350
101350
101350
101350
101350
101350
101350
101350
101350
101350
101350
101350
101350
101350
101350
101350
101350
101350
101350
101350
101350
101350
101350
101350
101350
101350
101350
101350
101350
101350
101350
101350
101350
101350
101350
101350
101350
101350
101350
101350
101350
101350
101350
101350
101350
101350
101350
101350
101350
101350
101350
101350
101350
101350
101350
101350
101350
101350
101350
101350
101350
101350
101350
101350
101350
101350
101350
101350
101350
101350
101350
101350
101350
101350
101350
101350
101350
101350
101350
101350
101350
101350
101350
101350
101350
101350
101350
101350
101350
101350
101350
101350
101350
101350
101350
101350
101350
101350
101350
101350
101350
101350
101350
101350
101350
101350
101350
101350
101350
101350
101350
101350
101350
101350
101350
101350
101350
101350
101350
101350
101350
101350
101350
101350
101350
101350
101350
101350
101350
101350
101350
101350
101350
101350
101350
101350
101350
101350
101350
101350
101350
101350
101350
101350
101350
101350
101350
101350
101350
101350
101350
101350
101350
101350
101350
101350
101350
101350
101350
101350
101350
101350
101350
101350
101350
101350
101350
101350
101350
101350
101350
101350
101350
101350
101350
101350
101350
101350
101350
101350
101350
101350
101350
101350
101350
101350
101350
101350
101350
101350
101350
101350
101350
101350
101350
101350
101350
101350
101350
101350
101350
101350
101350
101350
101350
101350
101350
101350
101350
101350
101350
101350
101350
101350
101350
101350
101350
101350
101350
101350
101350
101350
101350
101350
101350
101350
101350
101350
101350
101350
101350
101350
101350
101350
101350
101350
101350
101350
101350
101350
101350
101350
101350
101350
101350
101350
101350
101350
101350
101350
101350
101350
101350
101350
101350
101350
101350
101350
101350
101350
101350
101350
101350
101350
101350
101350
101350
101350
101350
101350
101350
101350
101350
101350
101350
101350
101350
101350
101350
101350
101350
101350
101350
101350
101350
101350
101350
101350
101350
101350
101350
101350
101350
101350
101350
101350
101350
101350
101350
101350
101350
101350
101350
101350
101350
101350
101350
101350
101350
101350
101350
101350
101350
101350
101350
101350
101350
101350
101350
101350
101350
101350
101350
101350
101350
101350
101350
101350
101350
101350
101350
101350
101350
101350
101350
101350
101350
101350
101350
101350
101350
101350
101350
101350
101350
101350
101350
101350
101350
101350
101350
101350
101350
101350
101350
101350
101350
101350
101350
101350
101350
101350
101350
101350
101350
101350
101350
101350
101350
101350
101350
101350
101350
101350
101350
101350
101350
101350
101350
101350
101350
101350
101350
101350
101350
101350
101350
101350
101350
101350
101350
101350
101350
101350
101350
101350
101350
101350
101350
101350
101350
101350
101350
101350
101350
101350
101350
101350
101350
101350
101350
101350
101350
101350
101350
101350
101350
101350
101350
101350
101350
101350
101350
101350
101350
101350
101350
101350
101350
101350
101350
101350
101350
101350
101350
101350
101350
101350
101350
101350
101350
101350
101350
101350
101350
101350
101350
101350
101350
101350
101350
101350
101350
101350
101350
101350
101350
101350
101350
101350
101350
101350
101350
101350
101350
101350
101350
101350
101350
101350
101350
101350
101350
101350
101350
101350
101350
101350
101350
101350
101350
101350
101350
101350
101350
101350
101350
101350
101350
101350
101350
101350
101350
101350
101350
101350
101350
101350
101350
101350
101350
101350
101350
101350
101350
101350
101350
101350
101350
101350
101350
101350
101350
101350
101350
101350
101350
101350
101350
101350
101350
101350
101350
101350
101350
101350
101350
101350
101350
101350
101350
101350
101350
101350
101350
101350
101350
101350
101350
101350
101350
101350
101350
101350
101350
101350
101350
101350
101350
101350
101350
101350
101350
101350
101350
101350
101350
101350
101350
101350
101350
101350
101350
101350
101350
101350
101350
101350
101350
101350
101350
101350
101350
101350
101350
101350
101350
101350
101350
101350
101350
101350
101350
101350
101350
101350
101350
101350
101350
101350
101350
101350
101350
101350
101350
101350
101350
101350
101350
101350
101350
101350
101350
101350
101350
101350
101350
101350
101350
101350
101350
101350
101350
101350
101350
101350
101350
101350
101350
101350
101350
101350
101350
101350
101350
101350
101350
101350
101350
101350
101350
101350
101350
101350
101350
101350
101350
101350
101350
101350
101350
101350
101350
101350
101350
101350
101350
101350
101350
101350
101350
101350
101350
101350
101350
101350
101350
101350
101350
101350
101350
101350
101350
101350
101350
101350
101350
101350
101350
101350
101350
101350
101350
101350
101350
101350
101350
101350
101350
101350
101350
101350
101350
101350
101350
101350
101350
101350
101350
101350
101350
101350
101350
101350
101350
101350
101350
101350
101350
101350
101350
101350
101350
101350
101350
101350
101350
101350
101350
101350
101350
101350
101350
101350
101350
101350
101350
101350
101350
101350
101350
101350
101350
101350
101350
101350
101350
101350
101350
101350
101350
101350
101350
101350
101350
101350
101350
101350
101350
101350
101350
101350
101350
101350
101350
101350
101350
101350
101350
101350
101350
101350
101350
101350
101350
101350
101350
101350
101350
101350
101350
101350
101350
101350
101350
101350
101350
101350
101350
101350
101350
101350
101350
101350
101350
101350
101350
101350
101350
101350
101350
101350
101350
101350
101350
101350
101350
101350
101350
101350
101350
101350
101350
101350
101350
101350
101350
101350
101350
101350
101350
101350
101350
101350
101350
101350
101350
101350
101350
101350
101350
101350
101350
101350
101350
101350
101350
101350
101350
101350
101350
101350
101350
101350
101350
101350
101350
101350
101350
101350
101350
101350
101350
101350
101350
101350
101350
101350
101350
101350
101350
101350
101350
101350
101350
101350
101350
101350
101350
101350
101350
101350
101350
101350
101350
101350
101350
101350
101350
101350
101350
101350
101350
101350
101350
101350
101350
101350
101350
101350
101350
101350
101350
101350
101350
101350
101350
101350
101350
101350
101350
101350
101350
101350
101350
101350
101350
101350
101350
101350
101350
101350
101350
101350
101350
101350
101350
101350
101350
101350
101350
101350
101350
101350
101350
101350
101350
101350
101350
101350
101350
101350
101350
101350
101350
101350
101350
101350
101350
101350
101350
101350
101350
101350
101350
101350
101350
101350
101350
101350
101350
101350
101350
101350
101350
101350
101350
101350
101350
101350
101350
101350
101350
101350
101350
101350
101350
101350
101350
101350
101350
101350
101350
101350
101350
101350
101350
101350
101350
101350
101350
101350
101350
101350
101350
101350
101350
101350
101350
101350
101350
101350
101350
101350
101350
101350
101350
101350
101350
101350
101350
101350
101350
101350
101350
101350
101350
101350
101350
101350
101350
101350
101350
101350
101350
101350
101350
101350
101350
101350
101350
101350
101350
101350
101350
101350
101350
101350
101350
101350
101350
101350
101350
101350
101350
101350
101350
101350
101350
101350
101350
101350
101350
101350
101350
101350
101350
101350
101350
101350
101350
101350
101350
101350
101350
101350
101350
101350
101350
101350
101350
101350
101350
101350
101350
101350
101350
101350
101350
101350
101350
101350
101350
101350
101350
101350
101350
101350
101350
101350
101350
101350
101350
101350
101350
101350
101350
101350
101350
101350
101350
101350
101350
101350
101350
101350
101350
101350
101350
101350
101350
101350
101350
101350
101350
101350
101350
101350
101350
101350
101350
101350
101350
101350
101350
101350
101350
101350
101350
101350
101350
101350
101350
101350
101350
101350
101350
101350
101350
101350
101350
101350
101350
101350
101350
101350
101350
101350
101350
101350
101350
101350
101350
101350
101350
101350
101350
101350
101350
101350
101350
101350
101350
101350
101350
101350
101350
101350
101350
101350
101350
101350
101350
101350
101350
101350
101350
101350
101350
101350
101350
101350
101350
101350
101350
101350
101350
101350
101350
101350
101350
101350
101350
101350
101350
101350
101350
101350
101350
101350
101350
101350
101350
101350
101350
101350
101350
101350
101350
101350
101350
101350
101350
101350
101350
101350
101350
101350
101350
101350
101350
101350
101350
101350
101350
101350
101350
101350
101350
101350
101350
101350
101350
101350
101350
101350
101350
101350
101350
101350
101350
101350
101350
101350
101350
101350
101350
101350
101350
101350
101350
101350
101350
101350
101350
101350
101350
101350
101350
101350
101350
101350
101350
101350
101350
101350
101350
101350
101350
101350
101350
101350
101350
101350
101350
101350
101350
101350
101350
101350
101350
101350
101350
101350
101350
101350
101350
101350
101350
101350
101350
101350
101350
101350
101350
101350
101350
101350
101350
101350
101350
101350
101350
101350
101350
101350
101350
101350
101350
101350
101350
101350
101350
101350
101350
101350
101350
101350
101350
101350
101350
101350
101350
101350
101350
101350
101350
101350
101350
101350
101350
101350
101350
101350
101350
101350
101350
101350
101350
101350
101350
101350
101350
101350
101350
101350
101350
101350
101350
101350
101350
101350
101350
101350
101350
101350
101350
101350
101350
101350
101350
101350
101350
101350
101350
101350
101350
101350
101350
101350
101350
101350
101350
101350
101350
101350
101350
101350
101350
101350
101350
101350
101350
101350
101350
101350
101350
101350
101350
101350
101350
101350
101350
101350
101350
101350
101350
101350
130360
179548
222671
300067
298185
304622
296966
281960
253978
248139
245104
244294
244219
245444
247547
248304
248437
248978
248840
247570
246055
245988
246362
247701
248992
249592
249384
249056
248732
248464
248479
248557
248745
249156
249673
250305
250712
250665
250522
250264
250036
249861
249723
249683
249735
249801
249895
250009
250081
250229
250564
250887
250834
250559
249883
248895
247031
245541
245613
246062
246833
247845
248985
249838
250384
250711
250703
250616
250488
250293
250101
249916
249723
249569
249489
104314
110207
131380
151492
198011
237280
248556
256797
274987
274100
266996
254266
246814
243996
245064
247602
249111
249169
247881
246286
245536
246160
247788
249360
249830
249661
249361
249126
248947
248798
248680
248732
248985
249416
249930
250492
250624
250549
250288
250002
249923
249822
249823
249906
250030
250088
250146
250249
250326
250554
250978
251217
251112
250789
250086
249063
247190
246009
246413
246968
247687
248643
249394
250019
250361
250492
250426
250229
250089
249969
249857
249709
249578
249505
249462
101438
101762
103071
106361
126215
154642
206337
262291
287767
286681
273178
251579
248132
246771
247886
250690
250488
249036
246969
246042
246153
247124
248853
249998
250147
250053
249767
249589
249458
249323
249079
249089
249316
249726
250373
250699
250753
250627
250499
250294
250305
250285
250218
250183
250236
250258
250235
250325
250507
250797
251039
251221
251026
250575
249815
248848
247908
247127
247289
247682
248294
248922
249562
249912
250137
250176
250065
249958
249848
249808
249757
249668
249604
249587
249577
101353
101362
101400
101565
102459
106217
120655
160083
218786
249569
254049
258044
267712
268566
266299
260252
254091
249037
247299
247496
248155
249447
249781
249712
249777
249923
250013
250084
250039
249906
249532
249465
249658
249965
250354
250350
250296
250286
250207
250012
250152
250227
250345
250386
250578
250660
250418
250495
250875
251234
251422
251326
250869
250234
249825
249328
249049
248784
248764
249029
249466
249740
249877
249999
250127
249930
249460
249388
249365
249383
249381
249381
249453
249617
249635
101350
101350
101351
101357
101384
101523
102219
107478
123455
170391
241376
269647
269014
270349
266954
259424
253058
250991
251947
251826
250418
250387
250167
249547
249523
249741
249936
250188
250170
250046
249700
249744
249975
250225
250463
250431
250068
249842
249939
250117
250344
250625
250827
250767
250679
250668
250877
251080
251374
251456
251492
251251
250812
250268
249943
250010
250389
250642
250424
250576
250660
250593
250398
250106
249679
249317
249263
249291
249369
249498
249565
249615
249817
249928
249909
101350
101350
101350
101350
101351
101355
101379
101565
102505
110587
138669
193772
231532
246664
250784
251724
260041
260918
258323
254412
250998
249796
249772
249644
249709
250012
250247
250465
250587
250503
250285
250018
250046
250101
250063
250010
249922
249882
250093
250146
250257
250423
250386
250378
250321
250467
250802
251017
251277
251450
251381
251047
250848
250736
250662
250787
251326
251886
251954
251831
251526
251118
250659
250139
249409
249043
249131
249230
249442
249769
249953
250366
250362
250316
250251
101350
101350
101350
101350
101350
101350
101351
101356
101394
101709
103735
118417
155576
197751
230051
245765
274431
264524
249937
246841
249044
250234
250097
249302
248942
249148
249870
250668
250934
250784
250608
250414
250167
249991
249654
249300
249458
249587
249982
250452
250483
250434
250179
250245
250299
250646
251133
251207
251290
251357
251166
250805
250536
250662
250966
251596
252506
252950
252862
252440
251816
251052
250432
249823
249354
249195
249343
249489
249700
249997
250355
250626
250757
250689
250540
101350
101350
101350
101350
101350
101350
101350
101350
101351
101361
101439
102083
105366
119977
155812
199809
247594
244552
248559
253320
259340
256501
252416
248251
247214
248018
250352
251648
251376
250907
250655
250437
250094
249572
248986
248943
249244
249713
250276
250743
250440
250458
250288
250182
250253
250682
251160
251098
251086
251181
250634
250320
250404
250953
251607
252425
253271
253237
253016
252592
251951
251249
250401
249727
249515
249494
249668
249973
250326
250604
251079
251150
251142
250991
250760
101350
101350
101350
101350
101350
101350
101350
101350
101350
101350
101353
101370
101478
102188
106165
127716
154460
218215
261399
260208
259403
253700
248351
245428
246318
250172
251616
251520
251028
250804
251182
251121
250542
249399
248834
249061
249654
250344
250834
251144
250715
250484
250363
250205
250377
250854
251114
251123
251036
250584
250289
250409
250714
251179
251538
252126
252871
252895
252755
252309
251243
250445
249897
249476
249453
249676
250053
250467
250822
251140
251429
251462
251306
251089
250830
101350
101350
101350
101350
101350
101350
101350
101350
101350
101350
101350
101351
101353
101374
101518
102574
107033
130765
180234
225960
238588
245453
253058
257747
257630
256310
253316
249918
249932
250876
252010
252025
250768
249162
248906
249227
249907
250419
250423
250469
250310
250038
250043
250173
250466
250874
250980
250940
250777
249969
249893
250471
251016
251155
251497
251991
251963
252066
251915
251317
250684
250133
249783
249706
249852
250166
250627
251106
251342
251412
251499
251506
251347
251157
250844
101350
101350
101350
101350
101350
101350
101350
101350
101350
101350
101350
101350
101350
101351
101355
101383
101570
103188
111317
147591
190588
238012
264821
263523
258105
251143
247301
247371
249749
252661
253610
252056
250436
249386
249527
249917
250371
250345
249821
249396
249481
249524
249838
250277
250745
251030
250920
250830
250629
250113
249589
249782
250127
250564
251201
251337
251317
251255
250935
250187
249814
249657
249664
249787
250049
250381
250791
251227
251290
251364
251351
251241
251046
250958
250721
101350
101350
101350
101350
101350
101350
101350
101350
101350
101350
101350
101350
101350
101350
101350
101351
101357
101407
101798
104535
121336
153904
202731
227319
245658
249853
248645
251259
255519
255095
252697
249235
249263
250052
250720
250603
250365
249646
248955
248615
248676
249098
249696
250246
250771
250985
250856
250768
250564
250324
249947
249860
249961
250506
250985
250846
250734
250512
250003
249375
249281
249463
249736
249982
250401
250716
250787
250947
250976
250932
250852
250744
250622
250573
250424
101350
101350
101350
101350
101350
101350
101350
101350
101350
101350
101350
101350
101350
101350
101350
101350
101350
101352
101364
101467
102327
106922
122315
164427
227552
246864
255540
259997
257694
253110
250001
250917
250667
251254
251182
250779
249943
248773
248146
248176
248413
249033
249591
250117
250344
250725
251100
251099
250924
250916
250827
250495
250500
250629
250589
250473
250349
249962
249387
249258
249135
249164
249327
249683
249980
250326
250456
250468
250533
250496
250401
250294
250206
250195
250301
101350
101350
101350
101350
101350
101350
101350
101350
101350
101350
101350
101350
101350
101350
101350
101350
101350
101350
101350
101354
101377
101553
102494
112804
129256
179107
234389
241411
245988
250518
255901
255760
253735
251112
250868
250523
249600
248951
247968
247867
248513
249256
249560
249894
250390
251065
251629
251561
251449
251487
251351
250883
250900
250666
250335
250017
249678
249191
248794
248846
249139
249151
249378
249707
249974
250276
250286
250154
250095
250090
250116
250149
250148
250209
250176
101350
101350
101350
101350
101350
101350
101350
101350
101350
101350
101350
101350
101350
101350
101350
101350
101350
101350
101350
101350
101351
101356
101396
101814
103514
116020
151082
195980
230641
250250
258794
256717
248087
249049
250845
251187
250552
248846
247779
247907
248743
249735
249441
249432
249868
250946
251876
251864
251672
251361
251101
250880
250782
250145
249780
249466
249144
248928
248785
248875
248908
249033
249473
249796
249920
249992
249956
249887
249755
249788
249877
249963
250020
250101
249955
101350
101350
101350
101350
101350
101350
101350
101350
101350
101350
101350
101350
101350
101350
101350
101350
101350
101350
101350
101350
101350
101350
101351
101362
101437
102073
105617
126609
161965
200860
242923
243384
247482
252540
255716
254190
251461
249333
248821
249570
250051
249797
248654
248647
249534
250840
251685
251572
251301
250914
250436
250159
249926
250118
249939
249626
249160
249011
249207
249256
249409
249605
249434
249510
249577
249708
249703
249677
249535
249517
249684
249875
250021
250004
249793
101350
101350
101350
101350
101350
101350
101350
101350
101350
101350
101350
101350
101350
101350
101350
101350
101350
101350
101350
101350
101350
101350
101350
101350
101353
101373
101525
102855
108626
131444
176834
225536
251491
257471
255708
252139
250551
250776
251056
251416
250483
248592
247685
248192
249566
250752
250852
250406
249894
249567
249427
249506
249723
250073
249975
249847
249647
249660
249757
249636
249603
249721
249752
249787
249684
249526
249472
249453
249334
249385
249543
249668
249706
249620
249293
101350
101350
101350
101350
101350
101350
101350
101350
101350
101350
101350
101350
101350
101350
101350
101350
101350
101350
101350
101350
101350
101350
101350
101350
101350
101351
101355
101396
101632
103801
111814
148778
203390
241051
241758
245486
251455
253425
252351
250925
249373
247712
248353
249641
250643
250621
249713
248737
248779
248916
249122
249472
249842
250080
250316
250280
250133
249982
250007
249983
249785
249649
249648
249567
249480
249300
249069
249026
249037
249127
249302
249403
249373
249226
248964
101350
101350
101350
101350
101350
101350
101350
101350
101350
101350
101350
101350
101350
101350
101350
101350
101350
101350
101350
101350
101350
101350
101350
101350
101350
101350
101350
101351
101359
101429
101904
106989
128218
175388
210225
241316
255830
253743
246744
247353
248143
248605
250662
252514
252166
250457
248769
248113
248149
248435
249114
249775
250147
250622
250689
250564
250433
250323
250094
249954
249811
249734
249588
249382
249063
248718
248533
248503
248784
248933
249155
249115
249110
248881
248887
101350
101350
101350
101350
101350
101350
101350
101350
101350
101350
101350
101350
101350
101350
101350
101350
101350
101350
101350
101350
101350
101350
101350
101350
101350
101350
101350
101350
101350
101352
101373
101581
103431
111600
148400
198077
235998
238918
245178
255491
254614
253158
253822
253890
252386
249492
248047
248078
248482
249414
250428
251316
251207
251007
250675
250397
250252
250310
250107
250006
249798
249425
249064
248828
248581
248375
248446
248483
248630
248768
249119
248706
248842
248688
249066
101350
101350
101350
101350
101350
101350
101350
101350
101350
101350
101350
101350
101350
101350
101350
101350
101350
101350
101350
101350
101350
101350
101350
101350
101350
101350
101350
101350
101350
101350
101351
101358
101424
101859
107395
121873
162020
215376
254527
253795
248298
246043
252581
253151
250619
248391
248339
248956
249824
251066
251674
251650
251391
250618
250047
250011
250235
250220
250201
250059
249787
249342
248749
248422
248218
248185
248295
248405
248697
248818
248955
249001
248936
248897
249257
101350
101350
101350
101350
101350
101350
101350
101350
101350
101350
101350
101350
101350
101350
101350
101350
101350
101350
101350
101350
101350
101350
101350
101350
101350
101350
101350
101350
101350
101350
101350
101350
101352
101370
101579
102705
110385
145766
197709
215736
227334
242792
255694
253871
250676
250557
251246
251150
251013
251229
251407
251015
250214
249682
249438
250009
250518
250419
250327
250059
249646
249252
249013
248602
248458
248593
248797
248911
249031
249090
249042
249146
249072
249606
249688
101350
101350
101350
101350
101350
101350
101350
101350
101350
101350
101350
101350
101350
101350
101350
101350
101350
101350
101350
101350
101350
101350
101350
101350
101350
101350
101350
101350
101350
101350
101350
101350
101350
101351
101356
101400
101780
106068
121027
164230
221952
252823
254742
255532
255326
254558
253031
251301
250659
250780
250578
249884
248964
249034
249444
250146
250629
250341
249780
249339
249120
248897
248906
248979
249159
249456
249478
249531
249550
249532
249427
249678
249715
250062
250059
101350
101350
101350
101350
101350
101350
101350
101350
101350
101350
101350
101350
101350
101350
101350
101350
101350
101350
101350
101350
101350
101350
101350
101350
101350
101350
101350
101350
101350
101350
101350
101350
101350
101350
101350
101352
101366
101532
102637
111469
144563
188933
212889
250051
248847
246029
246046
246851
246768
247626
248183
248088
248331
248994
249993
250504
250306
249379
248349
248217
248393
248819
249393
249895
250340
250561
250495
250411
250309
250163
250059
250261
250490
250351
250028
101350
101350
101350
101350
101350
101350
101350
101350
101350
101350
101350
101350
101350
101350
101350
101350
101350
101350
101350
101350
101350
101350
101350
101350
101350
101350
101350
101350
101350
101350
101350
101350
101350
101350
101350
101350
101351
101355
101398
101870
105292
121980
159385
219921
230425
244045
247051
247311
246693
246965
247947
248788
249380
250488
251194
250656
249331
247713
247326
247534
248074
248964
249943
250663
251037
251027
250990
251068
250958
250819
250793
250821
250838
250540
249886
101350
101350
101350
101350
101350
101350
101350
101350
101350
101350
101350
101350
101350
101350
101350
101350
101350
101350
101350
101350
101350
101350
101350
101350
101350
101350
101350
101350
101350
101350
101350
101350
101350
101350
101350
101350
101350
101350
101352
101368
101514
102720
111488
127495
187329
247875
251012
248997
245409
247708
251201
252932
253177
253199
252437
250891
248526
246886
247060
247481
248233
249224
250148
251010
251400
251344
251287
251132
250923
250810
250861
250818
250778
250494
249718
101350
101350
101350
101350
101350
101350
101350
101350
101350
101350
101350
101350
101350
101350
101350
101350
101350
101350
101350
101350
101350
101350
101350
101350
101350
101350
101350
101350
101350
101350
101350
101350
101350
101350
101350
101350
101350
101350
101350
101351
101355
101397
101819
103834
123468
164980
215240
238026
246807
253777
255682
255545
254882
253290
252071
250229
248830
248332
248283
248212
248686
249280
250212
251100
251269
251184
251002
250897
250924
251046
251110
251007
250834
249823
249105
101350
101350
101350
101350
101350
101350
101350
101350
101350
101350
101350
101350
101350
101350
101350
101350
101350
101350
101350
101350
101350
101350
101350
101350
101350
101350
101350
101350
101350
101350
101350
101350
101350
101350
101350
101350
101350
101350
101350
101350
101350
101351
101364
101470
103042
110568
145800
207446
250494
258161
255767
254265
254127
252577
250299
249067
249525
249397
248643
248551
248872
249711
250853
251339
251145
250790
250339
250277
250461
250730
250660
250349
249930
249413
248979
101350
101350
101350
101350
101350
101350
101350
101350
101350
101350
101350
101350
101350
101350
101350
101350
101350
101350
101350
101350
101350
101350
101350
101350
101350
101350
101350
101350
101350
101350
101350
101350
101350
101350
101350
101350
101350
101350
101350
101350
101350
101350
101350
101355
101409
101858
107207
129694
181502
216448
233602
246674
248183
244616
245600
248081
249569
249121
247877
247963
248940
250841
252004
251934
251186
250318
249739
249784
250035
250199
249971
249644
249072
249267
249169
101350
101350
101350
101350
101350
101350
101350
101350
101350
101350
101350
101350
101350
101350
101350
101350
101350
101350
101350
101350
101350
101350
101350
101350
101350
101350
101350
101350
101350
101350
101350
101350
101350
101350
101350
101350
101350
101350
101350
101350
101350
101350
101350
101350
101352
101371
101614
103705
116463
158209
208162
245421
244731
243322
247063
251397
250357
248451
247685
248387
250957
253366
253395
252656
251089
249488
249374
249596
249836
249883
249530
249131
248764
248977
249309
101350
101350
101350
101350
101350
101350
101350
101350
101350
101350
101350
101350
101350
101350
101350
101350
101350
101350
101350
101350
101350
101350
101350
101350
101350
101350
101350
101350
101350
101350
101350
101350
101350
101350
101350
101350
101350
101350
101350
101350
101350
101350
101350
101350
101350
101351
101359
101442
102317
109361
134401
194372
228972
243651
257097
254830
250893
247436
248105
250450
252798
254070
253604
251424
249036
248034
248709
249673
249781
249661
249052
248750
248699
248881
249622
101350
101350
101350
101350
101350
101350
101350
101350
101350
101350
101350
101350
101350
101350
101350
101350
101350
101350
101350
101350
101350
101350
101350
101350
101350
101350
101350
101350
101350
101350
101350
101350
101350
101350
101350
101350
101350
101350
101350
101350
101350
101350
101350
101350
101350
101350
101350
101353
101386
101712
105519
117382
167860
234081
248650
256389
254990
250341
250613
252844
253560
252794
249560
246340
246065
247067
249076
250088
249875
249390
248708
248533
248722
249142
249948
101350
101350
101350
101350
101350
101350
101350
101350
101350
101350
101350
101350
101350
101350
101350
101350
101350
101350
101350
101350
101350
101350
101350
101350
101350
101350
101350
101350
101350
101350
101350
101350
101350
101350
101350
101350
101350
101350
101350
101350
101350
101350
101350
101350
101350
101350
101350
101350
101351
101363
101518
102562
115770
158180
191616
235354
255022
252661
251880
252657
252262
249595
245456
245294
246108
247846
249892
250321
249936
249069
248235
248187
248501
249495
250168
101350
101350
101350
101350
101350
101350
101350
101350
101350
101350
101350
101350
101350
101350
101350
101350
101350
101350
101350
101350
101350
101350
101350
101350
101350
101350
101350
101350
101350
101350
101350
101350
101350
101350
101350
101350
101350
101350
101350
101350
101350
101350
101350
101350
101350
101350
101350
101350
101350
101350
101355
101407
102262
107722
138886
189418
231038
254331
253524
252612
251029
247008
246191
246827
249304
252382
252342
251288
249806
248010
247525
247788
248653
249931
249934
101350
101350
101350
101350
101350
101350
101350
101350
101350
101350
101350
101350
101350
101350
101350
101350
101350
101350
101350
101350
101350
101350
101350
101350
101350
101350
101350
101350
101350
101350
101350
101350
101350
101350
101350
101350
101350
101350
101350
101350
101350
101350
101350
101350
101350
101350
101350
101350
101350
101350
101350
101352
101384
101674
106402
118306
161593
229866
253284
249755
248778
248493
249058
250944
253923
254596
253422
250902
247852
246608
246787
247694
249136
249923
249569
101350
101350
101350
101350
101350
101350
101350
101350
101350
101350
101350
101350
101350
101350
101350
101350
101350
101350
101350
101350
101350
101350
101350
101350
101350
101350
101350
101350
101350
101350
101350
101350
101350
101350
101350
101350
101350
101350
101350
101350
101350
101350
101350
101350
101350
101350
101350
101350
101350
101350
101350
101350
101351
101364
101540
102702
114608
151487
217392
229811
250550
248640
248920
252850
255215
254756
251952
247397
244824
245233
246544
248287
249608
249864
249118
101350
101350
101350
101350
101350
101350
101350
101350
101350
101350
101350
101350
101350
101350
101350
101350
101350
101350
101350
101350
101350
101350
101350
101350
101350
101350
101350
101350
101350
101350
101350
101350
101350
101350
101350
101350
101350
101350
101350
101350
101350
101350
101350
101350
101350
101350
101350
101350
101350
101350
101350
101350
101350
101350
101356
101413
102183
108487
139384
190439
246884
243681
248608
254910
255790
251857
246513
244024
244049
245322
247954
249875
250328
249717
248491
101350
101350
101350
101350
101350
101350
101350
101350
101350
101350
101350
101350
101350
101350
101350
101350
101350
101350
101350
101350
101350
101350
101350
101350
101350
101350
101350
101350
101350
101350
101350
101350
101350
101350
101350
101350
101350
101350
101350
101350
101350
101350
101350
101350
101350
101350
101350
101350
101350
101350
101350
101350
101350
101350
101350
101352
101381
101772
105127
131486
180621
215183
268168
261032
249693
241145
241140
242973
246488
250713
253048
252791
251854
249808
247961
101350
101350
101350
101350
101350
101350
101350
101350
101350
101350
101350
101350
101350
101350
101350
101350
101350
101350
101350
101350
101350
101350
101350
101350
101350
101350
101350
101350
101350
101350
101350
101350
101350
101350
101350
101350
101350
101350
101350
101350
101350
101350
101350
101350
101350
101350
101350
101350
101350
101350
101350
101350
101350
101350
101350
101350
101351
101365
101535
104970
114124
164092
237341
249089
245574
243620
244649
247612
252636
255872
255550
254297
251940
249142
247667
101350
101350
101350
101350
101350
101350
101350
101350
101350
101350
101350
101350
101350
101350
101350
101350
101350
101350
101350
101350
101350
101350
101350
101350
101350
101350
101350
101350
101350
101350
101350
101350
101350
101350
101350
101350
101350
101350
101350
101350
101350
101350
101350
101350
101350
101350
101350
101350
101350
101350
101350
101350
101350
101350
101350
101350
101350
101350
101358
101480
102520
119810
144698
213375
241232
248337
251036
252927
257615
257585
256056
253086
249154
247197
247465
101350
101350
101350
101350
101350
101350
101350
101350
101350
101350
101350
101350
101350
101350
101350
101350
101350
101350
101350
101350
101350
101350
101350
101350
101350
101350
101350
101350
101350
101350
101350
101350
101350
101350
101350
101350
101350
101350
101350
101350
101350
101350
101350
101350
101350
101350
101350
101350
101350
101350
101350
101350
101350
101350
101350
101350
101350
101350
101350
101354
101415
102222
107857
135140
192517
246379
246090
253539
261843
259624
254076
247958
246035
246533
247825
101350
101350
101350
101350
101350
101350
101350
101350
101350
101350
101350
101350
101350
101350
101350
101350
101350
101350
101350
101350
101350
101350
101350
101350
101350
101350
101350
101350
101350
101350
101350
101350
101350
101350
101350
101350
101350
101350
101350
101350
101350
101350
101350
101350
101350
101350
101350
101350
101350
101350
101350
101350
101350
101350
101350
101350
101350
101350
101350
101350
101352
101381
101725
104826
132634
208908
221144
257644
256231
247259
241790
243080
244878
247599
248743
101350
101350
101350
101350
101350
101350
101350
101350
101350
101350
101350
101350
101350
101350
101350
101350
101350
101350
101350
101350
101350
101350
101350
101350
101350
101350
101350
101350
101350
101350
101350
101350
101350
101350
101350
101350
101350
101350
101350
101350
101350
101350
101350
101350
101350
101350
101350
101350
101350
101350
101350
101350
101350
101350
101350
101350
101350
101350
101350
101350
101350
101351
101365
101542
105855
116975
175985
236994
240770
233880
236725
243975
248685
249314
248599
101350
101350
101350
101350
101350
101350
101350
101350
101350
101350
101350
101350
101350
101350
101350
101350
101350
101350
101350
101350
101350
101350
101350
101350
101350
101350
101350
101350
101350
101350
101350
101350
101350
101350
101350
101350
101350
101350
101350
101350
101350
101350
101350
101350
101350
101350
101350
101350
101350
101350
101350
101350
101350
101350
101350
101350
101350
101350
101350
101350
101350
101350
101351
101360
101534
102930
126779
156467
218105
235923
261054
255742
251625
249345
247277
101350
101350
101350
101350
101350
101350
101350
101350
101350
101350
101350
101350
101350
101350
101350
101350
101350
101350
101350
101350
101350
101350
101350
101350
101350
101350
101350
101350
101350
101350
101350
101350
101350
101350
101350
101350
101350
101350
101350
101350
101350
101350
101350
101350
101350
101350
101350
101350
101350
101350
101350
101350
101350
101350
101350
101350
101350
101350
101350
101350
101350
101350
101350
101350
101356
101442
102811
110954
148758
208871
252323
252930
250365
248941
247641
101350
101350
101350
101350
101350
101350
101350
101350
101350
101350
101350
101350
101350
101350
101350
101350
101350
101350
101350
101350
101350
101350
101350
101350
101350
101350
101350
101350
101350
101350
101350
101350
101350
101350
101350
101350
101350
101350
101350
101350
101350
101350
101350
101350
101350
101350
101350
101350
101350
101350
101350
101350
101350
101350
101350
101350
101350
101350
101350
101350
101350
101350
101350
101350
101350
101353
101405
101990
107981
148276
193757
239180
253168
250488
249319
101350
101350
101350
101350
101350
101350
101350
101350
101350
101350
101350
101350
101350
101350
101350
101350
101350
101350
101350
101350
101350
101350
101350
101350
101350
101350
101350
101350
101350
101350
101350
101350
101350
101350
101350
101350
101350
101350
101350
101350
101350
101350
101350
101350
101350
101350
101350
101350
101350
101350
101350
101350
101350
101350
101350
101350
101350
101350
101350
101350
101350
101350
101350
101350
101350
101350
101352
101375
101761
107426
131869
193942
237170
245123
252100
101350
101350
101350
101350
101350
101350
101350
101350
101350
101350
101350
101350
101350
101350
101350
101350
101350
101350
101350
101350
101350
101350
101350
101350
101350
101350
101350
101350
101350
101350
101350
101350
101350
101350
101350
101350
101350
101350
101350
101350
101350
101350
101350
101350
101350
101350
101350
101350
101350
101350
101350
101350
101350
101350
101350
101350
101350
101350
101350
101350
101350
101350
101350
101350
101350
101350
101350
101351
101366
101647
105071
125960
178208
236150
255628
101350
101350
101350
101350
101350
101350
101350
101350
101350
101350
101350
101350
101350
101350
101350
101350
101350
101350
101350
101350
101350
101350
101350
101350
101350
101350
101350
101350
101350
101350
101350
101350
101350
101350
101350
101350
101350
101350
101350
101350
101350
101350
101350
101350
101350
101350
101350
101350
101350
101350
101350
101350
101350
101350
101350
101350
101350
101350
101350
101350
101350
101350
101350
101350
101350
101350
101350
101350
101351
101361
101539
103819
124641
173475
230024
101350
101350
101350
101350
101350
101350
101350
101350
101350
101350
101350
101350
101350
101350
101350
101350
101350
101350
101350
101350
101350
101350
101350
101350
101350
101350
101350
101350
101350
101350
101350
101350
101350
101350
101350
101350
101350
101350
101350
101350
101350
101350
101350
101350
101350
101350
101350
101350
101350
101350
101350
101350
101350
101350
101350
101350
101350
101350
101350
101350
101350
101350
101350
101350
101350
101350
101350
101350
101350
101350
101357
101487
103708
119047
186288
101350
101350
101350
101350
101350
101350
101350
101350
101350
101350
101350
101350
101350
101350
101350
101350
101350
101350
101350
101350
101350
101350
101350
101350
101350
101350
101350
101350
101350
101350
101350
101350
101350
101350
101350
101350
101350
101350
101350
101350
101350
101350
101350
101350
101350
101350
101350
101350
101350
101350
101350
101350
101350
101350
101350
101350
101350
101350
101350
101350
101350
101350
101350
101350
101350
101350
101350
101350
101350
101350
101350
101356
101476
103393
135319
101350
101350
101350
101350
101350
101350
101350
101350
101350
101350
101350
101350
101350
101350
101350
101350
101350
101350
101350
101350
101350
101350
101350
101350
101350
101350
101350
101350
101350
101350
101350
101350
101350
101350
101350
101350
101350
101350
101350
101350
101350
101350
101350
101350
101350
101350
101350
101350
101350
101350
101350
101350
101350
101350
101350
101350
101350
101350
101350
101350
101350
101350
101350
101350
101350
101350
101350
101350
101350
101350
101350
101350
101357
101552
109296
101350
101350
101350
101350
101350
101350
101350
101350
101350
101350
101350
101350
101350
101350
101350
101350
101350
101350
101350
101350
101350
101350
101350
101350
101350
101350
101350
101350
101350
101350
101350
101350
101350
101350
101350
101350
101350
101350
101350
101350
101350
101350
101350
101350
101350
101350
101350
101350
101350
101350
101350
101350
101350
101350
101350
101350
101350
101350
101350
101350
101350
101350
101350
101350
101350
101350
101350
101350
101350
101350
101350
101350
101351
101375
102542
101350
101350
101350
101350
101350
101350
101350
101350
101350
101350
101350
101350
101350
101350
101350
101350
101350
101350
101350
101350
101350
101350
101350
101350
101350
101350
101350
101350
101350
101350
101350
101350
101350
101350
101350
101350
101350
101350
101350
101350
101350
101350
101350
101350
101350
101350
101350
101350
101350
101350
101350
101350
101350
101350
101350
101350
101350
101350
101350
101350
101350
101350
101350
101350
101350
101350
101350
101350
101350
101350
101350
101350
101350
101353
101478
101350
101350
101350
101350
101350
101350
101350
101350
101350
101350
101350
101350
101350
101350
101350
101350
101350
101350
101350
101350
101350
101350
101350
101350
101350
101350
101350
101350
101350
101350
101350
101350
101350
101350
101350
101350
101350
101350
101350
101350
101350
101350
101350
101350
101350
101350
101350
101350
101350
101350
101350
101350
101350
101350
101350
101350
101350
101350
101350
101350
101350
101350
101350
101350
101350
101350
101350
101350
101350
101350
101350
101350
101350
101350
101361
101350
101350
101350
101350
101350
101350
101350
101350
101350
101350
101350
101350
101350
101350
101350
101350
101350
101350
101350
101350
101350
101350
101350
101350
101350
101350
101350
101350
101350
101350
101350
101350
101350
101350
101350
101350
101350
101350
101350
101350
101350
101350
101350
101350
101350
101350
101350
101350
101350
101350
101350
101350
101350
101350
101350
101350
101350
101350
101350
101350
101350
101350
101350
101350
101350
101350
101350
101350
101350
101350
101350
101350
101350
101350
101351
101350
101350
101350
101350
101350
101350
101350
101350
101350
101350
101350
101350
101350
101350
101350
101350
101350
101350
101350
101350
101350
101350
101350
101350
101350
101350
101350
101350
101350
101350
101350
101350
101350
101350
101350
101350
101350
101350
101350
101350
101350
101350
101350
101350
101350
101350
101350
101350
101350
101350
101350
101350
101350
101350
101350
101350
101350
101350
101350
101350
101350
101350
101350
101350
101350
101350
101350
101350
101350
101350
101350
101350
101350
101350
101350
101350
101350
101350
101350
101350
101350
101350
101350
101350
101350
101350
101350
101350
101350
101350
101350
101350
101350
101350
101350
101350
101350
101350
101350
101350
101350
101350
101350
101350
101350
101350
101350
101350
101350
101350
101350
101350
101350
101350
101350
101350
101350
101350
101350
101350
101350
101350
101350
101350
101350
101350
101350
101350
101350
101350
101350
101350
101350
101350
101350
101350
101350
101350
101350
101350
101350
101350
101350
101350
101350
101350
101350
101350
101350
101350
101350
101350
101350
101350
101350
101350
101350
101350
101350
101350
101350
101350
101350
101350
101350
101350
101350
101350
101350
101350
101350
101350
101350
101350
101350
101350
101350
101350
101350
101350
101350
101350
101350
101350
101350
101350
101350
101350
101350
101350
101350
101350
101350
101350
101350
101350
101350
101350
101350
101350
101350
101350
101350
101350
101350
101350
101350
101350
101350
101350
101350
101350
101350
101350
101350
101350
101350
101350
101350
101350
101350
101350
101350
101350
101350
101350
101350
101350
101350
101350
101350
101350
101350
101350
101350
101350
101350
101350
101350
101350
101350
101350
101350
101350
101350
101350
101350
101350
101350
101350
101350
101350
101350
101350
101350
101350
101350
101350
101350
101350
101350
101350
101350
101350
101350
101350
101350
101350
101350
101350
101350
101350
101350
101350
101350
101350
101350
101350
101350
101350
101350
101350
101350
101350
101350
101350
101350
101350
101350
101350
101350
101350
101350
101350
101350
101350
101350
101350
101350
101350
101350
101350
101350
101350
101350
101350
101350
101350
101350
101350
101350
101350
101350
101350
101350
101350
101350
101350
101350
101350
101350
101350
101350
101350
101350
101350
101350
101350
101350
101350
101350
101350
101350
101350
101350
101350
101350
101350
101350
101350
101350
101350
101350
101350
101350
101350
101350
101350
101350
101350
101350
101350
101350
101350
101350
101350
101350
101350
101350
101350
101350
101350
101350
101350
101350
101350
101350
101350
101350
101350
101350
101350
101350
101350
101350
101350
101350
101350
101350
101350
101350
101350
101350
101350
101350
101350
101350
101350
101350
101350
101350
101350
101350
101350
101350
101350
101350
101350
101350
101350
101350
101350
101350
101350
101350
101350
101350
101350
101350
101350
101350
101350
101350
101350
101350
101350
101350
101350
101350
101350
101350
101350
101350
101350
101350
101350
101350
101350
101350
101350
101350
101350
101350
101350
101350
101350
101350
101350
101350
101350
101350
101350
101350
101350
101350
101350
101350
101350
101350
101350
101350
101350
101350
101350
101350
101350
101350
101350
101350
101350
101350
101350
101350
101350
101350
101350
101350
101350
101350
101350
101350
101350
101350
101350
101350
101350
101350
101350
101350
101350
101350
101350
101350
101350
101350
101350
101350
101350
101350
101350
101350
101350
101350
101350
101350
101350
101350
101350
101350
101350
101350
101350
101350
101350
101350
101350
101350
101350
101350
101350
101350
101350
101350
101350
101350
101350
101350
101350
101350
101350
101350
101350
101350
101350
101350
101350
101350
101350
101350
101350
101350
101350
101350
101350
101350
101350
101350
101350
101350
101350
101350
101350
101350
101350
101350
101350
101350
101350
101350
101350
101350
101350
101350
101350
101350
101350
101350
101350
101350
101350
101350
101350
101350
101350
101350
101350
101350
101350
101350
101350
101350
101350
101350
101350
101350
101350
101350
101350
101350
101350
101350
101350
101350
101350
101350
101350
101350
101350
101350
101350
101350
101350
101350
101350
101350
101350
101350
101350
101350
101350
101350
101350
101350
101350
101350
101350
101350
101350
101350
101350
101350
101350
101350
101350
101350
101350
101350
101350
101350
101350
101350
101350
101350
101350
101350
101350
101350
101350
101350
101350
101350
101350
101350
101350
101350
101350
101350
101350
101350
101350
101350
101350
101350
101350
101350
101350
101350
101350
101350
101350
101350
101350
101350
101350
101350
101350
101350
101350
101350
101350
101350
101350
101350
101350
101350
101350
101350
101350
101350
101350
101350
101350
101350
101350
101350
101350
101350
101350
101350
101350
101350
101350
101350
101350
101350
101350
101350
101350
101350
101350
101350
101350
101350
101350
101350
101350
101350
101350
101350
101350
101350
101350
101350
101350
101350
101350
101350
101350
101350
101350
101350
101350
101350
101350
101350
101350
101350
101350
101350
101350
101350
101350
101350
101350
101350
101350
101350
101350
101350
101350
101350
101350
101350
101350
101350
101350
101350
101350
101350
101350
101350
101350
101350
101350
101350
101350
101350
101350
101350
101350
101350
101350
101350
101350
101350
101350
101350
101350
101350
101350
101350
101350
101350
101350
101350
101350
101350
101350
101350
101350
101350
101350
101350
101350
101350
101350
101350
101350
101350
101350
101350
101350
101350
101350
101350
101350
101350
101350
101350
101350
101350
101350
101350
101350
101350
101350
101350
101350
101350
101350
101350
101350
101350
101350
101350
101350
101350
101350
101350
101350
101350
101350
101350
101350
101350
101350
101350
101350
101350
101350
101350
101350
101350
101350
101350
101350
101350
101350
101350
101350
101350
101350
101350
101350
101350
101350
101350
101350
101350
101350
101350
101350
101350
101350
101350
101350
101350
101350
101350
101350
101350
101350
101350
101350
101350
101350
101350
101350
101350
101350
101350
101350
101350
101350
101350
101350
101350
101350
101350
101350
101350
101350
101350
101350
101350
101350
101350
101350
101350
101350
101350
101350
101350
101350
101350
101350
101350
101350
101350
101350
101350
101350
101350
101350
101350
101350
101350
101350
101350
101350
101350
101350
101350
101350
101350
101350
101350
101350
101350
101350
101350
101350
101350
101350
101350
101350
101350
101350
101350
101350
101350
101350
101350
101350
101350
101350
101350
101350
101350
101350
101350
101350
101350
101350
101350
101350
101350
101350
101350
101350
101350
101350
101350
101350
101350
101350
101350
101350
101350
101350
101350
101350
101350
101350
101350
101350
101350
101350
101350
101350
101350
101350
101350
101350
101350
101350
101350
101350
101350
101350
101350
101350
101350
101350
101350
101350
101350
101350
101350
101350
101350
101350
101350
101350
101350
101350
101350
101350
101350
101350
101350
101350
101350
101350
101350
101350
101350
101350
101350
101350
101350
101350
101350
101350
101350
101350
101350
101350
101350
101350
101350
101350
101350
101350
101350
101350
101350
101350
101350
101350
101350
101350
101350
101350
101350
101350
101350
101350
101350
101350
101350
101350
101350
101350
101350
101350
101350
101350
101350
101350
101350
101350
101350
101350
101350
101350
101350
101350
101350
101350
101350
101350
101350
101350
101350
101350
101350
101350
101350
101350
101350
101350
101350
101350
101350
101350
101350
101350
101350
101350
101350
101350
101350
101350
101350
101350
101350
101350
101350
101350
101350
101350
101350
101350
101350
101350
101350
101350
101350
101350
101350
101350
101350
101350
101350
101350
101350
101350
101350
101350
101350
101350
101350
101350
101350
101350
101350
101350
101350
101350
101350
101350
101350
101350
101350
101350
101350
101350
101350
101350
101350
101350
101350
101350
101350
101350
101350
101350
101350
101350
101350
101350
101350
101350
101350
101350
101350
101350
101350
101350
101350
101350
101350
101350
101350
101350
101350
101350
101350
101350
101350
101350
101350
101350
101350
101350
101350
101350
101350
101350
101350
101350
101350
101350
101350
101350
101350
101350
101350
101350
101350
101350
101350
101350
101350
101350
101350
101350
101350
101350
101350
101350
101350
101350
101350
101350
101350
101350
101350
101350
101350
101350
101350
101350
101350
101350
101350
101350
101350
101350
101350
101350
101350
101350
101350
101350
101350
101350
101350
101350
101350
101350
101350
101350
101350
101350
101350
101350
101350
101350
101350
101350
101350
101350
101350
101350
101350
101350
101350
101350
101350
101350
101350
101350
101350
101350
101350
101350
101350
101350
101350
101350
101350
101350
101350
101350
101350
101350
101350
101350
101350
101350
101350
101350
101350
101350
101350
101350
101350
101350
101350
101350
101350
101350
101350
101350
101350
101350
101350
101350
101350
101350
101350
101350
101350
101350
101350
101350
101350
101350
101350
101350
101350
101350
101350
101350
101350
101350
101350
101350
101350
101350
101350
101350
101350
101350
101350
101350
101350
101350
101350
101350
101350
101350
101350
101350
101350
101350
101350
101350
101350
101350
101350
101350
101350
101350
101350
101350
101350
101350
101350
101350
101350
101350
101350
101350
101350
101350
101350
101350
101350
101350
101350
101350
101350
101350
101350
101350
101350
101350
101350
101350
101350
101350
101350
101350
101350
101350
101350
101350
101350
101350
101350
101350
101350
101350
101350
101350
101350
101350
101350
101350
101350
101350
101350
101350
101350
101350
101350
101350
101350
101350
101350
101350
101350
101350
101350
101350
101350
101350
101350
101350
101350
101350
101350
101350
101350
101350
101350
101350
101350
101350
101350
101350
101350
101350
101350
101350
101350
101350
101350
101350
101350
101350
101350
101350
101350
101350
101350
101350
101350
101350
101350
101350
101350
101350
101350
101350
101350
101350
101350
101350
101350
101350
101350
)
;

boundaryField
{
    inlet
    {
        type            fixedValue;
        value           uniform 101350;
    }
    outlet
    {
        type            zeroGradient;
    }
    bottom
    {
        type            symmetryPlane;
    }
    top
    {
        type            symmetryPlane;
    }
    obstacle
    {
        type            zeroGradient;
    }
    defaultFaces
    {
        type            empty;
    }
}


// ************************************************************************* //
