/*--------------------------------*- C++ -*----------------------------------*\
| =========                 |                                                 |
| \\      /  F ield         | OpenFOAM: The Open Source CFD Toolbox           |
|  \\    /   O peration     | Version:  v1812                                 |
|   \\  /    A nd           | Web:      www.OpenFOAM.com                      |
|    \\/     M anipulation  |                                                 |
\*---------------------------------------------------------------------------*/
FoamFile
{
    version     2.0;
    format      ascii;
    class       volScalarField;
    location    "0.002";
    object      rho;
}
// * * * * * * * * * * * * * * * * * * * * * * * * * * * * * * * * * * * * * //

dimensions      [1 -3 0 0 0 0 0];


internalField   nonuniform List<scalar> 
8475
(
1.22191
1.22191
1.22191
1.22191
1.22191
1.22191
1.22191
1.22191
1.22191
1.22191
1.22191
1.22191
1.22191
1.22191
1.22191
1.22191
1.22191
1.22191
1.22191
1.22191
1.22191
1.22191
1.22191
1.22191
1.22191
1.22191
1.22191
1.22191
1.22191
1.22191
1.22191
1.22191
1.22191
1.22191
1.22191
1.22191
1.22198
1.22637
1.22191
1.22191
1.22191
1.22191
1.22191
1.22191
1.22191
1.22191
1.22191
1.22191
1.22191
1.22191
1.22191
1.22191
1.22191
1.22191
1.22191
1.22191
1.22191
1.22191
1.22191
1.22191
1.22191
1.22191
1.22191
1.22191
1.22191
1.22191
1.22191
1.22191
1.22191
1.22191
1.22191
1.22191
1.22191
1.22191
1.22194
1.22298
1.22191
1.22191
1.22191
1.22191
1.22191
1.22191
1.22191
1.22191
1.22191
1.22191
1.22191
1.22191
1.22191
1.22191
1.22191
1.22191
1.22191
1.22191
1.22191
1.22191
1.22191
1.22191
1.22191
1.22191
1.22191
1.22191
1.22191
1.22191
1.22191
1.22191
1.22191
1.22191
1.22191
1.22191
1.22191
1.22191
1.22192
1.22206
1.22191
1.22191
1.22191
1.22191
1.22191
1.22191
1.22191
1.22191
1.22191
1.22191
1.22191
1.22191
1.22191
1.22191
1.22191
1.22191
1.22191
1.22191
1.22191
1.22191
1.22191
1.22191
1.22191
1.22191
1.22191
1.22191
1.22191
1.22191
1.22191
1.22191
1.22191
1.22191
1.22191
1.22191
1.22191
1.22191
1.22191
1.22193
1.22191
1.22191
1.22191
1.22191
1.22191
1.22191
1.22191
1.22191
1.22191
1.22191
1.22191
1.22191
1.22191
1.22191
1.22191
1.22191
1.22191
1.22191
1.22191
1.22191
1.22191
1.22191
1.22191
1.22191
1.22191
1.22191
1.22191
1.22191
1.22191
1.22191
1.22191
1.22191
1.22191
1.22191
1.22191
1.22191
1.22191
1.22191
1.22191
1.22191
1.22191
1.22191
1.22191
1.22191
1.22191
1.22191
1.22191
1.22191
1.22191
1.22191
1.22191
1.22191
1.22191
1.22191
1.22191
1.22191
1.22191
1.22191
1.22191
1.22191
1.22191
1.22191
1.22191
1.22191
1.22191
1.22191
1.22191
1.22191
1.22191
1.22191
1.22191
1.22191
1.22191
1.22191
1.22191
1.22191
1.22191
1.22191
1.22191
1.22191
1.22191
1.22191
1.22191
1.22191
1.22191
1.22191
1.22191
1.22191
1.22191
1.22191
1.22191
1.22191
1.22191
1.22191
1.22191
1.22191
1.22191
1.22191
1.22191
1.22191
1.22191
1.22191
1.22191
1.22191
1.22191
1.22191
1.22191
1.22191
1.22191
1.22191
1.22191
1.22191
1.22191
1.22191
1.22191
1.22191
1.22191
1.22191
1.22191
1.22191
1.22191
1.22191
1.22191
1.22191
1.22191
1.22191
1.22191
1.22191
1.22191
1.22191
1.22191
1.22191
1.22191
1.22191
1.22191
1.22191
1.22191
1.22191
1.22191
1.22191
1.22191
1.22191
1.22191
1.22191
1.22191
1.22191
1.22191
1.22191
1.22191
1.22191
1.22191
1.22191
1.22191
1.22191
1.22191
1.22191
1.22191
1.22191
1.22191
1.22191
1.22191
1.22191
1.22191
1.22191
1.22191
1.22191
1.22191
1.22191
1.22191
1.22191
1.22191
1.22191
1.22191
1.22191
1.22191
1.22191
1.22191
1.22191
1.22191
1.22191
1.22191
1.22191
1.22191
1.22191
1.22191
1.22191
1.22191
1.22191
1.22191
1.22191
1.22191
1.22191
1.22191
1.22191
1.22191
1.22191
1.22191
1.22191
1.22191
1.22191
1.22191
1.22191
1.22191
1.22191
1.22191
1.22191
1.22191
1.22191
1.22191
1.22191
1.22191
1.22191
1.22191
1.22191
1.22191
1.22191
1.22191
1.22191
1.22191
1.22191
1.22191
1.22191
1.22191
1.22191
1.22191
1.22191
1.22191
1.22191
1.22191
1.22191
1.22191
1.22191
1.22191
1.22191
1.22191
1.22191
1.22191
1.22191
1.22191
1.22191
1.22191
1.22191
1.22191
1.22191
1.22191
1.22191
1.22191
1.22191
1.22191
1.22191
1.22191
1.22191
1.22191
1.22191
1.22191
1.22191
1.22191
1.22191
1.22191
1.22191
1.22191
1.22191
1.22191
1.22191
1.22191
1.22191
1.22191
1.22191
1.22191
1.22191
1.22191
1.22191
1.22191
1.22191
1.22191
1.22191
1.22191
1.22191
1.22191
1.22191
1.22191
1.22191
1.22191
1.22191
1.22191
1.22191
1.22191
1.22191
1.22191
1.22191
1.22191
1.22191
1.22191
1.22191
1.22191
1.22191
1.22191
1.22191
1.22191
1.22191
1.22191
1.22191
1.22191
1.22191
1.22191
1.22191
1.22191
1.22191
1.22191
1.22191
1.22191
1.22191
1.22191
1.22191
1.22191
1.22191
1.22191
1.22191
1.22191
1.22191
1.22191
1.22191
1.22191
1.22191
1.22191
1.22191
1.22191
1.22191
1.22191
1.22191
1.22191
1.22191
1.22191
1.22191
1.22191
1.22191
1.22191
1.22191
1.22191
1.22191
1.22191
1.22191
1.22191
1.22191
1.22191
1.22191
1.22191
1.22191
1.22191
1.22191
1.22191
1.22191
1.22191
1.22191
1.22191
1.22191
1.22191
1.22191
1.22191
1.22191
1.22191
1.22191
1.22191
1.22191
1.22191
1.22191
1.22191
1.22191
1.22191
1.22191
1.22191
1.22191
1.22191
1.22191
1.22191
1.22191
1.22191
1.22191
1.22191
1.22191
1.22191
1.22191
1.22191
1.22191
1.22191
1.22191
1.22191
1.22191
1.22191
1.22191
1.22191
1.22191
1.22191
1.22191
1.22191
1.22191
1.22191
1.22191
1.22191
1.22191
1.22191
1.22191
1.22191
1.22191
1.22191
1.22191
1.22191
1.22191
1.22191
1.22191
1.22191
1.22191
1.22191
1.22191
1.22191
1.22191
1.22191
1.22191
1.22191
1.22191
1.22191
1.22191
1.22191
1.22191
1.22191
1.22191
1.22191
1.22191
1.22191
1.22191
1.22191
1.22191
1.22191
1.22191
1.22191
1.22191
1.22191
1.22191
1.22191
1.22191
1.22191
1.22191
1.22191
1.22191
1.22191
1.22191
1.22191
1.22191
1.22191
1.22191
1.22191
1.22191
1.22191
1.22191
1.22191
1.22191
1.22191
1.22191
1.22191
1.22191
1.22191
1.22191
1.22191
1.22191
1.22191
1.22191
1.22191
1.22191
1.22191
1.22191
1.22191
1.22191
1.22191
1.22191
1.22191
1.22191
1.22191
1.22191
1.22191
1.22191
1.22191
1.22191
1.22191
1.22191
1.22191
1.22191
1.22191
1.22191
1.22191
1.22191
1.22191
1.22191
1.22191
1.22191
1.22191
1.22191
1.22191
1.22191
1.22191
1.22191
1.22191
1.22191
1.22191
1.22191
1.22191
1.22191
1.22191
1.22191
1.22191
1.22191
1.22191
1.22191
1.22191
1.22191
1.22191
1.22191
1.22191
1.22191
1.22191
1.22191
1.22191
1.22191
1.22191
1.22191
1.22191
1.22191
1.22191
1.22191
1.22191
1.22191
1.22191
1.22191
1.22191
1.22191
1.22191
1.22191
1.22191
1.22191
1.22191
1.22191
1.22191
1.22191
1.22191
1.22191
1.22191
1.22191
1.22191
1.22191
1.22191
1.22191
1.22191
1.22191
1.22191
1.22191
1.22191
1.22191
1.22191
1.22191
1.22191
1.22191
1.22191
1.22191
1.22191
1.22191
1.22191
1.22191
1.22191
1.22191
1.22191
1.22191
1.22191
1.22191
1.22191
1.22191
1.22191
1.22191
1.22191
1.22191
1.22191
1.22191
1.22191
1.22191
1.22191
1.22191
1.22191
1.22191
1.22191
1.22191
1.22191
1.22191
1.22191
1.22191
1.22191
1.22191
1.22191
1.22191
1.22191
1.22191
1.22191
1.22191
1.22191
1.22191
1.22191
1.22191
1.22191
1.22191
1.22191
1.22191
1.22191
1.22191
1.22191
1.22191
1.22191
1.22191
1.22191
1.22191
1.22191
1.22191
1.22191
1.22191
1.22191
1.22191
1.22191
1.22191
1.22191
1.22191
1.22191
1.22191
1.22191
1.22191
1.22191
1.22191
1.22191
1.22191
1.22191
1.22191
1.22191
1.22191
1.22191
1.22191
1.22191
1.22191
1.22191
1.22191
1.22191
1.22191
1.22191
1.22191
1.22191
1.22191
1.22191
1.22191
1.22191
1.22191
1.22191
1.22191
1.22191
1.22191
1.22191
1.22191
1.22191
1.22191
1.22191
1.22191
1.22191
1.22191
1.22191
1.22191
1.22191
1.22191
1.22191
1.22191
1.22191
1.22191
1.22191
1.22191
1.22191
1.22191
1.22191
1.22191
1.22191
1.22191
1.22191
1.22191
1.22191
1.22191
1.22191
1.22191
1.22191
1.22191
1.22191
1.22191
1.22191
1.22191
1.22191
1.22191
1.22191
1.22191
1.22191
1.22191
1.22191
1.22191
1.22191
1.22191
1.22191
1.22191
1.22191
1.22191
1.22191
1.22191
1.22191
1.22191
1.22191
1.22191
1.22191
1.22191
1.22191
1.22191
1.22191
1.22191
1.22191
1.22191
1.22191
1.22191
1.22191
1.22191
1.22191
1.22191
1.22191
1.22191
1.22191
1.22191
1.22191
1.22191
1.22191
1.22191
1.22191
1.22191
1.22191
1.22191
1.22191
1.22191
1.22191
1.22191
1.22191
1.22191
1.22191
1.22191
1.22191
1.22191
1.22191
1.22191
1.22191
1.22191
1.22191
1.22191
1.22191
1.22191
1.22191
1.22191
1.22191
1.22191
1.22191
1.22191
1.22191
1.22191
1.22191
1.22191
1.22191
1.22191
1.22191
1.22191
1.22191
1.22191
1.22191
1.22191
1.22191
1.22191
1.22191
1.22191
1.22191
1.22191
1.22191
1.22191
1.22191
1.22191
1.22191
1.22191
1.22191
1.22191
1.22191
1.22191
1.22191
1.22191
1.22191
1.22191
1.22191
1.22191
1.22191
1.22191
1.22191
1.22191
1.22191
1.22191
1.22191
1.22191
1.22191
1.22191
1.22191
1.22191
1.22191
1.22191
1.22191
1.22191
1.22191
1.22191
1.22191
1.22191
1.22191
1.22191
1.22191
1.22191
1.22191
1.22191
1.22191
1.22191
1.22191
1.22191
1.22191
1.22191
1.22191
1.22191
1.22191
1.22191
1.22191
1.22191
1.22191
1.22191
1.22191
1.22191
1.22191
1.22191
1.22191
1.22191
1.22191
1.22191
1.22191
1.22191
1.22191
1.22191
1.22191
1.22191
1.22191
1.22191
1.22191
1.22191
1.22191
1.22191
1.22191
1.22191
1.22191
1.22191
1.22191
1.22191
1.22191
1.22191
1.22191
1.22191
1.22191
1.22191
1.22191
1.22191
1.22191
1.22191
1.22191
1.22191
1.22191
1.22191
1.22191
1.22191
1.22191
1.22191
1.22191
1.22191
1.22191
1.22191
1.22191
1.22191
1.22191
1.22191
1.22191
1.22191
1.22191
1.22191
1.22191
1.22191
1.22191
1.22191
1.22191
1.22191
1.22191
1.22191
1.22191
1.22191
1.22191
1.22191
1.22191
1.22191
1.22191
1.22191
1.22191
1.22191
1.22191
1.22191
1.22191
1.22191
1.22191
1.22191
1.22191
1.22191
1.22191
1.22191
1.22191
1.22191
1.22191
1.22191
1.22191
1.22191
1.22191
1.22191
1.22191
1.22191
1.22191
1.22191
1.22191
1.22191
1.22191
1.22191
1.22191
1.22191
1.22191
1.22191
1.22191
1.22191
1.22191
1.22191
1.22191
1.22191
1.22191
1.22191
1.22191
1.22191
1.22191
1.22191
1.22191
1.22191
1.22191
1.22191
1.22191
1.22191
1.22191
1.22191
1.22191
1.22191
1.22191
1.22191
1.22191
1.22191
1.22191
1.22191
1.22191
1.22191
1.22191
1.22191
1.22191
1.22191
1.22191
1.22191
1.22191
1.22191
1.22191
1.22191
1.22191
1.22191
1.22191
1.22191
1.22191
1.22191
1.22191
1.22191
1.22191
1.22191
1.22191
1.22191
1.22191
1.22191
1.22191
1.22191
1.22191
1.22191
1.22191
1.22191
1.22191
1.22191
1.22191
1.22191
1.22191
1.22191
1.22191
1.22191
1.22191
1.22191
1.22191
1.22191
1.22191
1.22191
1.22191
1.22191
1.22191
1.22191
1.22191
1.22191
1.22191
1.22191
1.22191
1.22191
1.22191
1.22191
1.22191
1.22191
1.22191
1.22191
1.22191
1.22191
1.22191
1.22191
1.22191
1.22191
1.22191
1.22191
1.22191
1.22191
1.22191
1.22191
1.22191
1.22191
1.22191
1.22191
1.22191
1.22191
1.22191
1.22191
1.22191
1.22191
1.22191
1.22191
1.22191
1.22191
1.22191
1.22191
1.22191
1.22191
1.22191
1.22191
1.22191
1.22191
1.22191
1.22191
1.22191
1.22191
1.22191
1.22191
1.22191
1.22191
1.22191
1.22191
1.22191
1.22191
1.22191
1.22191
1.22191
1.22191
1.22191
1.22191
1.22191
1.22191
1.22191
1.22191
1.22191
1.22191
1.22191
1.22191
1.22191
1.22191
1.22191
1.22191
1.22191
1.22191
1.22191
1.22191
1.22191
1.22191
1.22191
1.22191
1.22191
1.22191
1.22191
1.22191
1.22191
1.22191
1.22191
1.22191
1.22191
1.22191
1.22191
1.22191
1.22191
1.22191
1.22191
1.22191
1.22191
1.22191
1.22191
1.22191
1.22191
1.22191
1.22191
1.22191
1.22191
1.22191
1.22191
1.22191
1.22191
1.22191
1.22191
1.22191
1.22191
1.22191
1.22191
1.22191
1.22191
1.22191
1.22191
1.22191
1.22191
1.22191
1.22191
1.22191
1.22191
1.22191
1.22191
1.22191
1.22191
1.22191
1.22191
1.22191
1.22191
1.22191
1.22191
1.22191
1.22191
1.22191
1.22191
1.22191
1.22191
1.22191
1.22191
1.22191
1.22191
1.22191
1.22191
1.22191
1.22191
1.22191
1.22191
1.22191
1.22191
1.22191
1.22191
1.22191
1.22191
1.22191
1.22191
1.22191
1.22191
1.22191
1.22191
1.22191
1.22191
1.22191
1.22191
1.22191
1.22191
1.22191
1.22191
1.22191
1.22191
1.22191
1.22191
1.22191
1.22191
1.22191
1.22191
1.22191
1.22191
1.22191
1.22191
1.22191
1.22191
1.22191
1.22191
1.22191
1.22191
1.22191
1.22191
1.22191
1.22191
1.22191
1.22191
1.22191
1.22191
1.22191
1.22191
1.22191
1.22191
1.22191
1.22191
1.22191
1.22191
1.22191
1.22191
1.22191
1.22191
1.22191
1.22191
1.22191
1.22191
1.22191
1.22191
1.22191
1.22191
1.22191
1.22191
1.22191
1.22191
1.22191
1.22191
1.22191
1.22191
1.22191
1.22191
1.22191
1.22191
1.22191
1.22191
1.22191
1.22191
1.22191
1.22191
1.22191
1.22191
1.22191
1.22191
1.22191
1.22191
1.22191
1.22191
1.22191
1.22191
1.22191
1.22191
1.22191
1.22191
1.22191
1.22191
1.22191
1.22191
1.22191
1.22191
1.22191
1.22191
1.22191
1.22191
1.22191
1.22191
1.22191
1.22191
1.22191
1.22191
1.22191
1.22191
1.22191
1.22191
1.22191
1.22191
1.22191
1.22191
1.22191
1.22191
1.22191
1.22191
1.22191
1.22191
1.22191
1.22191
1.22191
1.22191
1.22191
1.22191
1.22191
1.22191
1.22191
1.22191
1.22191
1.22191
1.22191
1.22191
1.22191
1.22191
1.22191
1.22191
1.22191
1.22191
1.22191
1.22191
1.22191
1.22191
1.22191
1.22191
1.22191
1.22191
1.22191
1.22191
1.22191
1.22191
1.22191
1.22191
1.22191
1.22191
1.22191
1.22191
1.22191
1.22191
1.22191
1.22191
1.22191
1.22191
1.22191
1.22191
1.22191
1.22191
1.22191
1.22191
1.22191
1.22191
1.22191
1.22191
1.22191
1.22191
1.22191
1.22191
1.22191
1.22191
1.22191
1.22191
1.22191
1.22191
1.22191
1.22191
1.22191
1.22191
1.22191
1.22191
1.22191
1.22191
1.22191
1.22191
1.22191
1.22191
1.22191
1.22191
1.22191
1.22191
1.22191
1.22191
1.22191
1.22191
1.22191
1.22191
1.22191
1.22191
1.22191
1.22191
1.22191
1.22191
1.22191
1.22191
1.22191
1.22191
1.22191
1.22191
1.22191
1.22191
1.22191
1.22191
1.22191
1.22191
1.22191
1.22191
1.22191
1.22191
1.22191
1.22191
1.22191
1.22191
1.22191
1.22191
1.22191
1.22191
1.22191
1.22191
1.22191
1.22191
1.22191
1.22191
1.22191
1.22191
1.22191
1.22191
1.22191
1.22191
1.22191
1.22191
1.22191
1.22191
1.22191
1.22191
1.22191
1.22191
1.22191
1.22191
1.22191
1.22191
1.22191
1.22191
1.22191
1.22191
1.22191
1.22191
1.22191
1.22191
1.22191
1.22191
1.22191
1.22191
1.22191
1.22191
1.22191
1.22191
1.22191
1.22191
1.22191
1.22191
1.22191
1.22191
1.22191
1.22191
1.22191
1.22191
1.22191
1.22191
1.22191
1.22191
1.22191
1.22191
1.22191
1.22191
1.22191
1.22191
1.22191
1.22191
1.22191
1.22191
1.22191
1.22191
1.22191
1.22191
1.22191
1.22191
1.22191
1.22191
1.22191
1.22191
1.22191
1.22191
1.22191
1.22191
1.22191
1.22191
1.22191
1.22191
1.22191
1.22191
1.22191
1.22191
1.22191
1.22191
1.22191
1.22191
1.22191
1.22191
1.22191
1.22191
1.22191
1.22191
1.22191
1.22191
1.22191
1.22191
1.22191
1.22191
1.22191
1.22191
1.22191
1.22191
1.22191
1.22191
1.22191
1.22191
1.22191
1.22191
1.22191
1.22191
1.22191
1.22191
1.22191
1.22191
1.22191
1.22191
1.22191
1.22191
1.22191
1.22191
1.22191
1.22191
1.22191
1.22191
1.22191
1.22191
1.22191
1.22191
1.22191
1.22191
1.22191
1.22191
1.22191
1.22191
1.22191
1.22191
1.22191
1.22191
1.22191
1.22191
1.22191
1.22191
1.22191
1.22191
1.22191
1.22191
1.22191
1.22191
1.22191
1.22191
1.22191
1.22191
1.22191
1.22191
1.22191
1.22191
1.22191
1.22191
1.22191
1.22191
1.22191
1.22191
1.22191
1.22191
1.22191
1.22191
1.22191
1.22191
1.22191
1.22191
1.22191
1.22191
1.22191
1.22191
1.22191
1.22191
1.22191
1.22191
1.22191
1.22191
1.22191
1.22191
1.22191
1.22191
1.22191
1.22191
1.22191
1.22191
1.22191
1.22191
1.22191
1.22191
1.22191
1.22191
1.22191
1.22191
1.22191
1.22191
1.22191
1.22191
1.22191
1.22191
1.22191
1.22191
1.22191
1.22191
1.22191
1.22191
1.22191
1.22191
1.22191
1.22191
1.22191
1.22191
1.22191
1.22191
1.22191
1.22191
1.22191
1.22191
1.22191
1.22191
1.22191
1.22191
1.22191
1.22191
1.22191
1.22191
1.22191
1.22191
1.22191
1.22191
1.22191
1.22191
1.22191
1.22191
1.22191
1.22191
1.22191
1.22191
1.22191
1.22191
1.22191
1.22191
1.22191
1.22191
1.22191
1.22191
1.22191
1.22191
1.22191
1.22191
1.22191
1.22191
1.22191
1.22191
1.22191
1.22191
1.22191
1.22191
1.22191
1.22191
1.22191
1.22191
1.22191
1.22191
1.22191
1.22191
1.22191
1.22191
1.22191
1.22191
1.22191
1.22191
1.22191
1.22191
1.22191
1.22191
1.22191
1.22191
1.22191
1.22191
1.22191
1.22191
1.22191
1.22191
1.22191
1.22191
1.22191
1.22191
1.22191
1.22191
1.22191
1.22191
1.22191
1.22191
1.22191
1.22191
1.22191
1.22191
1.22191
1.22191
1.22191
1.22191
1.22191
1.22191
1.22191
1.22191
1.22191
1.22191
1.22191
1.22191
1.22191
1.22191
1.22191
1.22191
1.22191
1.22191
1.22191
1.22191
1.22191
1.22191
1.22191
1.22191
1.22191
1.22191
1.22191
1.22191
1.22191
1.22191
1.22191
1.22191
1.22191
1.22191
1.22191
1.22191
1.22191
1.22191
1.22191
1.22191
1.22191
1.22191
1.22191
1.22191
1.22191
1.22191
1.22191
1.22191
1.22191
1.22191
1.22191
1.22191
1.22191
1.22191
1.22191
1.22191
1.22191
1.22191
1.22191
1.22191
1.22191
1.22191
1.22191
1.22191
1.22191
1.22191
1.22191
1.22191
1.22191
1.22191
1.22191
1.22191
1.22191
1.22191
1.22191
1.22191
1.22191
1.22191
1.22191
1.22191
1.22191
1.22191
1.22191
1.22191
1.22191
1.22191
1.22191
1.22191
1.22191
1.22191
1.22191
1.22191
1.22191
1.22191
1.22191
1.22191
1.22191
1.22191
1.22191
1.22191
1.22191
1.22191
1.22191
1.22191
1.22191
1.22191
1.22191
1.22191
1.22191
1.22191
1.22191
1.22191
1.22191
1.22191
1.22191
1.22191
1.22191
1.22191
1.22191
1.22191
1.22191
1.22191
1.22191
1.22191
1.22191
1.22191
1.22191
1.22191
1.22191
1.22191
1.22191
1.22191
1.22191
1.22191
1.22191
1.22191
1.22191
1.22191
1.22191
1.22191
1.22191
1.22191
1.22191
1.22191
1.22191
1.22191
1.22191
1.22191
1.22191
1.22191
1.22191
1.22191
1.22191
1.22191
1.22191
1.22191
1.22191
1.22191
1.22191
1.22191
1.22191
1.22191
1.22191
1.22191
1.22191
1.22191
1.22191
1.22191
1.22191
1.22191
1.22191
1.22191
1.22191
1.22191
1.22191
1.22191
1.22191
1.22191
1.22191
1.22191
1.22191
1.22191
1.22191
1.22191
1.22191
1.22191
1.22191
1.22191
1.22191
1.22191
1.22191
1.22191
1.22191
1.22191
1.22191
1.22191
1.22191
1.22191
1.22191
1.22191
1.22191
1.22191
1.22191
1.22191
1.22191
1.22191
1.22191
1.22191
1.22191
1.22191
1.22191
1.22191
1.22191
1.22191
1.22191
1.22191
1.22191
1.22191
1.22191
1.22191
1.22191
1.22191
1.22191
1.22191
1.22191
1.22191
1.22191
1.22191
1.22191
1.22191
1.22191
1.22191
1.22191
1.22191
1.22191
1.22191
1.22191
1.22191
1.22191
1.22191
1.22191
1.22191
1.22191
1.22191
1.22191
1.22191
1.22191
1.22191
1.22191
1.22191
1.22191
1.22191
1.22191
1.22191
1.22191
1.22191
1.22191
1.22191
1.22191
1.22191
1.22191
1.22191
1.22191
1.22191
1.22191
1.22191
1.22191
1.22191
1.22191
1.22191
1.22191
1.22191
1.22191
1.22191
1.22191
1.22191
1.22191
1.22191
1.22191
1.22191
1.22191
1.22191
1.22191
1.22191
1.22191
1.22191
1.22191
1.22191
1.22191
1.22191
1.22191
1.22191
1.22191
1.22191
1.22191
1.22191
1.22191
1.22191
1.22191
1.22191
1.22191
1.22191
1.22191
1.22191
1.22191
1.22191
1.22191
1.22191
1.22191
1.22191
1.22191
1.22191
1.22191
1.22191
1.22191
1.22191
1.22191
1.22191
1.22191
1.22191
1.22191
1.22191
1.22191
1.22191
1.22191
1.22191
1.22191
1.22191
1.22191
1.22191
1.22191
1.22191
1.22191
1.22191
1.22191
1.22191
1.22191
1.22191
1.22191
1.22191
1.22191
1.22191
1.22191
1.22191
1.22191
1.22191
1.22191
1.22191
1.22191
1.22191
1.22191
1.22191
1.22191
1.22191
1.22191
1.22191
1.22191
1.22191
1.22191
1.22191
1.22191
1.22191
1.22191
1.22191
1.22191
1.22191
1.22191
1.22191
1.22191
1.22191
1.22191
1.22191
1.22191
1.22191
1.22191
1.22191
1.22191
1.22191
1.22191
1.22191
1.22191
1.22191
1.22191
1.22191
1.22191
1.22191
1.22191
1.22191
1.22191
1.22191
1.22191
1.22191
1.22191
1.22191
1.22191
1.22191
1.22191
1.22191
1.22191
1.22191
1.22191
1.22191
1.22191
1.22191
1.22191
1.22191
1.22191
1.22191
1.22191
1.22191
1.22191
1.22191
1.22191
1.22191
1.22191
1.22191
1.22191
1.22191
1.22191
1.22191
1.22191
1.22191
1.22191
1.22191
1.22191
1.22191
1.22191
1.22191
1.22191
1.22191
1.22191
1.22191
1.22191
1.22191
1.22191
1.22191
1.22191
1.22191
1.22191
1.22191
1.22191
1.22191
1.22191
1.22191
1.22191
1.22191
1.22191
1.22191
1.22191
1.22191
1.22191
1.22191
1.22191
1.22191
1.22191
1.22191
1.22191
1.22191
1.22191
1.22191
1.22191
1.22191
1.22191
1.22191
1.22191
1.22191
1.22191
1.22191
1.22191
1.22191
1.22191
1.22191
1.22191
1.22191
1.22191
1.22191
1.22191
1.22191
1.22191
1.22191
1.22191
1.22191
1.22191
1.22191
1.22191
1.22191
1.22191
1.22191
1.22191
1.22191
1.22191
1.22191
1.22191
1.22191
1.22191
1.22191
1.22191
1.22191
1.22191
1.22191
1.22191
1.22191
1.22191
1.22191
1.22191
1.22191
1.22191
1.22191
1.22191
1.22191
1.22191
1.22191
1.22191
1.22191
1.22191
1.22191
1.22191
1.22191
1.22191
1.22191
1.22191
1.22191
1.22191
1.22191
1.22191
1.22191
1.22191
1.22191
1.22191
1.22191
1.22191
1.22191
1.22191
1.22191
1.22191
1.22191
1.22191
1.22191
1.22191
1.22191
1.22191
1.22191
1.22191
1.22191
1.22191
1.22191
1.22191
1.22191
1.22191
1.22191
1.22191
1.22191
1.22191
1.22191
1.22191
1.22191
1.22191
1.22191
1.22191
1.22191
1.22191
1.22191
1.22191
1.22191
1.22191
1.22191
1.22191
1.22191
1.22191
1.22191
1.22191
1.22191
1.22191
1.22191
1.22191
1.22191
1.22191
1.22191
1.22191
1.22191
1.22191
1.22191
1.22191
1.22191
1.22191
1.22191
1.22191
1.22191
1.22191
1.22191
1.22191
1.22191
1.22191
1.22191
1.22191
1.22191
1.22191
1.22191
1.22191
1.22191
1.22191
1.22191
1.22191
1.22191
1.22191
1.22191
1.22191
1.22191
1.22191
1.22191
1.22191
1.22191
1.22191
1.22191
1.22191
1.22191
1.22191
1.22191
1.22191
1.22191
1.22191
1.22191
1.22191
1.22191
1.22191
1.22191
1.22191
1.22191
1.22191
1.22191
1.22191
1.22191
1.22191
1.22191
1.22191
1.22191
1.22191
1.22191
1.22191
1.22191
1.22191
1.22191
1.22191
1.22191
1.22191
1.22191
1.22191
1.22191
1.22191
1.22191
1.22191
1.22191
1.22191
1.22191
1.22191
1.22191
1.22191
1.22191
1.22191
1.22191
1.22191
1.22191
1.22191
1.22191
1.22191
1.22191
1.22191
1.22191
1.22191
1.22191
1.22191
1.22191
1.22191
1.22191
1.22191
1.22191
1.22191
1.22191
1.22191
1.22191
1.22191
1.22191
1.22191
1.22191
1.22191
1.22191
1.22191
1.22191
1.22191
1.22191
1.22191
1.22191
1.22191
1.22191
1.22191
1.22191
1.22191
1.22191
1.22191
1.22191
1.22191
1.22191
1.22191
1.22191
1.22191
1.22191
1.22191
1.22191
1.22191
1.22191
1.22191
1.22191
1.22191
1.22191
1.22191
1.22191
1.22191
1.22191
1.22191
1.22191
1.22191
1.22191
1.22191
1.22191
1.22191
1.22191
1.22191
1.22191
1.22191
1.22191
1.22191
1.22191
1.22191
1.22191
1.22191
1.22191
1.22191
1.22191
1.22191
1.22191
1.22191
1.22191
1.22191
1.22191
1.22191
1.22191
1.22191
1.22191
1.22191
1.22191
1.22191
1.22191
1.22191
1.22191
1.22191
1.22191
1.22191
1.22191
1.22191
1.22191
1.22191
1.22191
1.22191
1.22191
1.22191
1.22191
1.22191
1.22191
1.22191
1.22191
1.22191
1.22191
1.22191
1.22191
1.22191
1.22191
1.22191
1.22191
1.22191
1.22191
1.22191
1.22191
1.22191
1.22191
1.22191
1.22191
1.22191
1.22191
1.22191
1.22191
1.22191
1.22191
1.22191
1.22191
1.22191
1.22191
1.22191
1.22191
1.22191
1.22191
1.22191
1.22191
1.22191
1.22191
1.22191
1.22191
1.22191
1.22191
1.22191
1.22191
1.22191
1.22191
1.22191
1.22191
1.22191
1.22191
1.22191
1.22191
1.22191
1.22191
1.22191
1.22191
1.22191
1.22191
1.22191
1.22191
1.22191
1.22191
1.22191
1.22191
1.22191
1.22191
1.22191
1.22191
1.22191
1.22191
1.22191
1.22191
1.22191
1.22191
1.22191
1.22191
1.22191
1.22191
1.22191
1.22191
1.22191
1.22191
1.22191
1.22191
1.22191
1.22191
1.22191
1.22191
1.22191
1.22191
1.22191
1.22191
1.22191
1.22191
1.22191
1.22191
1.22191
1.22191
1.22191
1.22191
1.22191
1.22191
1.22191
1.22191
1.22191
1.22191
1.22191
1.22191
1.22191
1.22191
1.22191
1.22191
1.22191
1.22191
1.22191
1.22191
1.22191
1.22191
1.22191
1.22191
1.22191
1.22191
1.22191
1.22191
1.22191
1.22191
1.22191
1.22191
1.22191
1.22191
1.22191
1.22191
1.22191
1.22191
1.22191
1.22191
1.22191
1.22191
1.22191
1.22191
1.22191
1.22191
1.22191
1.22191
1.22191
1.22191
1.22191
1.22191
1.22191
1.22191
1.22191
1.22191
1.22191
1.22191
1.22191
1.22191
1.22191
1.22191
1.22191
1.22191
1.22191
1.22191
1.22191
1.22191
1.22191
1.22191
1.22191
1.22191
1.22191
1.22191
1.22191
1.22191
1.22191
1.22191
1.22191
1.22191
1.22191
1.22191
1.22191
1.22191
1.22191
1.22191
1.22191
1.22191
1.22191
1.22191
1.22191
1.22191
1.22191
1.22191
1.22191
1.22191
1.22191
1.22191
1.22191
1.22191
1.22191
1.22191
1.22191
1.22191
1.22191
1.22191
1.22191
1.22191
1.22191
1.22191
1.22191
1.22191
1.22191
1.46084
1.83557
2.12473
2.61156
2.58326
2.6281
2.57
2.4715
2.28326
2.2493
2.22718
2.21982
2.2194
2.22752
2.2406
2.2444
2.24567
2.25034
2.25048
2.24416
2.23542
2.23485
2.23718
2.24523
2.25203
2.25506
2.25385
2.25244
2.25221
2.25368
2.25679
2.25789
2.25892
2.2602
2.2607
2.26107
2.26012
2.2587
2.25771
2.25665
2.25647
2.25692
2.25748
2.25873
2.26044
2.26173
2.26258
2.26345
2.26383
2.26448
2.26614
2.26723
2.26449
2.26141
2.256
2.24894
2.23645
2.22659
2.22866
2.2324
2.23868
2.2466
2.2551
2.26139
2.26541
2.26784
2.26753
2.2666
2.26521
2.2633
2.26153
2.25992
2.25843
2.25743
2.2567
1.24673
1.29609
1.45125
1.6258
1.94659
2.21884
2.31842
2.34277
2.47991
2.46711
2.42459
2.3378
2.28215
2.25857
2.26399
2.27787
2.28339
2.28047
2.27113
2.26012
2.25541
2.25959
2.2695
2.28016
2.28485
2.28502
2.285
2.28576
2.28634
2.28544
2.28417
2.2838
2.28426
2.28572
2.28936
2.2946
2.29659
2.29793
2.29847
2.29778
2.29706
2.2958
2.29491
2.29437
2.29435
2.29437
2.29453
2.29506
2.29527
2.29656
2.29902
2.29939
2.29798
2.2954
2.29037
2.28358
2.27144
2.26445
2.26731
2.2709
2.27505
2.28026
2.28367
2.28606
2.28659
2.28566
2.28351
2.28067
2.27828
2.27673
2.27577
2.27477
2.27422
2.27427
2.27536
1.22267
1.22547
1.23668
1.26488
1.42548
1.63892
1.99855
2.3811
2.52249
2.51971
2.42975
2.28185
2.26743
2.26523
2.27488
2.29592
2.29558
2.2872
2.27391
2.26508
2.26479
2.26961
2.27845
2.28492
2.2864
2.28628
2.28542
2.28582
2.28653
2.28703
2.28593
2.28589
2.28692
2.28883
2.29173
2.29448
2.29542
2.29571
2.2964
2.29675
2.29726
2.29696
2.29586
2.29456
2.29366
2.29314
2.29277
2.29313
2.29421
2.29583
2.29732
2.29763
2.29598
2.2925
2.28707
2.28049
2.27402
2.26969
2.27117
2.27437
2.27899
2.28349
2.28795
2.2903
2.29175
2.29146
2.29059
2.28974
2.28893
2.28874
2.28854
2.28813
2.28792
2.28797
2.28821
1.22194
1.22202
1.22234
1.22376
1.23144
1.26314
1.38077
1.67379
2.07417
2.26913
2.29923
2.32677
2.36747
2.3816
2.37016
2.34067
2.30775
2.27713
2.261
2.26139
2.264
2.27028
2.26873
2.26763
2.2683
2.2696
2.27071
2.27167
2.27161
2.27097
2.26853
2.26878
2.27072
2.274
2.27872
2.28082
2.28281
2.28491
2.28639
2.28624
2.2872
2.2873
2.28732
2.28626
2.28532
2.28356
2.28128
2.28136
2.28305
2.28507
2.28687
2.28653
2.28393
2.28007
2.27749
2.27454
2.27265
2.27043
2.27014
2.27169
2.27432
2.27621
2.27743
2.27859
2.2799
2.27906
2.27658
2.27721
2.27816
2.27941
2.28055
2.28193
2.28303
2.28451
2.28488
1.22191
1.22192
1.22193
1.22197
1.2222
1.22341
1.2294
1.27386
1.40436
1.75165
2.22614
2.38226
2.38112
2.38774
2.37194
2.32962
2.30075
2.294
2.30093
2.29702
2.28202
2.27456
2.26761
2.26168
2.26245
2.26631
2.27075
2.27462
2.27513
2.27435
2.27187
2.27222
2.27419
2.27673
2.2793
2.27922
2.27622
2.27323
2.27131
2.26904
2.26744
2.26746
2.26917
2.26916
2.26902
2.27024
2.27315
2.27626
2.2796
2.28138
2.28244
2.28177
2.27976
2.27676
2.27563
2.27602
2.27867
2.28005
2.27823
2.2787
2.27792
2.27608
2.27434
2.27208
2.26919
2.26715
2.26781
2.26923
2.27106
2.27333
2.27542
2.27708
2.27888
2.27997
2.27984
1.22191
1.22191
1.22191
1.22191
1.22192
1.22196
1.22216
1.22376
1.23185
1.29908
1.51939
1.9012
2.16487
2.24478
2.26567
2.27493
2.33138
2.34098
2.33002
2.31125
2.29077
2.27865
2.27609
2.27483
2.27548
2.278
2.27925
2.27901
2.27638
2.27146
2.26776
2.2654
2.26581
2.26692
2.26777
2.26839
2.26772
2.26695
2.26734
2.26656
2.26546
2.26487
2.26421
2.26457
2.26541
2.26788
2.27193
2.27505
2.27802
2.27991
2.27987
2.27815
2.27701
2.27642
2.27619
2.27744
2.28128
2.28521
2.28562
2.28481
2.28257
2.27965
2.27645
2.27289
2.26805
2.26596
2.26689
2.26768
2.26907
2.27107
2.27212
2.27479
2.27423
2.27348
2.27228
1.22191
1.22191
1.22191
1.22191
1.22191
1.22191
1.22192
1.22196
1.22229
1.22501
1.24239
1.36003
1.6382
1.93566
2.15389
2.25746
2.44682
2.37329
2.29832
2.26047
2.26444
2.26672
2.26273
2.25645
2.25466
2.25699
2.26288
2.27015
2.27377
2.27543
2.27746
2.27898
2.27867
2.27706
2.27416
2.27077
2.27103
2.27124
2.2731
2.27571
2.27584
2.27581
2.27462
2.27597
2.27709
2.2797
2.28308
2.28345
2.28365
2.28285
2.28041
2.27668
2.27342
2.2731
2.27427
2.27798
2.28347
2.28753
2.28728
2.28471
2.2816
2.27687
2.27298
2.26928
2.26687
2.26676
2.26795
2.26895
2.27023
2.27184
2.27363
2.27481
2.27488
2.27332
2.27156
1.22191
1.22191
1.22191
1.22191
1.22191
1.22191
1.22191
1.22191
1.22193
1.22201
1.22268
1.22823
1.2561
1.37204
1.64855
1.94955
2.29448
2.26245
2.26362
2.29302
2.32537
2.30615
2.27826
2.25073
2.24899
2.25563
2.27267
2.28075
2.27874
2.27549
2.27392
2.27265
2.27043
2.26692
2.26163
2.26079
2.2624
2.26592
2.27054
2.2748
2.27318
2.27382
2.27319
2.27306
2.27367
2.2766
2.27968
2.27931
2.27881
2.27827
2.27419
2.27104
2.27112
2.27382
2.27751
2.28236
2.28797
2.2879
2.28676
2.28457
2.28014
2.27583
2.27145
2.26759
2.26638
2.26718
2.26865
2.27109
2.27373
2.27553
2.27857
2.27832
2.2772
2.27582
2.27363
1.22191
1.22191
1.22191
1.22191
1.22191
1.22191
1.22191
1.22191
1.22191
1.22192
1.22194
1.22208
1.22301
1.22915
1.26275
1.4305
1.63779
2.08254
2.33959
2.33234
2.32962
2.29527
2.26198
2.24865
2.25583
2.28083
2.28921
2.28861
2.28608
2.28578
2.28836
2.28712
2.28245
2.27249
2.26654
2.26623
2.26848
2.27259
2.27725
2.28033
2.27821
2.27771
2.27781
2.27717
2.27824
2.28111
2.28208
2.28037
2.27789
2.27456
2.27182
2.27245
2.27411
2.2779
2.28118
2.28595
2.29193
2.292
2.29091
2.2875
2.27988
2.2743
2.26912
2.26545
2.26625
2.26832
2.27163
2.27522
2.27824
2.28089
2.28301
2.28242
2.28102
2.27909
2.27663
1.22191
1.22191
1.22191
1.22191
1.22191
1.22191
1.22191
1.22191
1.22191
1.22191
1.22191
1.22192
1.22194
1.22212
1.22336
1.23242
1.27084
1.45306
1.82687
2.12495
2.18602
2.24838
2.30146
2.34367
2.33778
2.32496
2.30446
2.28107
2.28063
2.28509
2.28963
2.28791
2.2793
2.26898
2.2695
2.27209
2.27722
2.28129
2.28105
2.28034
2.27894
2.2771
2.27766
2.27871
2.28085
2.2838
2.28399
2.28207
2.27944
2.27269
2.27192
2.27485
2.27807
2.27913
2.28133
2.28465
2.28464
2.2855
2.28472
2.28127
2.27751
2.27393
2.27105
2.27064
2.27174
2.27416
2.2777
2.28144
2.28372
2.28429
2.28484
2.28445
2.28321
2.28172
2.27915
1.22191
1.22191
1.22191
1.22191
1.22191
1.22191
1.22191
1.22191
1.22191
1.22191
1.22191
1.22191
1.22191
1.22192
1.22195
1.22219
1.22381
1.23777
1.30514
1.58497
1.88399
2.19249
2.38092
2.36266
2.32527
2.28493
2.25781
2.25941
2.27578
2.29391
2.29711
2.28682
2.2766
2.26998
2.27081
2.27273
2.277
2.27781
2.27602
2.27525
2.27671
2.27705
2.27902
2.28153
2.28422
2.28518
2.2842
2.28326
2.28178
2.27852
2.27515
2.27633
2.27836
2.28072
2.28387
2.28318
2.28207
2.28156
2.27941
2.27482
2.27317
2.27322
2.27418
2.27521
2.27706
2.27919
2.28157
2.28427
2.28421
2.28406
2.28335
2.28242
2.28082
2.27986
2.27776
1.22191
1.22191
1.22191
1.22191
1.22191
1.22191
1.22191
1.22191
1.22191
1.22191
1.22191
1.22191
1.22191
1.22191
1.22191
1.22192
1.22198
1.22241
1.22578
1.24913
1.38332
1.62946
1.97456
2.13863
2.27328
2.28095
2.27208
2.28783
2.31418
2.31173
2.29749
2.27513
2.2748
2.27842
2.28104
2.28005
2.27883
2.27546
2.27308
2.27235
2.27292
2.27525
2.27829
2.28086
2.28325
2.28407
2.28311
2.28218
2.28063
2.2791
2.27676
2.2766
2.27734
2.28071
2.28311
2.28208
2.28105
2.27929
2.27576
2.27185
2.27298
2.2743
2.27696
2.27892
2.28228
2.28441
2.28448
2.28499
2.28415
2.28257
2.28117
2.27995
2.27864
2.27787
2.27619
1.22191
1.22191
1.22191
1.22191
1.22191
1.22191
1.22191
1.22191
1.22191
1.22191
1.22191
1.22191
1.22191
1.22191
1.22191
1.22191
1.22191
1.22193
1.22203
1.22292
1.23032
1.26877
1.39859
1.70771
2.15257
2.2652
2.32612
2.34671
2.32783
2.29554
2.28099
2.29006
2.28829
2.29013
2.28753
2.28449
2.27994
2.27552
2.27506
2.27597
2.277
2.27908
2.2799
2.28097
2.28082
2.28203
2.28356
2.28337
2.28216
2.2821
2.28162
2.28002
2.28032
2.28136
2.28107
2.28006
2.279
2.27625
2.27232
2.27204
2.27202
2.27435
2.27601
2.27922
2.28133
2.28374
2.28404
2.28328
2.28254
2.28112
2.27964
2.27832
2.27715
2.27666
2.27661
1.22191
1.22191
1.22191
1.22191
1.22191
1.22191
1.22191
1.22191
1.22191
1.22191
1.22191
1.22191
1.22191
1.22191
1.22191
1.22191
1.22191
1.22191
1.22192
1.22194
1.22215
1.22366
1.23176
1.31614
1.45028
1.81413
2.17441
2.21477
2.24582
2.27866
2.32061
2.31393
2.30037
2.28093
2.28012
2.28036
2.27802
2.27633
2.27093
2.27013
2.27375
2.27828
2.281
2.28372
2.28714
2.29121
2.2934
2.29103
2.28872
2.28768
2.28663
2.28367
2.28364
2.28193
2.27933
2.27649
2.2735
2.26957
2.2666
2.26699
2.26937
2.27018
2.27242
2.27545
2.27804
2.2807
2.28083
2.27987
2.27916
2.27874
2.27845
2.27824
2.27789
2.278
2.27702
1.22191
1.22191
1.22191
1.22191
1.22191
1.22191
1.22191
1.22191
1.22191
1.22191
1.22191
1.22191
1.22191
1.22191
1.22191
1.22191
1.22191
1.22191
1.22191
1.22191
1.22192
1.22196
1.22231
1.2259
1.24048
1.34258
1.61698
1.91736
2.1628
2.29172
2.34618
2.33263
2.27091
2.27232
2.28118
2.28365
2.28071
2.27154
2.26476
2.26534
2.26976
2.27602
2.27462
2.27531
2.27844
2.28557
2.29224
2.29236
2.29174
2.29082
2.29077
2.29086
2.2903
2.28619
2.28271
2.27937
2.2755
2.27226
2.26987
2.26947
2.26921
2.26964
2.27197
2.2742
2.27557
2.27666
2.27694
2.2771
2.27684
2.27714
2.27781
2.27843
2.27884
2.27926
2.27747
1.22191
1.22191
1.22191
1.22191
1.22191
1.22191
1.22191
1.22191
1.22191
1.22191
1.22191
1.22191
1.22191
1.22191
1.22191
1.22191
1.22191
1.22191
1.22191
1.22191
1.22191
1.22191
1.22193
1.22202
1.22266
1.22815
1.25835
1.42332
1.68795
1.96432
2.25175
2.25001
2.26755
2.29639
2.31505
2.3052
2.28869
2.27534
2.27297
2.27781
2.28089
2.27923
2.27227
2.27229
2.27782
2.2855
2.2916
2.29143
2.29088
2.29041
2.2892
2.28845
2.28681
2.28775
2.2857
2.28229
2.27723
2.27465
2.27433
2.27329
2.27326
2.2736
2.2719
2.27188
2.27229
2.27358
2.27408
2.27488
2.27535
2.27638
2.27774
2.27931
2.28052
2.28018
2.2779
1.22191
1.22191
1.22191
1.22191
1.22191
1.22191
1.22191
1.22191
1.22191
1.22191
1.22191
1.22191
1.22191
1.22191
1.22191
1.22191
1.22191
1.22191
1.22191
1.22191
1.22191
1.22191
1.22191
1.22192
1.22194
1.22211
1.22342
1.23482
1.28362
1.46201
1.80089
2.12667
2.28762
2.32555
2.31484
2.2936
2.28164
2.28296
2.28484
2.28724
2.28132
2.2699
2.26572
2.26935
2.27815
2.28644
2.28765
2.28545
2.28276
2.28156
2.28025
2.2806
2.28169
2.28338
2.28224
2.28095
2.27886
2.27849
2.2785
2.27707
2.27622
2.27627
2.2756
2.2749
2.27401
2.27285
2.27269
2.27316
2.27366
2.27476
2.27616
2.27734
2.27769
2.27704
2.27437
1.22191
1.22191
1.22191
1.22191
1.22191
1.22191
1.22191
1.22191
1.22191
1.22191
1.22191
1.22191
1.22191
1.22191
1.22191
1.22191
1.22191
1.22191
1.22191
1.22191
1.22191
1.22191
1.22191
1.22191
1.22191
1.22192
1.22196
1.22231
1.22434
1.2429
1.31062
1.59096
1.9711
2.21015
2.21738
2.24453
2.28434
2.30316
2.29988
2.29406
2.28255
2.26695
2.269
2.27436
2.27975
2.27979
2.2748
2.26923
2.27016
2.27135
2.2729
2.27528
2.27764
2.27962
2.28204
2.28223
2.28224
2.28212
2.28231
2.28194
2.28022
2.27876
2.27783
2.27613
2.27438
2.27275
2.27083
2.27063
2.2713
2.27221
2.27361
2.27441
2.27422
2.27315
2.27136
1.22191
1.22191
1.22191
1.22191
1.22191
1.22191
1.22191
1.22191
1.22191
1.22191
1.22191
1.22191
1.22191
1.22191
1.22191
1.22191
1.22191
1.22191
1.22191
1.22191
1.22191
1.22191
1.22191
1.22191
1.22191
1.22191
1.22191
1.22192
1.22199
1.22259
1.22668
1.2702
1.43783
1.79315
2.02403
2.22674
2.31887
2.30797
2.25742
2.25752
2.25855
2.25958
2.27065
2.28669
2.28672
2.28005
2.27033
2.2638
2.26216
2.26191
2.26507
2.27045
2.27438
2.27967
2.28188
2.2831
2.28395
2.28427
2.28348
2.28268
2.28168
2.28086
2.27917
2.27669
2.27313
2.26967
2.26751
2.26697
2.26846
2.26949
2.27111
2.27089
2.27083
2.26918
2.26989
1.22191
1.22191
1.22191
1.22191
1.22191
1.22191
1.22191
1.22191
1.22191
1.22191
1.22191
1.22191
1.22191
1.22191
1.22191
1.22191
1.22191
1.22191
1.22191
1.22191
1.22191
1.22191
1.22191
1.22191
1.22191
1.22191
1.22191
1.22191
1.22192
1.22193
1.22211
1.22391
1.23972
1.30905
1.58448
1.93904
2.18989
2.2124
2.2583
2.30813
2.29947
2.29499
2.30606
2.3089
2.30021
2.28128
2.26845
2.26708
2.26774
2.27201
2.27682
2.28216
2.28119
2.28115
2.28007
2.27965
2.28013
2.28195
2.28214
2.28213
2.28106
2.27846
2.27533
2.27278
2.26971
2.26692
2.26631
2.26571
2.26578
2.26632
2.26869
2.2663
2.26755
2.26683
2.27032
1.22191
1.22191
1.22191
1.22191
1.22191
1.22191
1.22191
1.22191
1.22191
1.22191
1.22191
1.22191
1.22191
1.22191
1.22191
1.22191
1.22191
1.22191
1.22191
1.22191
1.22191
1.22191
1.22191
1.22191
1.22191
1.22191
1.22191
1.22191
1.22191
1.22191
1.22192
1.22198
1.22255
1.2263
1.27288
1.3908
1.7013
2.03814
2.29117
2.29929
2.27947
2.26825
2.30947
2.30745
2.28803
2.26753
2.26558
2.26779
2.27233
2.27899
2.28429
2.28452
2.28419
2.27996
2.27722
2.27805
2.27994
2.2801
2.28018
2.27942
2.27751
2.27418
2.27001
2.26696
2.26494
2.26388
2.26353
2.26316
2.26388
2.26429
2.26522
2.26584
2.26595
2.26695
2.27026
1.22191
1.22191
1.22191
1.22191
1.22191
1.22191
1.22191
1.22191
1.22191
1.22191
1.22191
1.22191
1.22191
1.22191
1.22191
1.22191
1.22191
1.22191
1.22191
1.22191
1.22191
1.22191
1.22191
1.22191
1.22191
1.22191
1.22191
1.22191
1.22191
1.22191
1.22191
1.22191
1.22193
1.22209
1.22389
1.23355
1.29865
1.5643
1.93033
2.06915
2.16245
2.26063
2.32173
2.30315
2.28068
2.2796
2.28312
2.2838
2.28579
2.28909
2.29016
2.28706
2.28096
2.27691
2.27569
2.27952
2.28233
2.28155
2.28063
2.27847
2.27533
2.27255
2.27011
2.26629
2.26432
2.26412
2.26407
2.26351
2.26345
2.26376
2.26357
2.26471
2.26528
2.26954
2.27113
1.22191
1.22191
1.22191
1.22191
1.22191
1.22191
1.22191
1.22191
1.22191
1.22191
1.22191
1.22191
1.22191
1.22191
1.22191
1.22191
1.22191
1.22191
1.22191
1.22191
1.22191
1.22191
1.22191
1.22191
1.22191
1.22191
1.22191
1.22191
1.22191
1.22191
1.22191
1.22191
1.22191
1.22192
1.22197
1.22235
1.22563
1.26192
1.38257
1.70934
2.09858
2.30239
2.30974
2.31766
2.31782
2.31433
2.30725
2.30065
2.3022
2.3043
2.30153
2.29327
2.28173
2.27864
2.27836
2.28106
2.28276
2.28059
2.27661
2.27341
2.27161
2.27006
2.27028
2.27067
2.27149
2.27265
2.27135
2.27005
2.26868
2.26793
2.26713
2.26869
2.26906
2.27156
2.27188
1.22191
1.22191
1.22191
1.22191
1.22191
1.22191
1.22191
1.22191
1.22191
1.22191
1.22191
1.22191
1.22191
1.22191
1.22191
1.22191
1.22191
1.22191
1.22191
1.22191
1.22191
1.22191
1.22191
1.22191
1.22191
1.22191
1.22191
1.22191
1.22191
1.22191
1.22191
1.22191
1.22191
1.22191
1.22191
1.22193
1.22205
1.22348
1.23296
1.30691
1.5607
1.8742
2.05053
2.31431
2.27408
2.25035
2.24581
2.25615
2.26112
2.27036
2.27537
2.27394
2.27428
2.27729
2.28286
2.28494
2.28326
2.27649
2.26929
2.26791
2.26912
2.27227
2.2764
2.28
2.28318
2.28457
2.28347
2.28179
2.27983
2.2776
2.276
2.2764
2.27713
2.27559
2.27293
1.22191
1.22191
1.22191
1.22191
1.22191
1.22191
1.22191
1.22191
1.22191
1.22191
1.22191
1.22191
1.22191
1.22191
1.22191
1.22191
1.22191
1.22191
1.22191
1.22191
1.22191
1.22191
1.22191
1.22191
1.22191
1.22191
1.22191
1.22191
1.22191
1.22191
1.22191
1.22191
1.22191
1.22191
1.22191
1.22191
1.22192
1.22196
1.22232
1.22641
1.25559
1.39184
1.67288
2.1562
2.17773
2.21824
2.25919
2.26411
2.26296
2.26407
2.26868
2.2726
2.27561
2.2827
2.28722
2.28351
2.27436
2.2627
2.26072
2.26228
2.26632
2.27291
2.28021
2.28548
2.28891
2.28902
2.2892
2.29026
2.29004
2.28892
2.28828
2.28745
2.28567
2.28232
2.27641
1.22191
1.22191
1.22191
1.22191
1.22191
1.22191
1.22191
1.22191
1.22191
1.22191
1.22191
1.22191
1.22191
1.22191
1.22191
1.22191
1.22191
1.22191
1.22191
1.22191
1.22191
1.22191
1.22191
1.22191
1.22191
1.22191
1.22191
1.22191
1.22191
1.22191
1.22191
1.22191
1.22191
1.22191
1.22191
1.22191
1.22191
1.22191
1.22193
1.22207
1.22333
1.23369
1.30596
1.44146
1.86462
2.27997
2.29049
2.27789
2.25226
2.26516
2.28499
2.2963
2.29891
2.29869
2.29347
2.28216
2.26513
2.25496
2.25702
2.26069
2.26667
2.27405
2.28064
2.28733
2.29093
2.29101
2.29128
2.2909
2.2902
2.28918
2.2897
2.28912
2.28831
2.286
2.27995
1.22191
1.22191
1.22191
1.22191
1.22191
1.22191
1.22191
1.22191
1.22191
1.22191
1.22191
1.22191
1.22191
1.22191
1.22191
1.22191
1.22191
1.22191
1.22191
1.22191
1.22191
1.22191
1.22191
1.22191
1.22191
1.22191
1.22191
1.22191
1.22191
1.22191
1.22191
1.22191
1.22191
1.22191
1.22191
1.22191
1.22191
1.22191
1.22191
1.22192
1.22196
1.22232
1.22595
1.24346
1.40092
1.71568
2.05774
2.20621
2.2649
2.31208
2.3201
2.31982
2.31485
2.30256
2.29147
2.27662
2.26655
2.26528
2.2674
2.26791
2.27134
2.27518
2.28089
2.28741
2.28918
2.28908
2.2885
2.28821
2.28842
2.28936
2.28958
2.28913
2.28814
2.282
2.27749
1.22191
1.22191
1.22191
1.22191
1.22191
1.22191
1.22191
1.22191
1.22191
1.22191
1.22191
1.22191
1.22191
1.22191
1.22191
1.22191
1.22191
1.22191
1.22191
1.22191
1.22191
1.22191
1.22191
1.22191
1.22191
1.22191
1.22191
1.22191
1.22191
1.22191
1.22191
1.22191
1.22191
1.22191
1.22191
1.22191
1.22191
1.22191
1.22191
1.22191
1.22191
1.22192
1.22204
1.22295
1.23637
1.30078
1.56988
2.00231
2.26939
2.31079
2.30022
2.29717
2.30402
2.2972
2.28051
2.26721
2.26855
2.26957
2.26988
2.27578
2.27923
2.2853
2.29265
2.29477
2.29316
2.29017
2.28637
2.28548
2.2858
2.28655
2.28595
2.28389
2.2813
2.27826
2.2758
1.22191
1.22191
1.22191
1.22191
1.22191
1.22191
1.22191
1.22191
1.22191
1.22191
1.22191
1.22191
1.22191
1.22191
1.22191
1.22191
1.22191
1.22191
1.22191
1.22191
1.22191
1.22191
1.22191
1.22191
1.22191
1.22191
1.22191
1.22191
1.22191
1.22191
1.22191
1.22191
1.22191
1.22191
1.22191
1.22191
1.22191
1.22191
1.22191
1.22191
1.22191
1.22191
1.22192
1.22196
1.22242
1.22628
1.27196
1.4516
1.82864
2.07056
2.18786
2.25884
2.26328
2.24099
2.24836
2.26428
2.27414
2.27192
2.26611
2.2706
2.27794
2.29132
2.29923
2.29862
2.29362
2.28805
2.28318
2.28288
2.2831
2.28279
2.28104
2.27875
2.27523
2.27681
2.27615
1.22191
1.22191
1.22191
1.22191
1.22191
1.22191
1.22191
1.22191
1.22191
1.22191
1.22191
1.22191
1.22191
1.22191
1.22191
1.22191
1.22191
1.22191
1.22191
1.22191
1.22191
1.22191
1.22191
1.22191
1.22191
1.22191
1.22191
1.22191
1.22191
1.22191
1.22191
1.22191
1.22191
1.22191
1.22191
1.22191
1.22191
1.22191
1.22191
1.22191
1.22191
1.22191
1.22191
1.22191
1.22193
1.22209
1.22419
1.24214
1.34795
1.65894
2.01773
2.25332
2.24695
2.238
2.26327
2.29265
2.2868
2.27462
2.26831
2.27255
2.28772
2.30402
2.30509
2.30142
2.29257
2.28181
2.28048
2.28097
2.28118
2.28062
2.27815
2.27571
2.27363
2.27508
2.27692
1.22191
1.22191
1.22191
1.22191
1.22191
1.22191
1.22191
1.22191
1.22191
1.22191
1.22191
1.22191
1.22191
1.22191
1.22191
1.22191
1.22191
1.22191
1.22191
1.22191
1.22191
1.22191
1.22191
1.22191
1.22191
1.22191
1.22191
1.22191
1.22191
1.22191
1.22191
1.22191
1.22191
1.22191
1.22191
1.22191
1.22191
1.22191
1.22191
1.22191
1.22191
1.22191
1.22191
1.22191
1.22191
1.22192
1.22199
1.2227
1.23023
1.29051
1.4869
1.92739
2.15039
2.2382
2.32565
2.31381
2.29504
2.27517
2.27854
2.29049
2.30104
2.30726
2.30413
2.29108
2.2774
2.27048
2.27437
2.28005
2.2795
2.27852
2.2745
2.27356
2.27396
2.27524
2.27956
1.22191
1.22191
1.22191
1.22191
1.22191
1.22191
1.22191
1.22191
1.22191
1.22191
1.22191
1.22191
1.22191
1.22191
1.22191
1.22191
1.22191
1.22191
1.22191
1.22191
1.22191
1.22191
1.22191
1.22191
1.22191
1.22191
1.22191
1.22191
1.22191
1.22191
1.22191
1.22191
1.22191
1.22191
1.22191
1.22191
1.22191
1.22191
1.22191
1.22191
1.22191
1.22191
1.22191
1.22191
1.22191
1.22191
1.22192
1.22194
1.22222
1.22503
1.2574
1.35825
1.73295
2.16446
2.24412
2.30283
2.30035
2.2789
2.28171
2.29464
2.29708
2.29224
2.27263
2.25388
2.25429
2.26167
2.27374
2.27973
2.27838
2.27551
2.27169
2.27205
2.27361
2.27678
2.28188
1.22191
1.22191
1.22191
1.22191
1.22191
1.22191
1.22191
1.22191
1.22191
1.22191
1.22191
1.22191
1.22191
1.22191
1.22191
1.22191
1.22191
1.22191
1.22191
1.22191
1.22191
1.22191
1.22191
1.22191
1.22191
1.22191
1.22191
1.22191
1.22191
1.22191
1.22191
1.22191
1.22191
1.22191
1.22191
1.22191
1.22191
1.22191
1.22191
1.22191
1.22191
1.22191
1.22191
1.22191
1.22191
1.22191
1.22191
1.22191
1.22192
1.22203
1.22336
1.23236
1.34142
1.67053
1.89981
2.19573
2.32008
2.30302
2.29489
2.29509
2.29143
2.27467
2.24926
2.24888
2.25417
2.26317
2.27618
2.27965
2.2778
2.2731
2.26867
2.26889
2.27109
2.27807
2.28241
1.22191
1.22191
1.22191
1.22191
1.22191
1.22191
1.22191
1.22191
1.22191
1.22191
1.22191
1.22191
1.22191
1.22191
1.22191
1.22191
1.22191
1.22191
1.22191
1.22191
1.22191
1.22191
1.22191
1.22191
1.22191
1.22191
1.22191
1.22191
1.22191
1.22191
1.22191
1.22191
1.22191
1.22191
1.22191
1.22191
1.22191
1.22191
1.22191
1.22191
1.22191
1.22191
1.22191
1.22191
1.22191
1.22191
1.22191
1.22191
1.22191
1.22192
1.22196
1.22241
1.22978
1.27637
1.51757
1.88794
2.16816
2.32243
2.31545
2.29833
2.279
2.24457
2.24122
2.24886
2.26789
2.29165
2.29277
2.28795
2.27939
2.26818
2.26442
2.26595
2.27105
2.27911
2.27949
1.22191
1.22191
1.22191
1.22191
1.22191
1.22191
1.22191
1.22191
1.22191
1.22191
1.22191
1.22191
1.22191
1.22191
1.22191
1.22191
1.22191
1.22191
1.22191
1.22191
1.22191
1.22191
1.22191
1.22191
1.22191
1.22191
1.22191
1.22191
1.22191
1.22191
1.22191
1.22191
1.22191
1.22191
1.22191
1.22191
1.22191
1.22191
1.22191
1.22191
1.22191
1.22191
1.22191
1.22191
1.22191
1.22191
1.22191
1.22191
1.22191
1.22191
1.22191
1.22193
1.22221
1.22471
1.2646
1.36507
1.69139
2.11573
2.29382
2.27794
2.27403
2.27071
2.27258
2.28294
2.30102
2.30714
2.30134
2.28715
2.26913
2.25953
2.26038
2.26513
2.2731
2.27774
2.27591
1.22191
1.22191
1.22191
1.22191
1.22191
1.22191
1.22191
1.22191
1.22191
1.22191
1.22191
1.22191
1.22191
1.22191
1.22191
1.22191
1.22191
1.22191
1.22191
1.22191
1.22191
1.22191
1.22191
1.22191
1.22191
1.22191
1.22191
1.22191
1.22191
1.22191
1.22191
1.22191
1.22191
1.22191
1.22191
1.22191
1.22191
1.22191
1.22191
1.22191
1.22191
1.22191
1.22191
1.22191
1.22191
1.22191
1.22191
1.22191
1.22191
1.22191
1.22191
1.22191
1.22192
1.22203
1.22355
1.23353
1.33341
1.61666
2.06479
2.15029
2.30946
2.28706
2.28493
2.30597
2.31767
2.31445
2.29627
2.26758
2.25029
2.25287
2.26032
2.2701
2.27664
2.2767
2.27148
1.22191
1.22191
1.22191
1.22191
1.22191
1.22191
1.22191
1.22191
1.22191
1.22191
1.22191
1.22191
1.22191
1.22191
1.22191
1.22191
1.22191
1.22191
1.22191
1.22191
1.22191
1.22191
1.22191
1.22191
1.22191
1.22191
1.22191
1.22191
1.22191
1.22191
1.22191
1.22191
1.22191
1.22191
1.22191
1.22191
1.22191
1.22191
1.22191
1.22191
1.22191
1.22191
1.22191
1.22191
1.22191
1.22191
1.22191
1.22191
1.22191
1.22191
1.22191
1.22191
1.22191
1.22192
1.22196
1.22245
1.22907
1.28258
1.5261
1.8885
2.25903
2.24489
2.2756
2.31379
2.31899
2.29381
2.25912
2.24332
2.24398
2.25203
2.26843
2.28046
2.28062
2.27584
2.26641
1.22191
1.22191
1.22191
1.22191
1.22191
1.22191
1.22191
1.22191
1.22191
1.22191
1.22191
1.22191
1.22191
1.22191
1.22191
1.22191
1.22191
1.22191
1.22191
1.22191
1.22191
1.22191
1.22191
1.22191
1.22191
1.22191
1.22191
1.22191
1.22191
1.22191
1.22191
1.22191
1.22191
1.22191
1.22191
1.22191
1.22191
1.22191
1.22191
1.22191
1.22191
1.22191
1.22191
1.22191
1.22191
1.22191
1.22191
1.22191
1.22191
1.22191
1.22191
1.22191
1.22191
1.22191
1.22191
1.22193
1.22218
1.22554
1.25479
1.45837
1.84087
2.05305
2.42246
2.35592
2.28911
2.23599
2.23834
2.25044
2.27145
2.29561
2.30884
2.30185
2.29372
2.27804
2.2634
1.22191
1.22191
1.22191
1.22191
1.22191
1.22191
1.22191
1.22191
1.22191
1.22191
1.22191
1.22191
1.22191
1.22191
1.22191
1.22191
1.22191
1.22191
1.22191
1.22191
1.22191
1.22191
1.22191
1.22191
1.22191
1.22191
1.22191
1.22191
1.22191
1.22191
1.22191
1.22191
1.22191
1.22191
1.22191
1.22191
1.22191
1.22191
1.22191
1.22191
1.22191
1.22191
1.22191
1.22191
1.22191
1.22191
1.22191
1.22191
1.22191
1.22191
1.22191
1.22191
1.22191
1.22191
1.22191
1.22191
1.22192
1.22204
1.22351
1.25257
1.3335
1.71934
2.18162
2.25443
2.23136
2.22764
2.23936
2.26326
2.3014
2.32658
2.32471
2.31566
2.29787
2.27766
2.26571
1.22191
1.22191
1.22191
1.22191
1.22191
1.22191
1.22191
1.22191
1.22191
1.22191
1.22191
1.22191
1.22191
1.22191
1.22191
1.22191
1.22191
1.22191
1.22191
1.22191
1.22191
1.22191
1.22191
1.22191
1.22191
1.22191
1.22191
1.22191
1.22191
1.22191
1.22191
1.22191
1.22191
1.22191
1.22191
1.22191
1.22191
1.22191
1.22191
1.22191
1.22191
1.22191
1.22191
1.22191
1.22191
1.22191
1.22191
1.22191
1.22191
1.22191
1.22191
1.22191
1.22191
1.22191
1.22191
1.22191
1.22191
1.22192
1.22199
1.22303
1.23201
1.37441
1.56876
2.05137
2.22129
2.25665
2.27565
2.29255
2.32973
2.332
2.32511
2.30699
2.28175
2.26654
2.26722
1.22191
1.22191
1.22191
1.22191
1.22191
1.22191
1.22191
1.22191
1.22191
1.22191
1.22191
1.22191
1.22191
1.22191
1.22191
1.22191
1.22191
1.22191
1.22191
1.22191
1.22191
1.22191
1.22191
1.22191
1.22191
1.22191
1.22191
1.22191
1.22191
1.22191
1.22191
1.22191
1.22191
1.22191
1.22191
1.22191
1.22191
1.22191
1.22191
1.22191
1.22191
1.22191
1.22191
1.22191
1.22191
1.22191
1.22191
1.22191
1.22191
1.22191
1.22191
1.22191
1.22191
1.22191
1.22191
1.22191
1.22191
1.22191
1.22192
1.22195
1.22247
1.22943
1.27785
1.49676
1.90346
2.24675
2.24503
2.29218
2.35021
2.33847
2.30605
2.26885
2.25621
2.25906
2.26716
1.22191
1.22191
1.22191
1.22191
1.22191
1.22191
1.22191
1.22191
1.22191
1.22191
1.22191
1.22191
1.22191
1.22191
1.22191
1.22191
1.22191
1.22191
1.22191
1.22191
1.22191
1.22191
1.22191
1.22191
1.22191
1.22191
1.22191
1.22191
1.22191
1.22191
1.22191
1.22191
1.22191
1.22191
1.22191
1.22191
1.22191
1.22191
1.22191
1.22191
1.22191
1.22191
1.22191
1.22191
1.22191
1.22191
1.22191
1.22191
1.22191
1.22191
1.22191
1.22191
1.22191
1.22191
1.22191
1.22191
1.22191
1.22191
1.22191
1.22191
1.22193
1.22218
1.22513
1.25241
1.46949
2.05775
2.10728
2.29838
2.29151
2.23251
2.20905
2.22605
2.24772
2.27082
2.27785
1.22191
1.22191
1.22191
1.22191
1.22191
1.22191
1.22191
1.22191
1.22191
1.22191
1.22191
1.22191
1.22191
1.22191
1.22191
1.22191
1.22191
1.22191
1.22191
1.22191
1.22191
1.22191
1.22191
1.22191
1.22191
1.22191
1.22191
1.22191
1.22191
1.22191
1.22191
1.22191
1.22191
1.22191
1.22191
1.22191
1.22191
1.22191
1.22191
1.22191
1.22191
1.22191
1.22191
1.22191
1.22191
1.22191
1.22191
1.22191
1.22191
1.22191
1.22191
1.22191
1.22191
1.22191
1.22191
1.22191
1.22191
1.22191
1.22191
1.22191
1.22191
1.22192
1.22204
1.22357
1.25981
1.35936
1.77451
2.25467
2.23067
2.17524
2.18701
2.24155
2.27666
2.28339
2.2774
1.22191
1.22191
1.22191
1.22191
1.22191
1.22191
1.22191
1.22191
1.22191
1.22191
1.22191
1.22191
1.22191
1.22191
1.22191
1.22191
1.22191
1.22191
1.22191
1.22191
1.22191
1.22191
1.22191
1.22191
1.22191
1.22191
1.22191
1.22191
1.22191
1.22191
1.22191
1.22191
1.22191
1.22191
1.22191
1.22191
1.22191
1.22191
1.22191
1.22191
1.22191
1.22191
1.22191
1.22191
1.22191
1.22191
1.22191
1.22191
1.22191
1.22191
1.22191
1.22191
1.22191
1.22191
1.22191
1.22191
1.22191
1.22191
1.22191
1.22191
1.22191
1.22191
1.22192
1.222
1.22349
1.23551
1.42692
1.65564
2.08876
2.19738
2.37951
2.33504
2.30607
2.28366
2.26554
1.22191
1.22191
1.22191
1.22191
1.22191
1.22191
1.22191
1.22191
1.22191
1.22191
1.22191
1.22191
1.22191
1.22191
1.22191
1.22191
1.22191
1.22191
1.22191
1.22191
1.22191
1.22191
1.22191
1.22191
1.22191
1.22191
1.22191
1.22191
1.22191
1.22191
1.22191
1.22191
1.22191
1.22191
1.22191
1.22191
1.22191
1.22191
1.22191
1.22191
1.22191
1.22191
1.22191
1.22191
1.22191
1.22191
1.22191
1.22191
1.22191
1.22191
1.22191
1.22191
1.22191
1.22191
1.22191
1.22191
1.22191
1.22191
1.22191
1.22191
1.22191
1.22191
1.22191
1.22192
1.22196
1.22271
1.23446
1.30346
1.59956
2.01715
2.27599
2.30308
2.28555
2.27403
2.26343
1.22191
1.22191
1.22191
1.22191
1.22191
1.22191
1.22191
1.22191
1.22191
1.22191
1.22191
1.22191
1.22191
1.22191
1.22191
1.22191
1.22191
1.22191
1.22191
1.22191
1.22191
1.22191
1.22191
1.22191
1.22191
1.22191
1.22191
1.22191
1.22191
1.22191
1.22191
1.22191
1.22191
1.22191
1.22191
1.22191
1.22191
1.22191
1.22191
1.22191
1.22191
1.22191
1.22191
1.22191
1.22191
1.22191
1.22191
1.22191
1.22191
1.22191
1.22191
1.22191
1.22191
1.22191
1.22191
1.22191
1.22191
1.22191
1.22191
1.22191
1.22191
1.22191
1.22191
1.22191
1.22191
1.22194
1.22239
1.22743
1.27878
1.5827
1.91963
2.2125
2.29506
2.27591
2.27123
1.22191
1.22191
1.22191
1.22191
1.22191
1.22191
1.22191
1.22191
1.22191
1.22191
1.22191
1.22191
1.22191
1.22191
1.22191
1.22191
1.22191
1.22191
1.22191
1.22191
1.22191
1.22191
1.22191
1.22191
1.22191
1.22191
1.22191
1.22191
1.22191
1.22191
1.22191
1.22191
1.22191
1.22191
1.22191
1.22191
1.22191
1.22191
1.22191
1.22191
1.22191
1.22191
1.22191
1.22191
1.22191
1.22191
1.22191
1.22191
1.22191
1.22191
1.22191
1.22191
1.22191
1.22191
1.22191
1.22191
1.22191
1.22191
1.22191
1.22191
1.22191
1.22191
1.22191
1.22191
1.22191
1.22191
1.22193
1.22213
1.22546
1.27341
1.47035
1.9131
2.1903
2.23803
2.29244
1.22191
1.22191
1.22191
1.22191
1.22191
1.22191
1.22191
1.22191
1.22191
1.22191
1.22191
1.22191
1.22191
1.22191
1.22191
1.22191
1.22191
1.22191
1.22191
1.22191
1.22191
1.22191
1.22191
1.22191
1.22191
1.22191
1.22191
1.22191
1.22191
1.22191
1.22191
1.22191
1.22191
1.22191
1.22191
1.22191
1.22191
1.22191
1.22191
1.22191
1.22191
1.22191
1.22191
1.22191
1.22191
1.22191
1.22191
1.22191
1.22191
1.22191
1.22191
1.22191
1.22191
1.22191
1.22191
1.22191
1.22191
1.22191
1.22191
1.22191
1.22191
1.22191
1.22191
1.22191
1.22191
1.22191
1.22191
1.22192
1.22205
1.22448
1.25377
1.42688
1.80321
2.1886
2.31062
1.22191
1.22191
1.22191
1.22191
1.22191
1.22191
1.22191
1.22191
1.22191
1.22191
1.22191
1.22191
1.22191
1.22191
1.22191
1.22191
1.22191
1.22191
1.22191
1.22191
1.22191
1.22191
1.22191
1.22191
1.22191
1.22191
1.22191
1.22191
1.22191
1.22191
1.22191
1.22191
1.22191
1.22191
1.22191
1.22191
1.22191
1.22191
1.22191
1.22191
1.22191
1.22191
1.22191
1.22191
1.22191
1.22191
1.22191
1.22191
1.22191
1.22191
1.22191
1.22191
1.22191
1.22191
1.22191
1.22191
1.22191
1.22191
1.22191
1.22191
1.22191
1.22191
1.22191
1.22191
1.22191
1.22191
1.22191
1.22191
1.22192
1.222
1.22355
1.24317
1.41258
1.78056
2.14827
1.22191
1.22191
1.22191
1.22191
1.22191
1.22191
1.22191
1.22191
1.22191
1.22191
1.22191
1.22191
1.22191
1.22191
1.22191
1.22191
1.22191
1.22191
1.22191
1.22191
1.22191
1.22191
1.22191
1.22191
1.22191
1.22191
1.22191
1.22191
1.22191
1.22191
1.22191
1.22191
1.22191
1.22191
1.22191
1.22191
1.22191
1.22191
1.22191
1.22191
1.22191
1.22191
1.22191
1.22191
1.22191
1.22191
1.22191
1.22191
1.22191
1.22191
1.22191
1.22191
1.22191
1.22191
1.22191
1.22191
1.22191
1.22191
1.22191
1.22191
1.22191
1.22191
1.22191
1.22191
1.22191
1.22191
1.22191
1.22191
1.22191
1.22192
1.22198
1.2231
1.2422
1.37128
1.83959
1.22191
1.22191
1.22191
1.22191
1.22191
1.22191
1.22191
1.22191
1.22191
1.22191
1.22191
1.22191
1.22191
1.22191
1.22191
1.22191
1.22191
1.22191
1.22191
1.22191
1.22191
1.22191
1.22191
1.22191
1.22191
1.22191
1.22191
1.22191
1.22191
1.22191
1.22191
1.22191
1.22191
1.22191
1.22191
1.22191
1.22191
1.22191
1.22191
1.22191
1.22191
1.22191
1.22191
1.22191
1.22191
1.22191
1.22191
1.22191
1.22191
1.22191
1.22191
1.22191
1.22191
1.22191
1.22191
1.22191
1.22191
1.22191
1.22191
1.22191
1.22191
1.22191
1.22191
1.22191
1.22191
1.22191
1.22191
1.22191
1.22191
1.22191
1.22192
1.22196
1.22299
1.23968
1.48023
1.22191
1.22191
1.22191
1.22191
1.22191
1.22191
1.22191
1.22191
1.22191
1.22191
1.22191
1.22191
1.22191
1.22191
1.22191
1.22191
1.22191
1.22191
1.22191
1.22191
1.22191
1.22191
1.22191
1.22191
1.22191
1.22191
1.22191
1.22191
1.22191
1.22191
1.22191
1.22191
1.22191
1.22191
1.22191
1.22191
1.22191
1.22191
1.22191
1.22191
1.22191
1.22191
1.22191
1.22191
1.22191
1.22191
1.22191
1.22191
1.22191
1.22191
1.22191
1.22191
1.22191
1.22191
1.22191
1.22191
1.22191
1.22191
1.22191
1.22191
1.22191
1.22191
1.22191
1.22191
1.22191
1.22191
1.22191
1.22191
1.22191
1.22191
1.22191
1.22192
1.22198
1.22366
1.28817
1.22191
1.22191
1.22191
1.22191
1.22191
1.22191
1.22191
1.22191
1.22191
1.22191
1.22191
1.22191
1.22191
1.22191
1.22191
1.22191
1.22191
1.22191
1.22191
1.22191
1.22191
1.22191
1.22191
1.22191
1.22191
1.22191
1.22191
1.22191
1.22191
1.22191
1.22191
1.22191
1.22191
1.22191
1.22191
1.22191
1.22191
1.22191
1.22191
1.22191
1.22191
1.22191
1.22191
1.22191
1.22191
1.22191
1.22191
1.22191
1.22191
1.22191
1.22191
1.22191
1.22191
1.22191
1.22191
1.22191
1.22191
1.22191
1.22191
1.22191
1.22191
1.22191
1.22191
1.22191
1.22191
1.22191
1.22191
1.22191
1.22191
1.22191
1.22191
1.22191
1.22192
1.22212
1.23214
1.22191
1.22191
1.22191
1.22191
1.22191
1.22191
1.22191
1.22191
1.22191
1.22191
1.22191
1.22191
1.22191
1.22191
1.22191
1.22191
1.22191
1.22191
1.22191
1.22191
1.22191
1.22191
1.22191
1.22191
1.22191
1.22191
1.22191
1.22191
1.22191
1.22191
1.22191
1.22191
1.22191
1.22191
1.22191
1.22191
1.22191
1.22191
1.22191
1.22191
1.22191
1.22191
1.22191
1.22191
1.22191
1.22191
1.22191
1.22191
1.22191
1.22191
1.22191
1.22191
1.22191
1.22191
1.22191
1.22191
1.22191
1.22191
1.22191
1.22191
1.22191
1.22191
1.22191
1.22191
1.22191
1.22191
1.22191
1.22191
1.22191
1.22191
1.22191
1.22191
1.22191
1.22194
1.22301
1.22191
1.22191
1.22191
1.22191
1.22191
1.22191
1.22191
1.22191
1.22191
1.22191
1.22191
1.22191
1.22191
1.22191
1.22191
1.22191
1.22191
1.22191
1.22191
1.22191
1.22191
1.22191
1.22191
1.22191
1.22191
1.22191
1.22191
1.22191
1.22191
1.22191
1.22191
1.22191
1.22191
1.22191
1.22191
1.22191
1.22191
1.22191
1.22191
1.22191
1.22191
1.22191
1.22191
1.22191
1.22191
1.22191
1.22191
1.22191
1.22191
1.22191
1.22191
1.22191
1.22191
1.22191
1.22191
1.22191
1.22191
1.22191
1.22191
1.22191
1.22191
1.22191
1.22191
1.22191
1.22191
1.22191
1.22191
1.22191
1.22191
1.22191
1.22191
1.22191
1.22191
1.22192
1.22201
1.22191
1.22191
1.22191
1.22191
1.22191
1.22191
1.22191
1.22191
1.22191
1.22191
1.22191
1.22191
1.22191
1.22191
1.22191
1.22191
1.22191
1.22191
1.22191
1.22191
1.22191
1.22191
1.22191
1.22191
1.22191
1.22191
1.22191
1.22191
1.22191
1.22191
1.22191
1.22191
1.22191
1.22191
1.22191
1.22191
1.22191
1.22191
1.22191
1.22191
1.22191
1.22191
1.22191
1.22191
1.22191
1.22191
1.22191
1.22191
1.22191
1.22191
1.22191
1.22191
1.22191
1.22191
1.22191
1.22191
1.22191
1.22191
1.22191
1.22191
1.22191
1.22191
1.22191
1.22191
1.22191
1.22191
1.22191
1.22191
1.22191
1.22191
1.22191
1.22191
1.22191
1.22191
1.22192
1.22191
1.22191
1.22191
1.22191
1.22191
1.22191
1.22191
1.22191
1.22191
1.22191
1.22191
1.22191
1.22191
1.22191
1.22191
1.22191
1.22191
1.22191
1.22191
1.22191
1.22191
1.22191
1.22191
1.22191
1.22191
1.22191
1.22191
1.22191
1.22191
1.22191
1.22191
1.22191
1.22191
1.22191
1.22191
1.22191
1.22191
1.22191
1.22191
1.22191
1.22191
1.22191
1.22191
1.22191
1.22191
1.22191
1.22191
1.22191
1.22191
1.22191
1.22191
1.22191
1.22191
1.22191
1.22191
1.22191
1.22191
1.22191
1.22191
1.22191
1.22191
1.22191
1.22191
1.22191
1.22191
1.22191
1.22191
1.22191
1.22191
1.22191
1.22191
1.22191
1.22191
1.22191
1.22191
1.22191
1.22191
1.22191
1.22191
1.22191
1.22191
1.22191
1.22191
1.22191
1.22191
1.22191
1.22191
1.22191
1.22191
1.22191
1.22191
1.22191
1.22191
1.22191
1.22191
1.22191
1.22191
1.22191
1.22191
1.22191
1.22191
1.22191
1.22191
1.22191
1.22191
1.22191
1.22191
1.22191
1.22191
1.22191
1.22191
1.22191
1.22191
1.22191
1.22191
1.22191
1.22191
1.22191
1.22191
1.22191
1.22191
1.22191
1.22191
1.22191
1.22191
1.22191
1.22191
1.22191
1.22191
1.22191
1.22191
1.22191
1.22191
1.22191
1.22191
1.22191
1.22191
1.22191
1.22191
1.22191
1.22191
1.22191
1.22191
1.22191
1.22191
1.22191
1.22191
1.22191
1.22191
1.22191
1.22191
1.22191
1.22191
1.22191
1.22191
1.22191
1.22191
1.22191
1.22191
1.22191
1.22191
1.22191
1.22191
1.22191
1.22191
1.22191
1.22191
1.22191
1.22191
1.22191
1.22191
1.22191
1.22191
1.22191
1.22191
1.22191
1.22191
1.22191
1.22191
1.22191
1.22191
1.22191
1.22191
1.22191
1.22191
1.22191
1.22191
1.22191
1.22191
1.22191
1.22191
1.22191
1.22191
1.22191
1.22191
1.22191
1.22191
1.22191
1.22191
1.22191
1.22191
1.22191
1.22191
1.22191
1.22191
1.22191
1.22191
1.22191
1.22191
1.22191
1.22191
1.22191
1.22191
1.22191
1.22191
1.22191
1.22191
1.22191
1.22191
1.22191
1.22191
1.22191
1.22191
1.22191
1.22191
1.22191
1.22191
1.22191
1.22191
1.22191
1.22191
1.22191
1.22191
1.22191
1.22191
1.22191
1.22191
1.22191
1.22191
1.22191
1.22191
1.22191
1.22191
1.22191
1.22191
1.22191
1.22191
1.22191
1.22191
1.22191
1.22191
1.22191
1.22191
1.22191
1.22191
1.22191
1.22191
1.22191
1.22191
1.22191
1.22191
1.22191
1.22191
1.22191
1.22191
1.22191
1.22191
1.22191
1.22191
1.22191
1.22191
1.22191
1.22191
1.22191
1.22191
1.22191
1.22191
1.22191
1.22191
1.22191
1.22191
1.22191
1.22191
1.22191
1.22191
1.22191
1.22191
1.22191
1.22191
1.22191
1.22191
1.22191
1.22191
1.22191
1.22191
1.22191
1.22191
1.22191
1.22191
1.22191
1.22191
1.22191
1.22191
1.22191
1.22191
1.22191
1.22191
1.22191
1.22191
1.22191
1.22191
1.22191
1.22191
1.22191
1.22191
1.22191
1.22191
1.22191
1.22191
1.22191
1.22191
1.22191
1.22191
1.22191
1.22191
1.22191
1.22191
1.22191
1.22191
1.22191
1.22191
1.22191
1.22191
1.22191
1.22191
1.22191
1.22191
1.22191
1.22191
1.22191
1.22191
1.22191
1.22191
1.22191
1.22191
1.22191
1.22191
1.22191
1.22191
1.22191
1.22191
1.22191
1.22191
1.22191
1.22191
1.22191
1.22191
1.22191
1.22191
1.22191
1.22191
1.22191
1.22191
1.22191
1.22191
1.22191
1.22191
1.22191
1.22191
1.22191
1.22191
1.22191
1.22191
1.22191
1.22191
1.22191
1.22191
1.22191
1.22191
1.22191
1.22191
1.22191
1.22191
1.22191
1.22191
1.22191
1.22191
1.22191
1.22191
1.22191
1.22191
1.22191
1.22191
1.22191
1.22191
1.22191
1.22191
1.22191
1.22191
1.22191
1.22191
1.22191
1.22191
1.22191
1.22191
1.22191
1.22191
1.22191
1.22191
1.22191
1.22191
1.22191
1.22191
1.22191
1.22191
1.22191
1.22191
1.22191
1.22191
1.22191
1.22191
1.22191
1.22191
1.22191
1.22191
1.22191
1.22191
1.22191
1.22191
1.22191
1.22191
1.22191
1.22191
1.22191
1.22191
1.22191
1.22191
1.22191
1.22191
1.22191
1.22191
1.22191
1.22191
1.22191
1.22191
1.22191
1.22191
1.22191
1.22191
1.22191
1.22191
1.22191
1.22191
1.22191
1.22191
1.22191
1.22191
1.22191
1.22191
1.22191
1.22191
1.22191
1.22191
1.22191
1.22191
1.22191
1.22191
1.22191
1.22191
1.22191
1.22191
1.22191
1.22191
1.22191
1.22191
1.22191
1.22191
1.22191
1.22191
1.22191
1.22191
1.22191
1.22191
1.22191
1.22191
1.22191
1.22191
1.22191
1.22191
1.22191
1.22191
1.22191
1.22191
1.22191
1.22191
1.22191
1.22191
1.22191
1.22191
1.22191
1.22191
1.22191
1.22191
1.22191
1.22191
1.22191
1.22191
1.22191
1.22191
1.22191
1.22191
1.22191
1.22191
1.22191
1.22191
1.22191
1.22191
1.22191
1.22191
1.22191
1.22191
1.22191
1.22191
1.22191
1.22191
1.22191
1.22191
1.22191
1.22191
1.22191
1.22191
1.22191
1.22191
1.22191
1.22191
1.22191
1.22191
1.22191
1.22191
1.22191
1.22191
1.22191
1.22191
1.22191
1.22191
1.22191
1.22191
1.22191
1.22191
1.22191
1.22191
1.22191
1.22191
1.22191
1.22191
1.22191
1.22191
1.22191
1.22191
1.22191
1.22191
1.22191
1.22191
1.22191
1.22191
1.22191
1.22191
1.22191
1.22191
1.22191
1.22191
1.22191
1.22191
1.22191
1.22191
1.22191
1.22191
1.22191
1.22191
1.22191
1.22191
1.22191
1.22191
1.22191
1.22191
1.22191
1.22191
1.22191
1.22191
1.22191
1.22191
1.22191
1.22191
1.22191
1.22191
1.22191
1.22191
1.22191
1.22191
1.22191
1.22191
1.22191
1.22191
1.22191
1.22191
1.22191
1.22191
1.22191
1.22191
1.22191
1.22191
1.22191
1.22191
1.22191
1.22191
1.22191
1.22191
1.22191
1.22191
1.22191
1.22191
1.22191
1.22191
1.22191
1.22191
1.22191
1.22191
1.22191
1.22191
1.22191
1.22191
1.22191
1.22191
1.22191
1.22191
1.22191
1.22191
1.22191
1.22191
1.22191
1.22191
1.22191
1.22191
1.22191
1.22191
1.22191
1.22191
1.22191
1.22191
1.22191
1.22191
1.22191
1.22191
1.22191
1.22191
1.22191
1.22191
1.22191
1.22191
1.22191
1.22191
1.22191
1.22191
1.22191
1.22191
1.22191
1.22191
1.22191
1.22191
1.22191
1.22191
1.22191
1.22191
1.22191
1.22191
1.22191
1.22191
1.22191
1.22191
1.22191
1.22191
1.22191
1.22191
1.22191
1.22191
1.22191
1.22191
1.22191
1.22191
1.22191
1.22191
1.22191
1.22191
1.22191
1.22191
1.22191
1.22191
1.22191
1.22191
1.22191
1.22191
1.22191
1.22191
1.22191
1.22191
1.22191
1.22191
1.22191
1.22191
1.22191
1.22191
1.22191
1.22191
1.22191
1.22191
1.22191
1.22191
1.22191
1.22191
1.22191
1.22191
1.22191
1.22191
1.22191
1.22191
1.22191
1.22191
1.22191
1.22191
1.22191
1.22191
1.22191
1.22191
1.22191
1.22191
1.22191
1.22191
1.22191
1.22191
1.22191
1.22191
1.22191
1.22191
1.22191
1.22191
1.22191
1.22191
1.22191
1.22191
1.22191
1.22191
1.22191
1.22191
1.22191
1.22191
1.22191
1.22191
1.22191
1.22191
1.22191
1.22191
1.22191
1.22191
1.22191
1.22191
1.22191
1.22191
1.22191
1.22191
1.22191
1.22191
1.22191
1.22191
1.22191
1.22191
1.22191
1.22191
1.22191
1.22191
1.22191
1.22191
1.22191
1.22191
1.22191
1.22191
1.22191
1.22191
1.22191
1.22191
1.22191
1.22191
1.22191
1.22191
1.22191
1.22191
1.22191
1.22191
1.22191
1.22191
1.22191
1.22191
1.22191
1.22191
1.22191
1.22191
1.22191
1.22191
1.22191
1.22191
1.22191
1.22191
1.22191
1.22191
1.22191
1.22191
1.22191
1.22191
1.22191
1.22191
1.22191
1.22191
1.22191
1.22191
1.22191
1.22191
1.22191
1.22191
1.22191
1.22191
1.22191
1.22191
1.22191
1.22191
1.22191
1.22191
1.22191
1.22191
1.22191
1.22191
1.22191
1.22191
1.22191
1.22191
1.22191
1.22191
1.22191
1.22191
1.22191
1.22191
1.22191
1.22191
1.22191
1.22191
1.22191
1.22191
1.22191
1.22191
1.22191
1.22191
1.22191
1.22191
1.22191
1.22191
1.22191
1.22191
1.22191
1.22191
1.22191
1.22191
1.22191
1.22191
1.22191
1.22191
1.22191
1.22191
1.22191
1.22191
1.22191
1.22191
1.22191
1.22191
1.22191
1.22191
1.22191
1.22191
1.22191
1.22191
1.22191
1.22191
1.22191
1.22191
1.22191
1.22191
1.22191
1.22191
1.22191
1.22191
1.22191
1.22191
1.22191
1.22191
1.22191
1.22191
1.22191
1.22191
1.22191
1.22191
1.22191
1.22191
1.22191
1.22191
1.22191
1.22191
1.22191
1.22191
1.22191
1.22191
1.22191
1.22191
1.22191
1.22191
1.22191
1.22191
1.22191
1.22191
1.22191
1.22191
1.22191
1.22191
1.22191
1.22191
1.22191
1.22191
1.22191
1.22191
1.22191
1.22191
1.22191
1.22191
1.22191
1.22191
1.22191
1.22191
1.22191
1.22191
1.22191
1.22191
1.22191
1.22191
1.22191
1.22191
1.22191
1.22191
1.22191
1.22191
1.22191
1.22191
1.22191
1.22191
1.22191
1.22191
1.22191
1.22191
1.22191
1.22191
1.22191
1.22191
1.22191
1.22191
1.22191
1.22191
1.22191
1.22191
1.22191
1.22191
1.22191
1.22191
1.22191
1.22191
1.22191
1.22191
1.22191
1.22191
1.22191
1.22191
1.22191
1.22191
1.22191
1.22191
1.22191
1.22191
1.22191
1.22191
1.22191
1.22191
1.22191
1.22191
1.22191
1.22191
1.22191
1.22191
1.22191
1.22191
1.22191
1.22191
1.22191
1.22191
1.22191
1.22191
1.22191
1.22191
1.22191
1.22191
1.22191
1.22191
1.22191
1.22191
1.22191
1.22191
1.22191
1.22191
1.22191
1.22191
1.22191
1.22191
1.22191
1.22191
1.22191
1.22191
1.22191
1.22191
1.22191
1.22191
1.22191
1.22191
1.22191
1.22191
1.22191
1.22191
1.22191
1.22191
1.22191
1.22191
1.22191
1.22191
1.22191
1.22191
1.22191
1.22191
1.22191
1.22191
1.22191
1.22191
1.22191
1.22191
1.22191
1.22191
1.22191
1.22191
1.22191
1.22191
1.22191
1.22191
1.22191
1.22191
1.22191
1.22191
1.22191
1.22191
1.22191
1.22191
1.22191
1.22191
1.22191
1.22191
1.22191
1.22191
1.22191
1.22191
1.22191
1.22191
1.22191
1.22191
1.22191
1.22191
1.22191
1.22191
1.22191
1.22191
1.22191
1.22191
1.22191
1.22191
1.22191
1.22191
1.22191
1.22191
1.22191
1.22191
1.22191
1.22191
1.22191
1.22191
1.22191
1.22191
1.22191
1.22191
1.22191
1.22191
1.22191
1.22191
1.22191
1.22191
1.22191
1.22191
1.22191
1.22191
1.22191
1.22191
1.22191
1.22191
1.22191
1.22191
1.22191
1.22191
1.22191
1.22191
1.22191
1.22191
1.22191
1.22191
1.22191
1.22191
1.22191
1.22191
1.22191
1.22191
1.22191
1.22191
1.22191
1.22191
1.22191
1.22191
1.22191
1.22191
1.22191
1.22191
1.22191
1.22191
1.22191
1.22191
1.22191
1.22191
1.22191
1.22191
1.22191
1.22191
1.22191
1.22191
1.22191
1.22191
1.22191
1.22191
1.22191
1.22191
1.22191
1.22191
1.22191
1.22191
1.22191
1.22191
1.22191
1.22191
1.22191
1.22191
1.22191
1.22191
1.22191
1.22191
1.22191
1.22191
1.22191
1.22191
1.22191
1.22191
1.22191
1.22191
1.22191
1.22191
1.22191
1.22191
1.22191
1.22191
1.22191
1.22191
1.22191
1.22191
1.22191
1.22191
1.22191
1.22191
1.22191
1.22191
1.22191
1.22191
1.22191
1.22191
1.22191
1.22191
1.22191
1.22191
1.22191
1.22191
1.22191
1.22191
1.22191
1.22191
1.22191
1.22191
1.22191
1.22191
1.22191
1.22191
1.22191
1.22191
1.22191
1.22191
1.22191
1.22191
1.22191
1.22191
1.22191
1.22191
1.22191
1.22191
1.22191
1.22191
1.22191
1.22191
1.22191
1.22191
1.22191
1.22191
1.22191
1.22191
1.22191
1.22191
1.22191
1.22191
1.22191
1.22191
1.22191
1.22191
1.22191
1.22191
1.22191
1.22191
1.22191
1.22191
1.22191
1.22191
1.22191
1.22191
1.22191
1.22191
1.22191
1.22191
1.22191
1.22191
1.22191
1.22191
1.22191
1.22191
1.22191
1.22191
1.22191
1.22191
1.22191
1.22191
1.22191
1.22191
1.22191
1.22191
1.22191
1.22191
1.22191
1.22191
1.22191
1.22191
1.22191
1.22191
1.22191
1.22191
1.22191
1.22191
1.22191
1.22191
1.22191
1.22191
1.22191
1.22191
1.22191
1.22191
1.22191
1.22191
1.22191
1.22191
1.22191
1.22191
1.22191
1.22191
1.22191
1.22191
1.22191
1.22191
1.22191
1.22191
1.22191
1.22191
1.22191
1.22191
1.22191
1.22191
1.22191
1.22191
1.22191
1.22191
1.22191
1.22191
1.22191
1.22191
1.22191
1.22191
1.22191
1.22191
1.22191
1.22191
1.22191
1.22191
1.22191
1.22191
1.22191
1.22191
1.22191
1.22191
1.22191
1.22191
1.22191
1.22191
1.22191
1.22191
1.22191
1.22191
1.22191
1.22191
1.22191
1.22191
1.22191
1.22191
1.22191
1.22191
1.22191
1.22191
1.22191
1.22191
1.22191
1.22191
1.22191
1.22191
1.22191
1.22191
1.22191
1.22191
1.22191
1.22191
1.22191
1.22191
1.22191
1.22191
1.22191
1.22191
1.22191
1.22191
1.22191
1.22191
1.22191
1.22191
1.22191
1.22191
1.22191
1.22191
1.22191
1.22191
1.22191
1.22191
1.22191
1.22191
1.22191
1.22191
1.22191
1.22191
1.22191
1.22191
1.22191
1.22191
1.22191
1.22191
1.22191
1.22191
1.22191
1.22191
1.22191
1.22191
1.22191
1.22191
1.22191
1.22191
1.22191
1.22191
1.22191
1.22191
1.22191
1.22191
1.22191
1.22191
)
;

boundaryField
{
    inlet
    {
        type            calculated;
        value           uniform 1.22191;
    }
    outlet
    {
        type            calculated;
        value           nonuniform List<scalar> 
75
(
2.2567
2.27536
2.28821
2.28488
2.27984
2.27228
2.27156
2.27363
2.27663
2.27915
2.27776
2.27619
2.27661
2.27702
2.27747
2.2779
2.27437
2.27136
2.26989
2.27032
2.27026
2.27113
2.27188
2.27293
2.27641
2.27995
2.27749
2.2758
2.27615
2.27692
2.27956
2.28188
2.28241
2.27949
2.27591
2.27148
2.26641
2.2634
2.26571
2.26722
2.26716
2.27785
2.2774
2.26554
2.26343
2.27123
2.29244
2.31062
2.14827
1.83959
1.48023
1.28817
1.23214
1.22301
1.22201
1.22192
1.22191
1.22191
1.22191
1.22191
1.22191
1.22191
1.22191
1.22191
1.22191
1.22191
1.22191
1.22191
1.22191
1.22191
1.22191
1.22191
1.22191
1.22191
1.22191
)
;
    }
    bottom
    {
        type            symmetryPlane;
    }
    top
    {
        type            symmetryPlane;
    }
    obstacle
    {
        type            calculated;
        value           nonuniform List<scalar> 
75
(
1.46084
1.83557
2.12473
2.61156
2.58326
2.6281
2.57
2.4715
2.28326
2.2493
2.22718
2.21982
2.2194
2.22752
2.2406
2.2444
2.24567
2.25034
2.25048
2.24416
2.23542
2.23485
2.23718
2.24523
2.25203
2.25506
2.25385
2.25244
2.25221
2.25368
2.25679
2.25789
2.25892
2.2602
2.2607
2.26107
2.26012
2.2587
2.25771
2.25665
2.25647
2.25692
2.25748
2.25873
2.26044
2.26173
2.26258
2.26345
2.26383
2.26448
2.26614
2.26723
2.26449
2.26141
2.256
2.24894
2.23645
2.22659
2.22866
2.2324
2.23868
2.2466
2.2551
2.26139
2.26541
2.26784
2.26753
2.2666
2.26521
2.2633
2.26153
2.25992
2.25843
2.25743
2.2567
)
;
    }
    defaultFaces
    {
        type            empty;
    }
}


// ************************************************************************* //
