0.0003003 -1.58778
0.000660227 -1.58798
0.00109214 -1.58824
0.00160998 -1.58854
0.00222879 -1.58889
0.00294769 -1.5893
0.00376326 -1.58976
0.0046798 -1.59028
0.00566248 -1.59083
0.00664516 -1.59138
0.00762785 -1.59193
0.00862109 -1.59248
0.00961434 -1.59304
0.0105968 -1.59358
0.0115686 -1.59409
0.0125194 -1.59458
0.0134601 -1.59508
0.0143906 -1.5956
0.0153112 -1.59614
0.0162121 -1.59668
0.0171131 -1.59718
0.0180239 -1.59765
0.0189347 -1.59813
0.0198355 -1.59872
0.0207464 -1.59921
0.021647 -1.59969
0.0225476 -1.60017
0.0234483 -1.60065
0.0243489 -1.60112
0.0252603 -1.60162
0.0261501 -1.60211
0.0270398 -1.60261
0.0279189 -1.60312
0.0288088 -1.6036
0.0296987 -1.60408
0.0305774 -1.60455
0.0314562 -1.60504
0.0323464 -1.60557
0.0332366 -1.60607
0.0341267 -1.60657
0.035005 -1.60705
0.0358834 -1.60753
0.0367617 -1.60801
0.03764 -1.60849
0.0385183 -1.60899
0.0393966 -1.6095
0.0402749 -1.61001
0.0411532 -1.61052
0.0420315 -1.61102
0.0429098 -1.61151
0.0437881 -1.61199
0.0446665 -1.61247
0.0455448 -1.61296
0.0464231 -1.61347
0.0473014 -1.61398
0.0481797 -1.6145
0.049058 -1.615
0.0499363 -1.61549
0.0508146 -1.61598
0.0516929 -1.61647
0.0525712 -1.61695
0.0534496 -1.61745
0.0543279 -1.61795
0.0551896 -1.61845
0.0560513 -1.61894
0.0569131 -1.61944
0.0577748 -1.61992
0.0586366 -1.6204
0.0594983 -1.62087
0.06036 -1.62135
0.0612218 -1.62183
0.0620835 -1.62234
0.0629453 -1.62284
0.063807 -1.62334
0.0646687 -1.62383
0.0655305 -1.62431
0.0663922 -1.62479
0.0672539 -1.62526
0.0681157 -1.62575
0.0689774 -1.62623
0.0698392 -1.62672
0.0707009 -1.62722
0.0715626 -1.62772
0.0724244 -1.6282
0.0732861 -1.62869
0.0741478 -1.62917
0.0750096 -1.62964
0.0758713 -1.63012
0.0767331 -1.63061
0.0775948 -1.63111
0.0784565 -1.63161
0.0793183 -1.6321
0.08018 -1.63259
0.0810418 -1.63307
0.0819035 -1.63355
0.0827652 -1.63403
0.083627 -1.63451
0.0844887 -1.635
0.0853504 -1.63549
0.0862122 -1.63598
0.0870739 -1.63647
0.0879357 -1.63696
0.0887974 -1.63744
0.0896591 -1.63791
0.0905209 -1.63839
0.0913826 -1.63887
0.0922444 -1.63936
0.0931061 -1.63986
0.0939678 -1.64035
0.0948296 -1.64084
0.0956913 -1.64133
0.096553 -1.6418
0.0974148 -1.64228
0.0982765 -1.64277
0.0991383 -1.64325
0.1 -1.64374
0.100862 -1.64423
0.101724 -1.64472
0.102586 -1.64521
0.103448 -1.64569
0.10431 -1.64617
0.105172 -1.64665
0.106034 -1.64713
0.106897 -1.64762
0.107759 -1.64811
0.108621 -1.6486
0.109483 -1.64909
0.110345 -1.64957
0.111207 -1.65006
0.112069 -1.65054
0.112931 -1.65102
0.113785 -1.6515
0.114638 -1.65198
0.115501 -1.65246
0.116363 -1.65295
0.117216 -1.65343
0.118061 -1.65391
0.118906 -1.65439
0.119742 -1.65485
0.120578 -1.65532
0.121414 -1.65579
0.122241 -1.65625
0.123077 -1.65672
0.123922 -1.6572
0.124777 -1.65768
0.125632 -1.65816
0.126487 -1.65864
0.127342 -1.65912
0.128196 -1.6596
0.129051 -1.66008
0.129906 -1.66056
0.130761 -1.66103
0.131616 -1.66152
0.13247 -1.662
0.133325 -1.66248
0.13418 -1.66296
0.135035 -1.66344
0.13589 -1.66392
0.136744 -1.6644
0.137599 -1.66487
0.138454 -1.66535
0.139309 -1.66583
0.140164 -1.66631
0.141018 -1.66679
0.141873 -1.66727
0.142728 -1.66775
0.143583 -1.66823
0.144438 -1.66871
0.145292 -1.66919
0.146147 -1.66967
0.146989 -1.67014
0.147844 -1.67061
0.148699 -1.67109
0.149554 -1.67157
0.150395 -1.67205
0.151221 -1.67251
0.152048 -1.67298
0.152861 -1.67343
0.153674 -1.67389
0.154472 -1.67434
0.155271 -1.67478
0.15607 -1.67523
0.156869 -1.67568
0.157667 -1.67612
0.158466 -1.67657
0.15928 -1.67703
0.160095 -1.67748
0.160926 -1.67795
0.161776 -1.67843
0.162625 -1.6789
0.163474 -1.67938
0.164324 -1.67986
0.165173 -1.68033
0.166023 -1.68081
0.166872 -1.68128
0.167722 -1.68176
0.168571 -1.68223
0.16942 -1.6827
0.17027 -1.68318
0.171119 -1.68365
0.171969 -1.68413
0.172818 -1.68461
0.173668 -1.68509
0.174517 -1.68556
0.175366 -1.68604
0.176216 -1.68651
0.177065 -1.68699
0.177915 -1.68746
0.178764 -1.68794
0.179614 -1.68841
0.180463 -1.68889
0.181312 -1.68936
0.182162 -1.68984
0.182973 -1.69029
0.183784 -1.69075
0.184594 -1.6912
0.185405 -1.69166
0.186173 -1.69209
0.186942 -1.69252
0.18771 -1.69295
0.188478 -1.69338
0.189246 -1.69382
0.190014 -1.69425
0.190782 -1.69468
0.19155 -1.69511
0.192319 -1.69554
0.193087 -1.69597
0.193951 -1.69645
0.194815 -1.69693
0.195679 -1.69741
0.196543 -1.6979
0.197408 -1.69838
0.198272 -1.69886
0.199136 -1.69935
0.2 -1.69983
0.200847 -1.70031
0.201695 -1.70078
0.202542 -1.70126
0.203397 -1.70174
0.204252 -1.70222
0.205099 -1.70269
0.205939 -1.70316
0.206779 -1.70363
0.207627 -1.7041
0.208474 -1.70458
0.209322 -1.70505
0.210169 -1.70552
0.211016 -1.706
0.211864 -1.70647
0.212703 -1.70694
0.213535 -1.70741
0.214358 -1.70787
0.215166 -1.70833
0.215959 -1.70877
0.216744 -1.70922
0.217522 -1.70965
0.218293 -1.71009
0.219064 -1.71052
0.219828 -1.71095
0.220591 -1.71138
0.221355 -1.7118
0.222118 -1.71223
0.222897 -1.71267
0.223709 -1.71312
0.224556 -1.71359
0.225404 -1.71407
0.226252 -1.71454
0.22709 -1.71501
0.227918 -1.71548
0.228747 -1.71594
0.229566 -1.7164
0.230385 -1.71686
0.231204 -1.71732
0.232023 -1.71778
0.232852 -1.71825
0.233691 -1.71872
0.234531 -1.71919
0.23537 -1.71966
0.236209 -1.72013
0.237049 -1.7206
0.237899 -1.72108
0.23875 -1.72155
0.239601 -1.72203
0.240451 -1.7225
0.24129 -1.72297
0.242129 -1.72344
0.242968 -1.72391
0.243819 -1.72439
0.244657 -1.72486
0.245496 -1.72533
0.246322 -1.7258
0.247135 -1.72625
0.247936 -1.7267
0.248725 -1.72715
0.249514 -1.72759
0.25029 -1.72803
0.251067 -1.72847
0.251832 -1.7289
0.252596 -1.72933
0.253361 -1.72976
0.254125 -1.73019
0.254916 -1.73063
0.255751 -1.7311
0.256586 -1.73157
0.257421 -1.73203
0.258256 -1.7325
0.259091 -1.73297
0.259926 -1.73344
0.260743 -1.7339
0.261579 -1.73436
0.262396 -1.73482
0.263214 -1.73528
0.264031 -1.73574
0.264849 -1.7362
0.265686 -1.73667
0.266522 -1.73714
0.267359 -1.73761
0.268196 -1.73808
0.269033 -1.73855
0.26987 -1.73902
0.270707 -1.73949
0.271544 -1.73996
0.272381 -1.74043
0.273218 -1.7409
0.274055 -1.74137
0.274892 -1.74184
0.275729 -1.74231
0.276566 -1.74278
0.277374 -1.74323
0.278182 -1.74369
0.27899 -1.74414
0.279798 -1.74459
0.280575 -1.74503
0.281352 -1.74547
0.282129 -1.7459
0.282906 -1.74634
0.283683 -1.74678
0.28446 -1.74721
0.285237 -1.74765
0.286057 -1.74811
0.286877 -1.74857
0.287698 -1.74903
0.288518 -1.74949
0.289338 -1.74996
0.290158 -1.75042
0.290978 -1.75088
0.291798 -1.75134
0.292619 -1.7518
0.293439 -1.75226
0.294259 -1.75272
0.295079 -1.75318
0.295899 -1.75365
0.296719 -1.75411
0.29754 -1.75457
0.29836 -1.75503
0.29918 -1.75549
0.3 -1.75595
0.30084 -1.75642
0.301681 -1.75689
0.302521 -1.75736
0.303369 -1.75784
0.304209 -1.75831
0.305042 -1.75878
0.305868 -1.75924
0.306686 -1.7597
0.307498 -1.76016
0.308302 -1.76061
0.309099 -1.76106
0.30989 -1.7615
0.310673 -1.76194
0.31145 -1.76238
0.312227 -1.76282
0.313004 -1.76326
0.31378 -1.76369
0.314564 -1.76414
0.315378 -1.76459
0.316224 -1.76507
0.317062 -1.76554
0.3179 -1.76601
0.318729 -1.76648
0.31955 -1.76694
0.320371 -1.7674
0.321183 -1.76786
0.322004 -1.76832
0.322825 -1.76879
0.323655 -1.76925
0.324476 -1.76972
0.325297 -1.77018
0.326127 -1.77064
0.326957 -1.77111
0.327778 -1.77157
0.328598 -1.77203
0.329429 -1.7725
0.330269 -1.77297
0.331109 -1.77344
0.331949 -1.77391
0.332789 -1.77439
0.333629 -1.77486
0.334459 -1.77532
0.335278 -1.77578
0.336098 -1.77625
0.336906 -1.7767
0.337715 -1.77716
0.338514 -1.77761
0.339302 -1.77805
0.34009 -1.77849
0.340879 -1.77894
0.341657 -1.77938
0.342434 -1.77982
0.343212 -1.78025
0.344001 -1.7807
0.344813 -1.78116
0.345649 -1.78163
0.346485 -1.7821
0.347321 -1.78257
0.348144 -1.78303
0.348967 -1.7835
0.349777 -1.78395
0.350588 -1.78441
0.351411 -1.78488
0.352235 -1.78534
0.353058 -1.7858
0.353882 -1.78627
0.354705 -1.78673
0.355529 -1.7872
0.356352 -1.78766
0.357176 -1.78812
0.357999 -1.78859
0.358823 -1.78905
0.359663 -1.78952
0.360504 -1.78999
0.361344 -1.79047
0.362184 -1.79094
0.363025 -1.79141
0.363846 -1.79187
0.364668 -1.79234
0.365471 -1.79279
0.366274 -1.79324
0.367077 -1.79369
0.367861 -1.79414
0.368645 -1.79458
0.369429 -1.79502
0.370213 -1.79546
0.370976 -1.79589
0.37174 -1.79633
0.372504 -1.79676
0.373289 -1.7972
0.374099 -1.79766
0.374934 -1.79813
0.37577 -1.7986
0.376605 -1.79907
0.377441 -1.79954
0.378247 -1.79999
0.379052 -1.80045
0.379858 -1.8009
0.380664 -1.80136
0.381469 -1.80181
0.382275 -1.80227
0.383081 -1.80272
0.383886 -1.80318
0.384692 -1.80363
0.385498 -1.80409
0.386303 -1.80454
0.387109 -1.805
0.387915 -1.80545
0.38872 -1.80591
0.389526 -1.80636
0.390332 -1.80681
0.391138 -1.80727
0.391943 -1.80772
0.392749 -1.80818
0.393555 -1.80863
0.39436 -1.80909
0.395166 -1.80954
0.395972 -1.80999
0.396777 -1.81045
0.397583 -1.8109
0.398389 -1.81136
0.399194 -1.81181
0.4 -1.81226
0.400763 -1.8127
0.401527 -1.81313
0.40229 -1.81356
0.403078 -1.814
0.403893 -1.81446
0.404721 -1.81493
0.40555 -1.81539
0.406371 -1.81586
0.407192 -1.81632
0.408006 -1.81678
0.408806 -1.81723
0.409613 -1.81768
0.410428 -1.81814
0.411234 -1.8186
0.412049 -1.81906
0.412856 -1.81951
0.413663 -1.81997
0.414485 -1.82043
0.415299 -1.82089
0.416106 -1.82135
0.416928 -1.82181
0.417751 -1.82228
0.418582 -1.82274
0.419413 -1.82321
0.420252 -1.82369
0.421083 -1.82416
0.421913 -1.82462
0.422735 -1.82509
0.423549 -1.82555
0.424353 -1.826
0.42515 -1.82645
0.425938 -1.8269
0.426717 -1.82734
0.427497 -1.82778
0.428268 -1.82822
0.429039 -1.82865
0.429802 -1.82909
0.430566 -1.82952
0.431337 -1.82995
0.432135 -1.8304
0.432953 -1.83086
0.433781 -1.83133
0.434609 -1.8318
0.435436 -1.83226
0.436254 -1.83272
0.437071 -1.83319
0.437867 -1.83364
0.438664 -1.83408
0.439471 -1.83454
0.440278 -1.83499
0.441096 -1.83546
0.441903 -1.83591
0.44271 -1.83637
0.443517 -1.83682
0.444335 -1.83728
0.445142 -1.83774
0.445961 -1.8382
0.446792 -1.83867
0.447624 -1.83913
0.448455 -1.8396
0.449286 -1.84007
0.450118 -1.84054
0.450949 -1.84101
0.451767 -1.84147
0.452571 -1.84192
0.453374 -1.84238
0.454165 -1.84282
0.454955 -1.84327
0.455732 -1.84371
0.456508 -1.84415
0.457271 -1.84458
0.458034 -1.84501
0.458797 -1.84544
0.45956 -1.84588
0.460309 -1.8463
0.461072 -1.84673
0.461867 -1.84718
0.462678 -1.84764
0.463508 -1.8481
0.464337 -1.84857
0.465148 -1.84903
0.465958 -1.84949
0.466769 -1.84995
0.46756 -1.85039
0.468371 -1.85085
0.469182 -1.85131
0.469993 -1.85177
0.470804 -1.85222
0.471615 -1.85268
0.472426 -1.85314
0.473237 -1.8536
0.474048 -1.85406
0.474859 -1.85451
0.475697 -1.85499
0.476535 -1.85546
0.477373 -1.85593
0.478211 -1.8564
0.479049 -1.85688
0.479887 -1.85735
0.480725 -1.85782
0.481563 -1.85829
0.482365 -1.85875
0.483166 -1.8592
0.483968 -1.85965
0.484731 -1.86008
0.485495 -1.86052
0.486258 -1.86095
0.487022 -1.86138
0.487785 -1.86181
0.488549 -1.86224
0.489312 -1.86267
0.490075 -1.8631
0.490839 -1.86353
0.491672 -1.864
0.492505 -1.86447
0.493337 -1.86494
0.49417 -1.86541
0.495003 -1.86588
0.495836 -1.86635
0.496669 -1.86682
0.497502 -1.86728
0.498334 -1.86775
0.499167 -1.86822
0.5 -1.86869
0.500794 -1.86914
0.501594 -1.86959
0.502407 -1.87005
0.50322 -1.87051
0.504034 -1.87097
0.504861 -1.87144
0.505688 -1.8719
0.506515 -1.87237
0.507343 -1.87284
0.50817 -1.8733
0.508997 -1.87377
0.509825 -1.87423
0.510644 -1.8747
0.511457 -1.87515
0.512262 -1.87561
0.513052 -1.87606
0.513835 -1.8765
0.514612 -1.87694
0.515381 -1.87737
0.516143 -1.8778
0.516899 -1.87823
0.517654 -1.87866
0.51841 -1.87909
0.519172 -1.87952
0.519957 -1.87996
0.520774 -1.88042
0.52159 -1.88088
0.522416 -1.88135
0.523232 -1.88181
0.524049 -1.88227
0.524857 -1.88273
0.525665 -1.88318
0.526464 -1.88363
0.527273 -1.88409
0.528072 -1.88454
0.52888 -1.885
0.529679 -1.88545
0.530478 -1.8859
0.531287 -1.88635
0.532095 -1.88681
0.532903 -1.88727
0.533722 -1.88773
0.53455 -1.8882
0.535379 -1.88866
0.536207 -1.88913
0.537035 -1.8896
0.537864 -1.89006
0.538692 -1.89053
0.53951 -1.89099
0.540327 -1.89145
0.541145 -1.89191
0.54194 -1.89236
0.542725 -1.8928
0.543499 -1.89324
0.544273 -1.89368
0.545036 -1.89411
0.545789 -1.89453
0.546542 -1.89496
0.547295 -1.89539
0.548048 -1.89581
0.548812 -1.89624
0.549599 -1.89669
0.550412 -1.89714
0.551239 -1.89761
0.552065 -1.89807
0.552878 -1.89853
0.55369 -1.89899
0.554502 -1.89945
0.555301 -1.8999
0.556099 -1.90035
0.556912 -1.90081
0.55771 -1.90126
0.558523 -1.90171
0.559321 -1.90216
0.560134 -1.90262
0.560948 -1.90308
0.561761 -1.90354
0.562575 -1.904
0.563407 -1.90446
0.564238 -1.90493
0.56507 -1.9054
0.565902 -1.90586
0.566733 -1.90633
0.567565 -1.9068
0.568397 -1.90727
0.569207 -1.90772
0.570017 -1.90818
0.570828 -1.90863
0.571616 -1.90907
0.572405 -1.90952
0.573171 -1.90995
0.573938 -1.91038
0.574704 -1.91081
0.575471 -1.91124
0.576214 -1.91166
0.576957 -1.91207
0.577725 -1.9125
0.578521 -1.91295
0.579347 -1.91341
0.580173 -1.91387
0.580999 -1.91433
0.581825 -1.91479
0.582652 -1.91525
0.583478 -1.91571
0.584264 -1.91615
0.585051 -1.91659
0.585882 -1.91705
0.586712 -1.91751
0.587543 -1.91797
0.588373 -1.91844
0.589204 -1.9189
0.590034 -1.91936
0.590865 -1.91982
0.591695 -1.92028
0.592526 -1.92074
0.593356 -1.9212
0.594187 -1.92165
0.595017 -1.92211
0.595848 -1.92257
0.596678 -1.92303
0.597509 -1.92349
0.598339 -1.92394
0.59917 -1.9244
0.6 -1.92486
0.600787 -1.92529
0.601563 -1.92572
0.602332 -1.92614
0.603095 -1.92656
0.603852 -1.92697
0.604609 -1.92739
0.60536 -1.9278
0.606111 -1.92821
0.606881 -1.92863
0.60767 -1.92906
0.608487 -1.92951
0.609311 -1.92995
0.610128 -1.9304
0.610945 -1.93084
0.611762 -1.93128
0.612572 -1.93172
0.613374 -1.93216
0.614183 -1.93259
0.614993 -1.93303
0.615803 -1.93347
0.616628 -1.93391
0.617445 -1.93435
0.618263 -1.93479
0.61908 -1.93522
0.619898 -1.93566
0.620723 -1.9361
0.621549 -1.93654
0.622375 -1.93698
0.623201 -1.93742
0.624027 -1.93786
0.624852 -1.9383
0.625678 -1.93873
0.626504 -1.93917
0.627321 -1.9396
0.628137 -1.94003
0.628927 -1.94045
0.629708 -1.94086
0.630489 -1.94127
0.631261 -1.94167
0.632025 -1.94207
0.632789 -1.94247
0.633544 -1.94287
0.634299 -1.94326
0.635054 -1.94366
0.63581 -1.94405
0.636574 -1.94445
0.637357 -1.94485
0.63817 -1.94527
0.638995 -1.9457
0.639808 -1.94612
0.640622 -1.94654
0.641435 -1.94695
0.642248 -1.94737
0.643062 -1.94779
0.643875 -1.9482
0.644689 -1.94861
0.645514 -1.94903
0.64634 -1.94945
0.647165 -1.94987
0.647991 -1.95029
0.648803 -1.9507
0.649629 -1.95111
0.650455 -1.95152
0.651281 -1.95194
0.652106 -1.95235
0.652932 -1.95276
0.653758 -1.95317
0.654584 -1.95358
0.655409 -1.95399
0.656235 -1.9544
0.657046 -1.9548
0.657841 -1.9552
0.658622 -1.95558
0.659402 -1.95597
0.660168 -1.95634
0.660934 -1.95672
0.6617 -1.95709
0.662451 -1.95746
0.663202 -1.95783
0.663953 -1.95819
0.664704 -1.95856
0.665472 -1.95893
0.666256 -1.95931
0.66706 -1.95969
0.667883 -1.96009
0.668707 -1.96048
0.66953 -1.96088
0.670354 -1.96127
0.671177 -1.96166
0.672001 -1.96205
0.672824 -1.96244
0.673648 -1.96283
0.674471 -1.96322
0.675295 -1.96361
0.676118 -1.964
0.676942 -1.96438
0.677765 -1.96477
0.678589 -1.96515
0.679412 -1.96554
0.680236 -1.96592
0.681059 -1.9663
0.681883 -1.96668
0.682706 -1.96706
0.68353 -1.96744
0.684353 -1.96782
0.685177 -1.9682
0.686 -1.96858
0.686824 -1.96896
0.687599 -1.96931
0.688374 -1.96967
0.689149 -1.97002
0.689924 -1.97038
0.690699 -1.97073
0.691474 -1.97108
0.692249 -1.97143
0.693024 -1.97178
0.693799 -1.97213
0.694575 -1.97248
0.69535 -1.97283
0.696125 -1.97318
0.6969 -1.97352
0.697675 -1.97387
0.69845 -1.97422
0.699225 -1.97456
0.7 -1.97491
0.70082 -1.97527
0.701639 -1.97563
0.702459 -1.97599
0.703279 -1.97635
0.704105 -1.97672
0.704932 -1.97708
0.705752 -1.97744
0.706571 -1.9778
0.707398 -1.97816
0.708225 -1.97852
0.709052 -1.97888
0.709878 -1.97923
0.710705 -1.97959
0.711532 -1.97995
0.712359 -1.98031
0.713186 -1.98066
0.714012 -1.98102
0.714831 -1.98137
0.715635 -1.98171
0.716423 -1.98205
0.717204 -1.98238
0.717978 -1.98272
0.718745 -1.98304
0.719511 -1.98337
0.720278 -1.98369
0.721037 -1.98402
0.721796 -1.98434
0.722563 -1.98466
0.723353 -1.98499
0.724169 -1.98534
0.724993 -1.98568
0.725817 -1.98603
0.726641 -1.98637
0.727456 -1.98671
0.728272 -1.98705
0.729096 -1.98739
0.72992 -1.98773
0.730745 -1.98808
0.731569 -1.98842
0.732394 -1.98876
0.733218 -1.98909
0.734043 -1.98943
0.734867 -1.98977
0.735692 -1.99011
0.736516 -1.99044
0.737341 -1.99078
0.738165 -1.99111
0.739001 -1.99145
0.739825 -1.99178
0.740649 -1.99212
0.741485 -1.99245
0.742309 -1.99278
0.743134 -1.99311
0.743958 -1.99344
0.744758 -1.99376
0.745548 -1.99407
0.746325 -1.99438
0.747103 -1.99469
0.74787 -1.99499
0.748637 -1.9953
0.749403 -1.9956
0.75017 -1.9959
0.750948 -1.9962
0.751752 -1.99651
0.75257 -1.99683
0.753402 -1.99715
0.754234 -1.99748
0.755067 -1.9978
0.755884 -1.99811
0.7567 -1.99843
0.757517 -1.99874
0.75835 -1.99906
0.759183 -1.99938
0.76 -1.99969
0.760816 -2
0.761632 -2.00031
0.762467 -2.00062
0.763301 -2.00094
0.764135 -2.00125
0.764969 -2.00157
0.765803 -2.00188
0.766637 -2.00219
0.767471 -2.0025
0.768305 -2.00281
0.769139 -2.00312
0.769973 -2.00343
0.770807 -2.00374
0.771641 -2.00405
0.772475 -2.00435
0.773285 -2.00465
0.774071 -2.00494
0.774856 -2.00523
0.775642 -2.00552
0.776403 -2.0058
0.777165 -2.00608
0.777926 -2.00635
0.778687 -2.00663
0.779448 -2.00691
0.780239 -2.00719
0.781062 -2.00749
0.781885 -2.00779
0.782709 -2.00808
0.783532 -2.00838
0.784356 -2.00867
0.785179 -2.00897
0.786002 -2.00926
0.786826 -2.00955
0.787649 -2.00985
0.788472 -2.01014
0.789296 -2.01043
0.790119 -2.01072
0.790943 -2.01101
0.791766 -2.01131
0.792589 -2.0116
0.793413 -2.01189
0.794236 -2.01218
0.79506 -2.01246
0.795883 -2.01275
0.796706 -2.01304
0.79753 -2.01333
0.798353 -2.01362
0.799177 -2.0139
0.8 -2.01419
0.80082 -2.01447
0.801639 -2.01476
0.802433 -2.01504
0.803219 -2.01531
0.804 -2.01558
0.804774 -2.01585
0.805548 -2.01612
0.806316 -2.01638
0.807084 -2.01665
0.807858 -2.01692
0.808646 -2.01719
0.809462 -2.01747
0.810277 -2.01775
0.811093 -2.01803
0.811909 -2.01831
0.812724 -2.01859
0.81354 -2.01887
0.814356 -2.01915
0.815171 -2.01943
0.815987 -2.01971
0.816803 -2.01999
0.817618 -2.02027
0.818434 -2.02055
0.81925 -2.02083
0.820065 -2.02111
0.820881 -2.02139
0.821697 -2.02167
0.822512 -2.02195
0.823328 -2.02223
0.824143 -2.02251
0.824959 -2.02279
0.825775 -2.02307
0.82659 -2.02335
0.827406 -2.02363
0.828222 -2.02391
0.829037 -2.02419
0.829853 -2.02447
0.83065 -2.02474
0.831438 -2.02501
0.832217 -2.02528
0.832997 -2.02555
0.833767 -2.02582
0.834537 -2.02608
0.835307 -2.02635
0.836068 -2.02661
0.836838 -2.02688
0.837609 -2.02715
0.838398 -2.02742
0.839209 -2.0277
0.840019 -2.02798
0.84083 -2.02826
0.841641 -2.02854
0.842463 -2.02883
0.843284 -2.02911
0.844106 -2.0294
0.844928 -2.02969
0.84575 -2.02997
0.84656 -2.03026
0.84737 -2.03054
0.848179 -2.03083
0.848989 -2.03111
0.849799 -2.03139
0.850609 -2.03168
0.851418 -2.03196
0.852228 -2.03225
0.853038 -2.03254
0.853847 -2.03282
0.854657 -2.03311
0.855467 -2.0334
0.856276 -2.03368
0.857086 -2.03397
0.857896 -2.03426
0.858706 -2.03455
0.859515 -2.03484
0.860309 -2.03512
0.861103 -2.0354
0.861881 -2.03568
0.862659 -2.03596
0.863437 -2.03624
0.864215 -2.03652
0.864993 -2.0368
0.865771 -2.03708
0.866548 -2.03737
0.867345 -2.03765
0.868161 -2.03795
0.868978 -2.03824
0.869794 -2.03854
0.87061 -2.03884
0.871427 -2.03913
0.872243 -2.03943
0.87306 -2.03973
0.873876 -2.04003
0.874692 -2.04032
0.875509 -2.04062
0.876325 -2.04092
0.877141 -2.04122
0.877958 -2.04152
0.878774 -2.04183
0.879591 -2.04213
0.880407 -2.04243
0.881223 -2.04273
0.88204 -2.04304
0.882856 -2.04334
0.883672 -2.04364
0.884489 -2.04395
0.885305 -2.04425
0.886122 -2.04456
0.886938 -2.04486
0.887754 -2.04517
0.888571 -2.04548
0.889387 -2.04578
0.890145 -2.04607
0.890903 -2.04636
0.891661 -2.04665
0.892419 -2.04694
0.893177 -2.04723
0.893935 -2.04752
0.894694 -2.04781
0.895452 -2.0481
0.89621 -2.04839
0.896968 -2.04868
0.897726 -2.04897
0.898484 -2.04926
0.899242 -2.04956
0.9 -2.04985
0.90082 -2.05017
0.901639 -2.05049
0.902452 -2.0508
0.903265 -2.05112
0.904085 -2.05144
0.904905 -2.05176
0.905725 -2.05208
0.906544 -2.0524
0.907364 -2.05273
0.908184 -2.05305
0.909004 -2.05337
0.909823 -2.0537
0.910643 -2.05402
0.911463 -2.05435
0.912283 -2.05467
0.913103 -2.055
0.913922 -2.05532
0.914742 -2.05565
0.915562 -2.05598
0.916382 -2.05631
0.917202 -2.05664
0.918021 -2.05697
0.918825 -2.05729
0.919613 -2.05761
0.920394 -2.05793
0.921166 -2.05824
0.921932 -2.05855
0.922697 -2.05886
0.923463 -2.05918
0.924236 -2.05949
0.925033 -2.05982
0.925857 -2.06015
0.926681 -2.06049
0.927505 -2.06083
0.928328 -2.06117
0.929152 -2.06151
0.929976 -2.06185
0.9308 -2.06219
0.931624 -2.06253
0.932448 -2.06287
0.933271 -2.06321
0.934095 -2.06355
0.934919 -2.0639
0.935743 -2.06424
0.936567 -2.06458
0.93739 -2.06493
0.938214 -2.06527
0.939038 -2.06562
0.939862 -2.06596
0.940686 -2.06631
0.941509 -2.06666
0.942333 -2.067
0.943157 -2.06735
0.943981 -2.0677
0.944805 -2.06805
0.945628 -2.0684
0.946452 -2.06874
0.947276 -2.06909
0.948087 -2.06944
0.948874 -2.06978
0.94966 -2.07011
0.950435 -2.07045
0.951209 -2.07078
0.951984 -2.07111
0.952758 -2.07144
0.953546 -2.07178
0.954361 -2.07213
0.95519 -2.07249
