0.00025 -4.44089e-15
0.0005 -4.44089e-15
0.00075 -5.32907e-15
0.001 -5.32907e-15
0.00125 -5.32907e-15
0.0015 -5.32907e-15
0.00175 -4.44089e-15
0.002 -7.99361e-15
0.00225 -7.99361e-15
0.0025 -7.10543e-15
0.00275 -7.10543e-15
0.003 -5.32907e-15
0.00325 -7.10543e-15
0.0035 -7.99361e-15
0.00375 -9.76996e-15
0.004 -7.99361e-15
0.00425 -8.88178e-15
0.0045 -1.06581e-14
0.00475 -5.32907e-15
0.005 -1.06581e-14
0.00525 -1.15463e-14
0.0055 -1.15463e-14
0.00575 -9.76996e-15
0.006 -1.06581e-14
0.00625 -1.15463e-14
0.0065 -8.88178e-15
0.00675 -1.15463e-14
0.007 -1.24345e-14
0.00725 -1.15463e-14
0.0075 -9.76996e-15
0.00775 -1.33227e-14
0.008 -1.24345e-14
0.00825 -1.15463e-14
0.0085 -1.59872e-14
0.00875 -1.33227e-14
0.009 -1.33227e-14
0.00925 -1.5099e-14
0.0095 -1.42109e-14
0.00975 -1.33227e-14
0.01 -1.33227e-14
0.01025 -1.15463e-14
0.0105 -1.42109e-14
0.01075 -1.24345e-14
0.011 -1.59872e-14
0.01125 -1.42109e-14
0.0115 -1.5099e-14
0.01175 -1.68754e-14
0.012 -1.5099e-14
0.01225 -1.68754e-14
0.0125 -1.68754e-14
0.01275 -1.77636e-14
0.013 -1.68754e-14
0.01325 -1.95399e-14
0.0135 -2.04281e-14
0.01375 -1.77636e-14
0.014 -2.22045e-14
0.01425 -2.13163e-14
0.0145 -1.59872e-14
0.01475 -2.04281e-14
0.015 -2.22045e-14
0.01525 -1.59872e-14
0.0155 -1.95399e-14
0.01575 -2.13163e-14
0.016 -2.13163e-14
0.01625 -2.04281e-14
0.0165 -1.59872e-14
0.01675 -1.86517e-14
0.017 -1.95399e-14
0.01725 -1.86517e-14
0.0175 -1.95399e-14
0.01775 -1.95399e-14
0.018 -2.13163e-14
0.01825 -1.68754e-14
0.0185 -1.86517e-14
0.01875 -2.04281e-14
0.019 -2.30926e-14
0.01925 -2.30926e-14
0.0195 -2.57572e-14
0.01975 -2.22045e-14
0.02 -1.77636e-14
0.02025 -2.30926e-14
0.0205 -2.39808e-14
0.02075 -2.84217e-14
0.021 -2.22045e-14
0.02125 -2.39808e-14
0.0215 -2.22045e-14
0.02175 -2.22045e-14
0.022 -2.22045e-14
0.02225 -2.39808e-14
0.0225 -2.30926e-14
0.02275 -2.30926e-14
0.023 -2.57572e-14
0.02325 -2.57572e-14
0.0235 -2.4869e-14
0.02375 -2.66454e-14
0.024 -2.4869e-14
0.02425 -2.39808e-14
0.0245 -3.10862e-14
0.02475 -2.66454e-14
0.025 -2.57572e-14
0.02525 -2.66454e-14
0.0255 -2.66454e-14
0.02575 -2.4869e-14
0.026 -2.30926e-14
0.02625 -2.84217e-14
0.0265 -2.93099e-14
0.02675 -2.75335e-14
0.027 -2.66454e-14
0.02725 -2.84217e-14
0.0275 -2.75335e-14
0.02775 -2.93099e-14
0.028 -3.55271e-14
0.02825 -3.19744e-14
0.0285 -2.75335e-14
0.02875 -2.66454e-14
0.029 -3.37508e-14
0.02925 -3.28626e-14
0.0295 -2.66454e-14
0.02975 -2.84217e-14
0.03 -2.66454e-14
0.03025 -3.01981e-14
0.0305 -3.01981e-14
0.03075 -2.75335e-14
0.031 -3.37508e-14
0.03125 -2.66454e-14
0.0315 -3.19744e-14
0.03175 -2.84217e-14
0.032 -3.01981e-14
0.03225 -3.81917e-14
0.0325 -3.01981e-14
0.03275 -2.57572e-14
0.033 -3.10862e-14
0.03325 -3.64153e-14
0.0335 -3.55271e-14
0.03375 -3.10862e-14
0.034 -3.28626e-14
0.03425 -3.37508e-14
0.0345 -3.73035e-14
0.03475 -3.37508e-14
0.035 -3.37508e-14
0.03525 -3.19744e-14
0.0355 -3.90799e-14
0.03575 -3.81917e-14
0.036 -3.28626e-14
0.03625 -3.64153e-14
0.0365 -3.90799e-14
0.03675 -3.64153e-14
0.037 -3.64153e-14
0.03725 -3.55271e-14
0.0375 -3.64153e-14
0.03775 -3.55271e-14
0.038 -3.19744e-14
0.03825 -3.55271e-14
0.0385 -3.9968e-14
0.03875 -3.01981e-14
0.039 -3.73035e-14
0.03925 -3.4639e-14
0.0395 -3.37508e-14
0.03975 -3.81917e-14
0.04 -3.64153e-14
0.04025 -4.35207e-14
0.0405 -3.73035e-14
0.04075 -3.81917e-14
0.041 -3.90799e-14
0.04125 -3.9968e-14
0.0415 -4.26326e-14
0.04175 -3.4639e-14
0.042 -3.19744e-14
0.04225 -4.26326e-14
0.0425 -3.55271e-14
0.04275 -4.08562e-14
0.043 -4.26326e-14
0.04325 -4.52971e-14
0.0435 -3.64153e-14
0.04375 -3.81917e-14
0.044 -4.17444e-14
0.04425 -3.4639e-14
0.0445 -4.26326e-14
0.04475 -4.79616e-14
0.045 -3.9968e-14
0.04525 -4.26326e-14
0.0455 -4.17444e-14
0.04575 -4.35207e-14
0.046 -3.73035e-14
0.04625 -4.52971e-14
0.0465 -4.26326e-14
0.04675 -4.08562e-14
0.047 -3.90799e-14
0.04725 -4.17444e-14
0.0475 -4.26326e-14
0.04775 -4.17444e-14
0.048 -4.52971e-14
0.04825 -3.90799e-14
0.0485 -4.79616e-14
0.04875 -4.26326e-14
0.049 -4.61853e-14
0.04925 -4.61853e-14
0.0495 -4.44089e-14
0.04975 -4.61853e-14
0.05 -4.17444e-14
0.05025 -4.52971e-14
0.0505 -4.9738e-14
0.05075 -4.26326e-14
0.051 -4.52971e-14
0.05125 -3.73035e-14
0.0515 -4.79616e-14
0.05175 -4.08562e-14
0.052 -3.9968e-14
0.05225 -4.79616e-14
0.0525 -4.88498e-14
0.05275 -5.15143e-14
0.053 -4.79616e-14
0.05325 -4.88498e-14
0.0535 -4.26326e-14
0.05375 -5.06262e-14
0.054 -5.32907e-14
0.05425 -4.26326e-14
0.0545 -4.88498e-14
0.05475 -5.15143e-14
0.055 -4.35207e-14
0.05525 -5.06262e-14
0.0555 -5.24025e-14
0.05575 -4.70735e-14
0.056 -4.61853e-14
0.05625 -4.61853e-14
0.0565 -4.88498e-14
0.05675 -4.61853e-14
0.057 -5.32907e-14
0.05725 -4.70735e-14
0.0575 -5.32907e-14
0.05775 -4.52971e-14
0.058 -5.32907e-14
0.05825 -4.9738e-14
0.0585 -4.88498e-14
0.05875 -4.61853e-14
0.059 -4.17444e-14
0.05925 -5.32907e-14
0.0595 -5.24025e-14
0.05975 -4.9738e-14
0.06 -5.24025e-14
0.06025 -5.68434e-14
0.0605 -4.79616e-14
0.06075 -5.68434e-14
0.061 -5.9508e-14
0.06125 -5.32907e-14
0.0615 -5.77316e-14
0.06175 -5.06262e-14
0.062 -5.41789e-14
0.06225 -5.50671e-14
0.0625 -5.32907e-14
0.06275 -5.59552e-14
0.063 -4.79616e-14
0.06325 -5.50671e-14
0.0635 -5.15143e-14
0.06375 -5.68434e-14
0.064 -5.86198e-14
0.06425 -5.68434e-14
0.0645 -4.9738e-14
0.06475 -5.9508e-14
0.065 -4.88498e-14
0.06525 -5.68434e-14
0.0655 -5.24025e-14
0.06575 -5.50671e-14
0.066 -5.59552e-14
0.06625 -5.77316e-14
0.0665 -5.68434e-14
0.06675 -5.59552e-14
0.067 -5.68434e-14
0.06725 -5.15143e-14
0.0675 -5.59552e-14
0.06775 -5.86198e-14
0.068 -5.68434e-14
0.06825 -5.50671e-14
0.0685 -5.41789e-14
0.06875 -5.50671e-14
0.069 -5.77316e-14
0.06925 -5.77316e-14
0.0695 -5.68434e-14
0.06975 -5.68434e-14
0.07 -5.86198e-14
0.07025 -6.12843e-14
0.0705 -6.57252e-14
0.07075 -5.86198e-14
0.071 -5.86198e-14
0.07125 -5.68434e-14
0.0715 -6.57252e-14
0.07175 -6.75016e-14
0.072 -5.24025e-14
0.07225 -5.50671e-14
0.0725 -5.68434e-14
0.07275 -5.86198e-14
0.073 -6.83897e-14
0.07325 -5.32907e-14
0.0735 -6.21725e-14
0.07375 -5.86198e-14
0.074 -5.86198e-14
0.07425 -5.32907e-14
0.0745 -6.12843e-14
0.07475 -6.39488e-14
0.075 -6.21725e-14
0.07525 -5.9508e-14
0.0755 -5.86198e-14
0.07575 -5.41789e-14
0.076 -6.39488e-14
0.07625 -6.66134e-14
0.0765 -5.50671e-14
0.07675 -6.03961e-14
0.077 -5.24025e-14
0.07725 -5.41789e-14
0.0775 -6.21725e-14
0.07775 -6.12843e-14
0.078 -6.66134e-14
0.07825 -5.24025e-14
0.0785 -6.39488e-14
0.07875 -5.68434e-14
0.079 -5.9508e-14
0.07925 -5.50671e-14
0.0795 -5.59552e-14
0.07975 -5.86198e-14
0.08 -5.86198e-14
0.08025 -5.24025e-14
0.0805 -5.86198e-14
0.08075 -5.59552e-14
0.081 -6.21725e-14
0.08125 -5.9508e-14
0.0815 -6.21725e-14
0.08175 -6.57252e-14
0.082 -5.68434e-14
0.08225 -5.41789e-14
0.0825 -5.50671e-14
0.08275 -5.68434e-14
0.083 -5.68434e-14
0.08325 -5.59552e-14
0.0835 -6.12843e-14
0.08375 -5.9508e-14
0.084 -5.59552e-14
0.08425 -5.86198e-14
0.0845 -5.86198e-14
0.08475 -5.41789e-14
0.085 -5.50671e-14
0.08525 -5.68434e-14
0.0855 -5.9508e-14
0.08575 -5.41789e-14
0.086 -5.9508e-14
0.08625 -5.41789e-14
0.0865 -5.59552e-14
0.08675 -5.24025e-14
0.087 -5.77316e-14
0.08725 -5.24025e-14
0.0875 -5.9508e-14
0.08775 -6.12843e-14
0.088 -5.9508e-14
0.08825 -5.77316e-14
0.0885 -5.32907e-14
0.08875 -4.70735e-14
0.089 -5.86198e-14
0.08925 -5.50671e-14
0.0895 -5.06262e-14
0.08975 -5.32907e-14
0.09 -5.32907e-14
0.09025 -5.24025e-14
0.0905 -5.24025e-14
0.09075 -5.24025e-14
0.091 -5.06262e-14
0.09125 -4.44089e-14
0.0915 -5.32907e-14
0.09175 -4.44089e-14
0.092 -4.44089e-14
0.09225 -5.24025e-14
0.0925 -5.06262e-14
0.09275 -4.35207e-14
0.093 -5.15143e-14
0.09325 -5.15143e-14
0.0935 -4.79616e-14
0.09375 -5.50671e-14
0.094 -5.15143e-14
0.09425 -4.79616e-14
0.0945 -4.44089e-14
0.09475 -4.79616e-14
0.095 -5.15143e-14
0.09525 -5.50671e-14
0.0955 -5.24025e-14
0.09575 -4.08562e-14
0.096 -4.17444e-14
0.09625 -3.90799e-14
0.0965 -4.17444e-14
0.09675 -4.70735e-14
0.097 -4.79616e-14
0.09725 -5.15143e-14
0.0975 -4.79616e-14
0.09775 -5.50671e-14
0.098 -4.61853e-14
0.09825 -3.64153e-14
0.0985 -5.41789e-14
0.09875 -5.59552e-14
0.099 -4.79616e-14
0.09925 -4.26326e-14
0.0995 -4.52971e-14
0.09975 -4.35207e-14
0.1 -4.79616e-14
0.10025 -4.35207e-14
0.1005 -4.44089e-14
0.10075 -5.32907e-14
0.101 -5.32907e-14
0.10125 -4.08562e-14
0.1015 -4.17444e-14
0.10175 -5.06262e-14
0.102 -4.17444e-14
0.10225 -3.81917e-14
0.1025 -4.44089e-14
0.10275 -5.50671e-14
0.103 -4.17444e-14
0.10325 -4.26326e-14
0.1035 -4.17444e-14
0.10375 -4.70735e-14
0.104 -4.26326e-14
0.10425 -4.08562e-14
0.1045 -4.08562e-14
0.10475 -4.44089e-14
0.105 -4.79616e-14
0.10525 -4.17444e-14
0.1055 -3.73035e-14
0.10575 -3.90799e-14
0.106 -5.06262e-14
0.10625 -4.61853e-14
0.1065 -4.44089e-14
0.10675 -4.17444e-14
0.107 -4.52971e-14
0.10725 -4.52971e-14
0.1075 -4.08562e-14
0.10775 -3.73035e-14
0.108 -4.44089e-14
0.10825 -3.9968e-14
0.1085 -4.26326e-14
0.10875 -4.61853e-14
0.109 -4.35207e-14
0.10925 -4.88498e-14
0.1095 -4.52971e-14
0.10975 -4.61853e-14
0.11 -4.44089e-14
0.11025 -3.90799e-14
0.1105 -4.79616e-14
0.11075 -4.17444e-14
0.111 -4.79616e-14
0.11125 -4.52971e-14
0.1115 -4.44089e-14
0.11175 -4.26326e-14
0.112 -2.84217e-14
0.11225 -4.08562e-14
0.1125 -4.35207e-14
0.11275 -4.35207e-14
0.113 -4.08562e-14
0.11325 -3.37508e-14
0.1135 -4.17444e-14
0.11375 -3.81917e-14
0.114 -3.90799e-14
0.11425 -3.81917e-14
0.1145 -4.35207e-14
0.11475 -3.9968e-14
0.115 -3.55271e-14
0.11525 -4.17444e-14
0.1155 -4.35207e-14
0.11575 -4.35207e-14
0.116 -3.90799e-14
0.11625 -4.08562e-14
0.1165 -3.55271e-14
0.11675 -5.06262e-14
0.117 -4.44089e-14
0.11725 -3.73035e-14
0.1175 -4.35207e-14
0.11775 -3.28626e-14
0.118 -3.81917e-14
0.11825 -3.9968e-14
0.1185 -4.08562e-14
0.11875 -3.73035e-14
0.119 -3.81917e-14
0.11925 -4.35207e-14
0.1195 -4.35207e-14
0.11975 -3.55271e-14
0.12 -3.37508e-14
0.12025 -4.35207e-14
0.1205 -3.37508e-14
0.12075 -3.4639e-14
0.121 -3.01981e-14
0.12125 -3.90799e-14
0.1215 -3.73035e-14
0.12175 -3.73035e-14
0.122 -3.55271e-14
0.12225 -4.61853e-14
0.1225 -3.19744e-14
0.12275 -3.9968e-14
0.123 -4.26326e-14
0.12325 -3.81917e-14
0.1235 -4.52971e-14
0.12375 -3.55271e-14
0.124 -4.17444e-14
0.12425 -4.61853e-14
0.1245 -3.90799e-14
0.12475 -3.73035e-14
0.125 -4.9738e-14
0.12525 -3.01981e-14
0.1255 -3.64153e-14
0.12575 -3.90799e-14
0.126 -3.73035e-14
0.12625 -4.08562e-14
0.1265 -2.93099e-14
0.12675 -3.73035e-14
0.127 -3.01981e-14
0.12725 -3.81917e-14
0.1275 -3.4639e-14
0.12775 -3.64153e-14
0.128 -4.61853e-14
0.12825 -3.73035e-14
0.1285 -3.10862e-14
0.12875 -3.81917e-14
0.129 -3.55271e-14
0.12925 -3.90799e-14
0.1295 -2.66454e-14
0.12975 -3.4639e-14
0.13 -4.08562e-14
0.13025 -4.44089e-14
0.1305 -3.28626e-14
0.13075 -3.64153e-14
0.131 -3.28626e-14
0.13125 -3.28626e-14
0.1315 -3.81917e-14
0.13175 -3.10862e-14
0.132 -3.90799e-14
0.13225 -3.73035e-14
0.1325 -3.28626e-14
0.13275 -3.55271e-14
0.133 -3.73035e-14
0.13325 -3.01981e-14
0.1335 -2.84217e-14
0.13375 -4.35207e-14
0.134 -3.55271e-14
0.13425 -3.90799e-14
0.1345 -3.55271e-14
0.13475 -3.37508e-14
0.135 -3.4639e-14
0.13525 -3.81917e-14
0.1355 -3.64153e-14
0.13575 -3.90799e-14
0.136 -2.75335e-14
0.13625 -3.90799e-14
0.1365 -3.9968e-14
0.13675 -4.26326e-14
0.137 -3.10862e-14
0.13725 -3.64153e-14
0.1375 -3.4639e-14
0.13775 -3.81917e-14
0.138 -4.35207e-14
0.13825 -4.17444e-14
0.1385 -3.55271e-14
0.13875 -3.9968e-14
0.139 -4.35207e-14
0.13925 -3.10862e-14
0.1395 -3.64153e-14
0.13975 -3.9968e-14
0.14 -3.73035e-14
0.14025 -3.90799e-14
0.1405 -4.26326e-14
0.14075 -4.17444e-14
0.141 -3.81917e-14
0.14125 -2.93099e-14
0.1415 -3.73035e-14
0.14175 -3.73035e-14
0.142 -3.55271e-14
0.14225 -3.10862e-14
0.1425 -3.55271e-14
0.14275 -3.81917e-14
0.143 -3.4639e-14
0.14325 -4.08562e-14
0.1435 -3.4639e-14
0.14375 -4.08562e-14
0.144 -3.28626e-14
0.14425 -3.10862e-14
0.1445 -3.55271e-14
0.14475 -3.28626e-14
0.145 -3.81917e-14
0.14525 -3.4639e-14
0.1455 -3.55271e-14
0.14575 -3.37508e-14
0.146 -3.55271e-14
0.14625 -3.9968e-14
0.1465 -3.90799e-14
0.14675 -3.55271e-14
0.147 -4.08562e-14
0.14725 -3.81917e-14
0.1475 -3.55271e-14
0.14775 -4.44089e-14
0.148 -3.37508e-14
0.14825 -4.08562e-14
0.1485 -3.9968e-14
0.14875 -4.44089e-14
0.149 -3.90799e-14
0.14925 -3.9968e-14
0.1495 -3.90799e-14
0.14975 -3.4639e-14
0.15 -3.73035e-14
0.15025 -3.28626e-14
0.1505 -3.73035e-14
0.15075 -3.4639e-14
0.151 -3.01981e-14
0.15125 -3.81917e-14
0.1515 -4.08562e-14
0.15175 -3.64153e-14
0.152 -3.37508e-14
0.15225 -3.9968e-14
0.1525 -3.90799e-14
0.15275 -2.4869e-14
0.153 -2.84217e-14
0.15325 -2.75335e-14
0.1535 -3.64153e-14
0.15375 -3.64153e-14
0.154 -3.19744e-14
0.15425 -3.73035e-14
0.1545 -3.64153e-14
0.15475 -3.37508e-14
0.155 -3.37508e-14
0.15525 -3.9968e-14
0.1555 -3.81917e-14
0.15575 -4.17444e-14
0.156 -3.37508e-14
0.15625 -3.55271e-14
0.1565 -3.4639e-14
0.15675 -4.26326e-14
0.157 -4.61853e-14
0.15725 -3.55271e-14
0.1575 -4.26326e-14
0.15775 -3.9968e-14
0.158 -3.81917e-14
0.15825 -4.52971e-14
0.1585 -3.81917e-14
0.15875 -3.28626e-14
0.159 -3.55271e-14
0.15925 -4.35207e-14
0.1595 -3.73035e-14
0.15975 -3.64153e-14
0.16 -4.17444e-14
0.16025 -3.9968e-14
0.1605 -3.90799e-14
0.16075 -2.93099e-14
0.161 -3.28626e-14
0.16125 -3.4639e-14
0.1615 -3.01981e-14
0.16175 -3.19744e-14
0.162 -3.73035e-14
0.16225 -3.4639e-14
0.1625 -4.17444e-14
0.16275 -4.08562e-14
0.163 -3.10862e-14
0.16325 -4.08562e-14
0.1635 -4.44089e-14
0.16375 -3.64153e-14
0.164 -3.37508e-14
0.16425 -3.01981e-14
0.1645 -3.73035e-14
0.16475 -3.01981e-14
0.165 -4.08562e-14
0.16525 -4.08562e-14
0.1655 -4.35207e-14
0.16575 -4.08562e-14
0.166 -3.90799e-14
0.16625 -2.84217e-14
0.1665 -4.08562e-14
0.16675 -3.81917e-14
0.167 -3.01981e-14
0.16725 -4.61853e-14
0.1675 -3.73035e-14
0.16775 -3.81917e-14
0.168 -3.81917e-14
0.16825 -3.55271e-14
0.1685 -3.37508e-14
0.16875 -4.79616e-14
0.169 -3.64153e-14
0.16925 -3.81917e-14
0.1695 -3.90799e-14
0.16975 -2.75335e-14
0.17 -3.90799e-14
0.17025 -2.75335e-14
0.1705 -3.73035e-14
0.17075 -3.73035e-14
0.171 -4.79616e-14
0.17125 -2.75335e-14
0.1715 -3.37508e-14
0.17175 -2.93099e-14
0.172 -3.90799e-14
0.17225 -3.9968e-14
0.1725 -3.55271e-14
0.17275 -4.44089e-14
0.173 -2.4869e-14
0.17325 -3.28626e-14
0.1735 -3.90799e-14
0.17375 -3.55271e-14
0.174 -3.81917e-14
0.17425 -4.17444e-14
0.1745 -3.81917e-14
0.17475 -4.26326e-14
0.175 -2.66454e-14
0.17525 -2.39808e-14
0.1755 -2.84217e-14
0.17575 -3.01981e-14
0.176 -3.64153e-14
0.17625 -3.90799e-14
0.1765 -3.4639e-14
0.17675 -2.57572e-14
0.177 -3.4639e-14
0.17725 -2.57572e-14
0.1775 -3.4639e-14
0.17775 -3.10862e-14
0.178 -3.4639e-14
0.17825 -3.19744e-14
0.1785 -3.64153e-14
0.17875 -3.81917e-14
0.179 -2.39808e-14
0.17925 -3.19744e-14
0.1795 -2.93099e-14
0.17975 -3.81917e-14
0.18 -4.08562e-14
0.18025 -4.08562e-14
0.1805 -3.81917e-14
0.18075 -3.90799e-14
0.181 -3.01981e-14
0.18125 -4.35207e-14
0.1815 -3.19744e-14
0.18175 -4.35207e-14
0.182 -3.55271e-14
0.18225 -4.17444e-14
0.1825 -4.17444e-14
0.18275 -2.84217e-14
0.183 -2.84217e-14
0.18325 -3.19744e-14
0.1835 -4.26326e-14
0.18375 -3.9968e-14
0.184 -2.4869e-14
0.18425 -3.01981e-14
0.1845 -3.19744e-14
0.18475 -3.28626e-14
0.185 -2.84217e-14
0.18525 -3.28626e-14
0.1855 -3.73035e-14
0.18575 -4.17444e-14
0.186 -3.81917e-14
0.18625 -3.9968e-14
0.1865 -3.4639e-14
0.18675 -3.19744e-14
0.187 -3.4639e-14
0.18725 -3.10862e-14
0.1875 -2.39808e-14
0.18775 -3.10862e-14
0.188 -3.19744e-14
0.18825 -3.4639e-14
0.1885 -3.73035e-14
0.18875 -3.01981e-14
0.189 -4.35207e-14
0.18925 -3.64153e-14
0.1895 -3.81917e-14
0.18975 -3.28626e-14
0.19 -2.75335e-14
0.19025 -3.28626e-14
0.1905 -3.81917e-14
0.19075 -2.75335e-14
0.191 -3.01981e-14
0.19125 -3.28626e-14
0.1915 -3.4639e-14
0.19175 -3.10862e-14
0.192 -4.17444e-14
0.19225 -3.37508e-14
0.1925 -3.01981e-14
0.19275 -3.19744e-14
0.193 -3.73035e-14
0.19325 -3.37508e-14
0.1935 -2.84217e-14
0.19375 -2.93099e-14
0.194 -2.13163e-14
0.19425 -3.73035e-14
0.1945 -3.73035e-14
0.19475 -2.93099e-14
0.195 -3.19744e-14
0.19525 -2.66454e-14
0.1955 -3.37508e-14
0.19575 -3.55271e-14
0.196 -3.19744e-14
0.19625 -3.28626e-14
0.1965 -3.01981e-14
0.19675 -2.75335e-14
0.197 -2.57572e-14
0.19725 -3.28626e-14
0.1975 -3.01981e-14
0.19775 -2.4869e-14
0.198 -3.19744e-14
0.19825 -1.68754e-14
0.1985 -3.10862e-14
0.19875 -2.66454e-14
0.199 -3.19744e-14
0.19925 -3.37508e-14
0.1995 -2.84217e-14
0.19975 -2.66454e-14
0.2 -3.19744e-14
