/*--------------------------------*- C++ -*----------------------------------*\
| =========                 |                                                 |
| \\      /  F ield         | OpenFOAM: The Open Source CFD Toolbox           |
|  \\    /   O peration     | Version:  v1812                                 |
|   \\  /    A nd           | Web:      www.OpenFOAM.com                      |
|    \\/     M anipulation  |                                                 |
\*---------------------------------------------------------------------------*/
FoamFile
{
    version     2.0;
    format      ascii;
    class       volScalarField;
    location    "0.0015";
    object      T;
}
// * * * * * * * * * * * * * * * * * * * * * * * * * * * * * * * * * * * * * //

dimensions      [0 0 0 1 0 0 0];


internalField   nonuniform List<scalar> 
8475
(
288.9
288.9
288.9
288.9
288.9
288.9
288.9
288.9
288.9
288.9
288.9
288.9
288.9
288.9
288.9
288.9
288.9
288.9
288.9
288.9
288.9
288.9
288.9
288.9
288.9
288.9
288.9
288.9
288.9
288.9
288.9
288.9
288.9
288.9
288.9
288.9
288.907
289.319
288.9
288.9
288.9
288.9
288.9
288.9
288.9
288.9
288.9
288.9
288.9
288.9
288.9
288.9
288.9
288.9
288.9
288.9
288.9
288.9
288.9
288.9
288.9
288.9
288.9
288.9
288.9
288.9
288.9
288.9
288.9
288.9
288.9
288.9
288.9
288.9
288.902
289.007
288.9
288.9
288.9
288.9
288.9
288.9
288.9
288.9
288.9
288.9
288.9
288.9
288.9
288.9
288.9
288.9
288.9
288.9
288.9
288.9
288.9
288.9
288.9
288.9
288.9
288.9
288.9
288.9
288.9
288.9
288.9
288.9
288.9
288.9
288.9
288.9
288.9
288.914
288.9
288.9
288.9
288.9
288.9
288.9
288.9
288.9
288.9
288.9
288.9
288.9
288.9
288.9
288.9
288.9
288.9
288.9
288.9
288.9
288.9
288.9
288.9
288.9
288.9
288.9
288.9
288.9
288.9
288.9
288.9
288.9
288.9
288.9
288.9
288.9
288.9
288.901
288.9
288.9
288.9
288.9
288.9
288.9
288.9
288.9
288.9
288.9
288.9
288.9
288.9
288.9
288.9
288.9
288.9
288.9
288.9
288.9
288.9
288.9
288.9
288.9
288.9
288.9
288.9
288.9
288.9
288.9
288.9
288.9
288.9
288.9
288.9
288.9
288.9
288.9
288.9
288.9
288.9
288.9
288.9
288.9
288.9
288.9
288.9
288.9
288.9
288.9
288.9
288.9
288.9
288.9
288.9
288.9
288.9
288.9
288.9
288.9
288.9
288.9
288.9
288.9
288.9
288.9
288.9
288.9
288.9
288.9
288.9
288.9
288.9
288.9
288.9
288.9
288.9
288.9
288.9
288.9
288.9
288.9
288.9
288.9
288.9
288.9
288.9
288.9
288.9
288.9
288.9
288.9
288.9
288.9
288.9
288.9
288.9
288.9
288.9
288.9
288.9
288.9
288.9
288.9
288.9
288.9
288.9
288.9
288.9
288.9
288.9
288.9
288.9
288.9
288.9
288.9
288.9
288.9
288.9
288.9
288.9
288.9
288.9
288.9
288.9
288.9
288.9
288.9
288.9
288.9
288.9
288.9
288.9
288.9
288.9
288.9
288.9
288.9
288.9
288.9
288.9
288.9
288.9
288.9
288.9
288.9
288.9
288.9
288.9
288.9
288.9
288.9
288.9
288.9
288.9
288.9
288.9
288.9
288.9
288.9
288.9
288.9
288.9
288.9
288.9
288.9
288.9
288.9
288.9
288.9
288.9
288.9
288.9
288.9
288.9
288.9
288.9
288.9
288.9
288.9
288.9
288.9
288.9
288.9
288.9
288.9
288.9
288.9
288.9
288.9
288.9
288.9
288.9
288.9
288.9
288.9
288.9
288.9
288.9
288.9
288.9
288.9
288.9
288.9
288.9
288.9
288.9
288.9
288.9
288.9
288.9
288.9
288.9
288.9
288.9
288.9
288.9
288.9
288.9
288.9
288.9
288.9
288.9
288.9
288.9
288.9
288.9
288.9
288.9
288.9
288.9
288.9
288.9
288.9
288.9
288.9
288.9
288.9
288.9
288.9
288.9
288.9
288.9
288.9
288.9
288.9
288.9
288.9
288.9
288.9
288.9
288.9
288.9
288.9
288.9
288.9
288.9
288.9
288.9
288.9
288.9
288.9
288.9
288.9
288.9
288.9
288.9
288.9
288.9
288.9
288.9
288.9
288.9
288.9
288.9
288.9
288.9
288.9
288.9
288.9
288.9
288.9
288.9
288.9
288.9
288.9
288.9
288.9
288.9
288.9
288.9
288.9
288.9
288.9
288.9
288.9
288.9
288.9
288.9
288.9
288.9
288.9
288.9
288.9
288.9
288.9
288.9
288.9
288.9
288.9
288.9
288.9
288.9
288.9
288.9
288.9
288.9
288.9
288.9
288.9
288.9
288.9
288.9
288.9
288.9
288.9
288.9
288.9
288.9
288.9
288.9
288.9
288.9
288.9
288.9
288.9
288.9
288.9
288.9
288.9
288.9
288.9
288.9
288.9
288.9
288.9
288.9
288.9
288.9
288.9
288.9
288.9
288.9
288.9
288.9
288.9
288.9
288.9
288.9
288.9
288.9
288.9
288.9
288.9
288.9
288.9
288.9
288.9
288.9
288.9
288.9
288.9
288.9
288.9
288.9
288.9
288.9
288.9
288.9
288.9
288.9
288.9
288.9
288.9
288.9
288.9
288.9
288.9
288.9
288.9
288.9
288.9
288.9
288.9
288.9
288.9
288.9
288.9
288.9
288.9
288.9
288.9
288.9
288.9
288.9
288.9
288.9
288.9
288.9
288.9
288.9
288.9
288.9
288.9
288.9
288.9
288.9
288.9
288.9
288.9
288.9
288.9
288.9
288.9
288.9
288.9
288.9
288.9
288.9
288.9
288.9
288.9
288.9
288.9
288.9
288.9
288.9
288.9
288.9
288.9
288.9
288.9
288.9
288.9
288.9
288.9
288.9
288.9
288.9
288.9
288.9
288.9
288.9
288.9
288.9
288.9
288.9
288.9
288.9
288.9
288.9
288.9
288.9
288.9
288.9
288.9
288.9
288.9
288.9
288.9
288.9
288.9
288.9
288.9
288.9
288.9
288.9
288.9
288.9
288.9
288.9
288.9
288.9
288.9
288.9
288.9
288.9
288.9
288.9
288.9
288.9
288.9
288.9
288.9
288.9
288.9
288.9
288.9
288.9
288.9
288.9
288.9
288.9
288.9
288.9
288.9
288.9
288.9
288.9
288.9
288.9
288.9
288.9
288.9
288.9
288.9
288.9
288.9
288.9
288.9
288.9
288.9
288.9
288.9
288.9
288.9
288.9
288.9
288.9
288.9
288.9
288.9
288.9
288.9
288.9
288.9
288.9
288.9
288.9
288.9
288.9
288.9
288.9
288.9
288.9
288.9
288.9
288.9
288.9
288.9
288.9
288.9
288.9
288.9
288.9
288.9
288.9
288.9
288.9
288.9
288.9
288.9
288.9
288.9
288.9
288.9
288.9
288.9
288.9
288.9
288.9
288.9
288.9
288.9
288.9
288.9
288.9
288.9
288.9
288.9
288.9
288.9
288.9
288.9
288.9
288.9
288.9
288.9
288.9
288.9
288.9
288.9
288.9
288.9
288.9
288.9
288.9
288.9
288.9
288.9
288.9
288.9
288.9
288.9
288.9
288.9
288.9
288.9
288.9
288.9
288.9
288.9
288.9
288.9
288.9
288.9
288.9
288.9
288.9
288.9
288.9
288.9
288.9
288.9
288.9
288.9
288.9
288.9
288.9
288.9
288.9
288.9
288.9
288.9
288.9
288.9
288.9
288.9
288.9
288.9
288.9
288.9
288.9
288.9
288.9
288.9
288.9
288.9
288.9
288.9
288.9
288.9
288.9
288.9
288.9
288.9
288.9
288.9
288.9
288.9
288.9
288.9
288.9
288.9
288.9
288.9
288.9
288.9
288.9
288.9
288.9
288.9
288.9
288.9
288.9
288.9
288.9
288.9
288.9
288.9
288.9
288.9
288.9
288.9
288.9
288.9
288.9
288.9
288.9
288.9
288.9
288.9
288.9
288.9
288.9
288.9
288.9
288.9
288.9
288.9
288.9
288.9
288.9
288.9
288.9
288.9
288.9
288.9
288.9
288.9
288.9
288.9
288.9
288.9
288.9
288.9
288.9
288.9
288.9
288.9
288.9
288.9
288.9
288.9
288.9
288.9
288.9
288.9
288.9
288.9
288.9
288.9
288.9
288.9
288.9
288.9
288.9
288.9
288.9
288.9
288.9
288.9
288.9
288.9
288.9
288.9
288.9
288.9
288.9
288.9
288.9
288.9
288.9
288.9
288.9
288.9
288.9
288.9
288.9
288.9
288.9
288.9
288.9
288.9
288.9
288.9
288.9
288.9
288.9
288.9
288.9
288.9
288.9
288.9
288.9
288.9
288.9
288.9
288.9
288.9
288.9
288.9
288.9
288.9
288.9
288.9
288.9
288.9
288.9
288.9
288.9
288.9
288.9
288.9
288.9
288.9
288.9
288.9
288.9
288.9
288.9
288.9
288.9
288.9
288.9
288.9
288.9
288.9
288.9
288.9
288.9
288.9
288.9
288.9
288.9
288.9
288.9
288.9
288.9
288.9
288.9
288.9
288.9
288.9
288.9
288.9
288.9
288.9
288.9
288.9
288.9
288.9
288.9
288.9
288.9
288.9
288.9
288.9
288.9
288.9
288.9
288.9
288.9
288.9
288.9
288.9
288.9
288.9
288.9
288.9
288.9
288.9
288.9
288.9
288.9
288.9
288.9
288.9
288.9
288.9
288.9
288.9
288.9
288.9
288.9
288.9
288.9
288.9
288.9
288.9
288.9
288.9
288.9
288.9
288.9
288.9
288.9
288.9
288.9
288.9
288.9
288.9
288.9
288.9
288.9
288.9
288.9
288.9
288.9
288.9
288.9
288.9
288.9
288.9
288.9
288.9
288.9
288.9
288.9
288.9
288.9
288.9
288.9
288.9
288.9
288.9
288.9
288.9
288.9
288.9
288.9
288.9
288.9
288.9
288.9
288.9
288.9
288.9
288.9
288.9
288.9
288.9
288.9
288.9
288.9
288.9
288.9
288.9
288.9
288.9
288.9
288.9
288.9
288.9
288.9
288.9
288.9
288.9
288.9
288.9
288.9
288.9
288.9
288.9
288.9
288.9
288.9
288.9
288.9
288.9
288.9
288.9
288.9
288.9
288.9
288.9
288.9
288.9
288.9
288.9
288.9
288.9
288.9
288.9
288.9
288.9
288.9
288.9
288.9
288.9
288.9
288.9
288.9
288.9
288.9
288.9
288.9
288.9
288.9
288.9
288.9
288.9
288.9
288.9
288.9
288.9
288.9
288.9
288.9
288.9
288.9
288.9
288.9
288.9
288.9
288.9
288.9
288.9
288.9
288.9
288.9
288.9
288.9
288.9
288.9
288.9
288.9
288.9
288.9
288.9
288.9
288.9
288.9
288.9
288.9
288.9
288.9
288.9
288.9
288.9
288.9
288.9
288.9
288.9
288.9
288.9
288.9
288.9
288.9
288.9
288.9
288.9
288.9
288.9
288.9
288.9
288.9
288.9
288.9
288.9
288.9
288.9
288.9
288.9
288.9
288.9
288.9
288.9
288.9
288.9
288.9
288.9
288.9
288.9
288.9
288.9
288.9
288.9
288.9
288.9
288.9
288.9
288.9
288.9
288.9
288.9
288.9
288.9
288.9
288.9
288.9
288.9
288.9
288.9
288.9
288.9
288.9
288.9
288.9
288.9
288.9
288.9
288.9
288.9
288.9
288.9
288.9
288.9
288.9
288.9
288.9
288.9
288.9
288.9
288.9
288.9
288.9
288.9
288.9
288.9
288.9
288.9
288.9
288.9
288.9
288.9
288.9
288.9
288.9
288.9
288.9
288.9
288.9
288.9
288.9
288.9
288.9
288.9
288.9
288.9
288.9
288.9
288.9
288.9
288.9
288.9
288.9
288.9
288.9
288.9
288.9
288.9
288.9
288.9
288.9
288.9
288.9
288.9
288.9
288.9
288.9
288.9
288.9
288.9
288.9
288.9
288.9
288.9
288.9
288.9
288.9
288.9
288.9
288.9
288.9
288.9
288.9
288.9
288.9
288.9
288.9
288.9
288.9
288.9
288.9
288.9
288.9
288.9
288.9
288.9
288.9
288.9
288.9
288.9
288.9
288.9
288.9
288.9
288.9
288.9
288.9
288.9
288.9
288.9
288.9
288.9
288.9
288.9
288.9
288.9
288.9
288.9
288.9
288.9
288.9
288.9
288.9
288.9
288.9
288.9
288.9
288.9
288.9
288.9
288.9
288.9
288.9
288.9
288.9
288.9
288.9
288.9
288.9
288.9
288.9
288.9
288.9
288.9
288.9
288.9
288.9
288.9
288.9
288.9
288.9
288.9
288.9
288.9
288.9
288.9
288.9
288.9
288.9
288.9
288.9
288.9
288.9
288.9
288.9
288.9
288.9
288.9
288.9
288.9
288.9
288.9
288.9
288.9
288.9
288.9
288.9
288.9
288.9
288.9
288.9
288.9
288.9
288.9
288.9
288.9
288.9
288.9
288.9
288.9
288.9
288.9
288.9
288.9
288.9
288.9
288.9
288.9
288.9
288.9
288.9
288.9
288.9
288.9
288.9
288.9
288.9
288.9
288.9
288.9
288.9
288.9
288.9
288.9
288.9
288.9
288.9
288.9
288.9
288.9
288.9
288.9
288.9
288.9
288.9
288.9
288.9
288.9
288.9
288.9
288.9
288.9
288.9
288.9
288.9
288.9
288.9
288.9
288.9
288.9
288.9
288.9
288.9
288.9
288.9
288.9
288.9
288.9
288.9
288.9
288.9
288.9
288.9
288.9
288.9
288.9
288.9
288.9
288.9
288.9
288.9
288.9
288.9
288.9
288.9
288.9
288.9
288.9
288.9
288.9
288.9
288.9
288.9
288.9
288.9
288.9
288.9
288.9
288.9
288.9
288.9
288.9
288.9
288.9
288.9
288.9
288.9
288.9
288.9
288.9
288.9
288.9
288.9
288.9
288.9
288.9
288.9
288.9
288.9
288.9
288.9
288.9
288.9
288.9
288.9
288.9
288.9
288.9
288.9
288.9
288.9
288.9
288.9
288.9
288.9
288.9
288.9
288.9
288.9
288.9
288.9
288.9
288.9
288.9
288.9
288.9
288.9
288.9
288.9
288.9
288.9
288.9
288.9
288.9
288.9
288.9
288.9
288.9
288.9
288.9
288.9
288.9
288.9
288.9
288.9
288.9
288.9
288.9
288.9
288.9
288.9
288.9
288.9
288.9
288.9
288.9
288.9
288.9
288.9
288.9
288.9
288.9
288.9
288.9
288.9
288.9
288.9
288.9
288.9
288.9
288.9
288.9
288.9
288.9
288.9
288.9
288.9
288.9
288.9
288.9
288.9
288.9
288.9
288.9
288.9
288.9
288.9
288.9
288.9
288.9
288.9
288.9
288.9
288.9
288.9
288.9
288.9
288.9
288.9
288.9
288.9
288.9
288.9
288.9
288.9
288.9
288.9
288.9
288.9
288.9
288.9
288.9
288.9
288.9
288.9
288.9
288.9
288.9
288.9
288.9
288.9
288.9
288.9
288.9
288.9
288.9
288.9
288.9
288.9
288.9
288.9
288.9
288.9
288.9
288.9
288.9
288.9
288.9
288.9
288.9
288.9
288.9
288.9
288.9
288.9
288.9
288.9
288.9
288.9
288.9
288.9
288.9
288.9
288.9
288.9
288.9
288.9
288.9
288.9
288.9
288.9
288.9
288.9
288.9
288.9
288.9
288.9
288.9
288.9
288.9
288.9
288.9
288.9
288.9
288.9
288.9
288.9
288.9
288.9
288.9
288.9
288.9
288.9
288.9
288.9
288.9
288.9
288.9
288.9
288.9
288.9
288.9
288.9
288.9
288.9
288.9
288.9
288.9
288.9
288.9
288.9
288.9
288.9
288.9
288.9
288.9
288.9
288.9
288.9
288.9
288.9
288.9
288.9
288.9
288.9
288.9
288.9
288.9
288.9
288.9
288.9
288.9
288.9
288.9
288.9
288.9
288.9
288.9
288.9
288.9
288.9
288.9
288.9
288.9
288.9
288.9
288.9
288.9
288.9
288.9
288.9
288.9
288.9
288.9
288.9
288.9
288.9
288.9
288.9
288.9
288.9
288.9
288.9
288.9
288.9
288.9
288.9
288.9
288.9
288.9
288.9
288.9
288.9
288.9
288.9
288.9
288.9
288.9
288.9
288.9
288.9
288.9
288.9
288.9
288.9
288.9
288.9
288.9
288.9
288.9
288.9
288.9
288.9
288.9
288.9
288.9
288.9
288.9
288.9
288.9
288.9
288.9
288.9
288.9
288.9
288.9
288.9
288.9
288.9
288.9
288.9
288.9
288.9
288.9
288.9
288.9
288.9
288.9
288.9
288.9
288.9
288.9
288.9
288.9
288.9
288.9
288.9
288.9
288.9
288.9
288.9
288.9
288.9
288.9
288.9
288.9
288.9
288.9
288.9
288.9
288.9
288.9
288.9
288.9
288.9
288.9
288.9
288.9
288.9
288.9
288.9
288.9
288.9
288.9
288.9
288.9
288.9
288.9
288.9
288.9
288.9
288.9
288.9
288.9
288.9
288.9
288.9
288.9
288.9
288.9
288.9
288.9
288.9
288.9
288.9
288.9
288.9
288.9
288.9
288.9
288.9
288.9
288.9
288.9
288.9
288.9
288.9
288.9
288.9
288.9
288.9
288.9
288.9
288.9
288.9
288.9
288.9
288.9
288.9
288.9
288.9
288.9
288.9
288.9
288.9
288.9
288.9
288.9
288.9
288.9
288.9
288.9
288.9
288.9
288.9
288.9
288.9
288.9
288.9
288.9
288.9
288.9
288.9
288.9
288.9
288.9
288.9
288.9
288.9
288.9
288.9
288.9
288.9
288.9
288.9
288.9
288.9
288.9
288.9
288.9
288.9
288.9
288.9
288.9
288.9
288.9
288.9
288.9
288.9
288.9
288.9
288.9
288.9
288.9
288.9
288.9
288.9
288.9
288.9
288.9
288.9
288.9
288.9
288.9
288.9
288.9
288.9
288.9
288.9
288.9
288.9
288.9
288.9
288.9
288.9
288.9
288.9
288.9
288.9
288.9
288.9
288.9
288.9
288.9
288.9
288.9
288.9
288.9
288.9
288.9
288.9
288.9
288.9
288.9
288.9
288.9
288.9
288.9
288.9
288.9
288.9
288.9
288.9
288.9
288.9
288.9
288.9
288.9
288.9
288.9
288.9
288.9
288.9
288.9
288.9
288.9
288.9
288.9
288.9
288.9
288.9
288.9
288.9
288.9
288.9
288.9
288.9
288.9
288.9
288.9
288.9
288.9
288.9
288.9
288.9
288.9
288.9
288.9
288.9
288.9
288.9
288.9
288.9
288.9
288.9
288.9
288.9
288.9
288.9
288.9
288.9
288.9
288.9
288.9
288.9
288.9
288.9
288.9
288.9
288.9
288.9
288.9
288.9
288.9
288.9
288.9
288.9
288.9
288.9
288.9
288.9
288.9
288.9
288.9
288.9
288.9
288.9
288.9
288.9
288.9
288.9
288.9
288.9
288.9
288.9
288.9
288.9
288.9
288.9
288.9
288.9
288.9
288.9
288.9
288.9
288.9
288.9
288.9
288.9
288.9
288.9
288.9
288.9
288.9
288.9
288.9
288.9
288.9
288.9
288.9
288.9
288.9
288.9
288.9
288.9
288.9
288.9
288.9
288.9
288.9
288.9
288.9
288.9
288.9
288.9
288.9
288.9
288.9
288.9
288.9
288.9
288.9
288.9
288.9
288.9
288.9
288.9
288.9
288.9
288.9
288.9
288.9
288.9
288.9
288.9
288.9
288.9
288.9
288.9
288.9
288.9
288.9
288.9
288.9
288.9
288.9
288.9
288.9
288.9
288.9
288.9
288.9
288.9
288.9
288.9
288.9
288.9
288.9
288.9
288.9
288.9
288.9
288.9
288.9
288.9
288.9
288.9
288.9
288.9
288.9
288.9
288.9
288.9
288.9
288.9
288.9
288.9
288.9
288.9
288.9
288.9
288.9
288.9
288.9
288.9
288.9
288.9
288.9
288.9
288.9
288.9
288.9
288.9
288.9
288.9
288.9
288.9
288.9
288.9
288.9
288.9
288.9
288.9
288.9
288.9
288.9
288.9
288.9
288.9
288.9
288.9
288.9
288.9
288.9
288.9
288.9
288.9
288.9
288.9
288.9
288.9
288.9
288.9
288.9
288.9
288.9
288.9
288.9
288.9
288.9
288.9
288.9
288.9
288.9
288.9
288.9
288.9
288.9
288.9
288.9
288.9
288.9
288.9
288.9
288.9
288.9
288.9
288.9
288.9
288.9
288.9
288.9
288.9
288.9
288.9
288.9
288.9
288.9
288.9
288.9
288.9
288.9
288.9
288.9
288.9
288.9
288.9
288.9
288.9
288.9
288.9
288.9
288.9
288.9
288.9
288.9
288.9
288.9
288.9
288.9
288.9
288.9
288.9
288.9
288.9
288.9
288.9
288.9
288.9
288.9
288.9
288.9
288.9
288.9
288.9
288.9
288.9
288.9
288.9
288.9
288.9
288.9
288.9
288.9
288.9
288.9
288.9
288.9
288.9
288.9
288.9
288.9
288.9
288.9
288.9
288.9
288.9
288.9
288.9
288.9
288.9
288.9
288.9
288.9
288.9
288.9
288.9
288.9
288.9
288.9
288.9
288.9
288.9
288.9
288.9
288.9
288.9
288.9
288.9
288.9
288.9
288.9
288.9
288.9
288.9
288.9
288.9
288.9
288.9
288.9
288.9
288.9
288.9
288.9
288.9
288.9
288.9
288.9
288.9
288.9
288.9
288.9
288.9
288.9
288.9
288.9
288.9
288.9
288.9
288.9
288.9
288.9
288.9
288.9
288.9
288.9
288.9
288.9
288.9
288.9
288.9
288.9
288.9
288.9
288.9
288.9
288.9
288.9
288.9
288.9
288.9
288.9
288.9
288.9
288.9
288.9
288.9
288.9
288.9
288.9
288.9
288.9
288.9
288.9
288.9
288.9
288.9
288.9
288.9
288.9
288.9
288.9
288.9
288.9
288.9
288.9
288.9
288.9
288.9
288.9
288.9
288.9
288.9
288.9
288.9
288.9
288.9
288.9
288.9
288.9
288.9
288.9
288.9
288.9
288.9
288.9
288.9
288.9
288.9
288.9
288.9
288.9
288.9
288.9
288.9
288.9
288.9
288.9
288.9
288.9
288.9
288.9
288.9
288.9
288.9
288.9
288.9
288.9
288.9
288.9
288.9
288.9
288.9
288.9
288.9
288.9
288.9
288.9
288.9
288.9
288.9
288.9
288.9
288.9
288.9
288.9
288.9
288.9
288.9
288.9
288.9
288.9
288.9
288.9
288.9
288.9
288.9
288.9
288.9
288.9
288.9
288.9
288.9
288.9
288.9
288.9
288.9
288.9
288.9
288.9
288.9
288.9
288.9
288.9
288.9
288.9
288.9
288.9
288.9
288.9
288.9
288.9
288.9
288.9
288.9
288.9
288.9
288.9
288.9
288.9
288.9
288.9
288.9
288.9
288.9
288.9
288.9
288.9
288.9
288.9
288.9
288.9
288.9
288.9
288.9
288.9
288.9
288.9
288.9
288.9
288.9
288.9
288.9
288.9
288.9
288.9
288.9
288.9
288.9
288.9
288.9
288.9
288.9
288.9
288.9
288.9
288.9
288.9
288.9
288.9
288.9
288.9
288.9
288.9
288.9
288.9
288.9
288.9
288.9
288.9
288.9
288.9
288.9
288.9
288.9
288.9
288.9
288.9
288.9
288.9
288.9
288.9
288.9
288.9
288.9
288.9
288.9
288.9
288.9
288.9
288.9
288.9
288.9
288.9
288.9
288.9
288.9
288.9
288.9
288.9
288.9
288.9
288.9
288.9
288.9
288.9
288.9
288.9
288.9
288.9
288.9
288.9
288.9
288.9
288.9
288.9
288.9
288.9
288.9
288.9
288.9
288.9
288.9
288.9
288.9
288.9
288.9
288.9
288.9
288.9
288.9
288.9
288.9
288.9
288.9
288.9
288.9
288.9
288.9
288.9
288.9
288.9
288.9
288.9
288.9
288.9
288.9
288.9
288.9
288.9
288.9
288.9
288.9
288.9
288.9
288.9
288.9
288.9
288.9
288.9
288.9
288.9
288.9
288.9
288.9
288.9
288.9
288.9
288.9
288.9
288.9
288.9
288.9
288.9
288.9
288.9
288.9
288.9
288.9
288.9
288.9
288.9
288.9
288.9
288.9
288.9
288.9
288.9
288.9
288.9
288.9
288.9
288.9
288.9
288.9
288.9
288.9
288.9
288.9
288.9
288.9
288.9
288.9
288.9
288.9
288.9
288.9
288.9
288.9
288.9
288.9
288.9
288.9
288.9
288.9
288.9
288.9
288.9
288.9
288.9
288.9
288.9
288.9
288.9
288.9
288.9
288.9
288.9
288.9
288.9
288.9
288.9
288.9
288.9
288.9
288.9
288.9
288.9
288.9
288.9
288.9
288.9
288.9
288.9
288.9
288.9
288.9
288.9
288.9
288.9
288.9
288.9
288.9
288.9
288.9
288.9
288.9
288.9
288.9
288.9
288.9
288.9
288.9
288.9
288.9
288.9
288.9
288.9
288.9
288.9
288.9
288.9
288.9
288.9
288.9
288.9
288.9
288.9
288.9
288.9
288.9
288.9
288.9
288.9
288.9
288.9
288.9
288.9
288.9
288.9
288.9
288.9
288.9
288.9
288.9
288.9
288.9
288.9
288.9
288.9
288.9
288.9
288.9
288.9
288.9
288.9
288.9
288.9
288.9
288.9
288.9
288.9
288.9
288.9
288.9
288.9
288.9
288.9
288.9
288.9
288.9
288.9
288.9
288.9
311.344
339.514
367.67
385.861
407.546
410.442
405.682
396.128
378.834
379.288
382.036
384.358
386.899
387.404
386.887
385.553
384.707
384.931
385.701
386.658
386.307
385.343
384.194
383.761
384.11
384.435
384.334
383.913
383.301
383.32
383.604
383.946
384.405
384.647
384.58
384.308
383.822
383.516
383.531
383.663
383.889
384.104
384.24
384.28
384.328
384.409
384.55
384.799
385.177
385.585
385.947
386.269
386.551
386.764
386.805
386.772
386.711
386.666
386.607
386.507
386.345
386.117
385.855
385.6
385.394
385.323
385.267
385.17
385.113
385.121
385.151
385.19
385.18
385.124
384.953
290.504
298.179
309.329
326.173
345.936
362.93
373.615
369.987
380.057
388.143
385.569
382.233
381.768
381.383
380.645
380.494
381.465
382.392
383.225
383.011
382.187
381.201
380.356
380.51
380.903
381.126
381.012
380.51
380.151
380.236
380.502
380.788
381.106
381.227
381.145
380.906
380.554
380.239
380.213
380.18
380.124
380.036
379.961
379.953
380.043
380.217
380.472
380.872
381.345
381.704
381.817
381.763
381.6
381.315
380.934
380.486
380.007
379.578
379.311
379.268
379.304
379.445
379.682
379.996
380.401
380.872
381.315
381.563
381.672
381.671
381.682
381.674
381.634
381.534
381.343
288.958
289.236
290.215
293.148
302.893
320.196
359.218
387.758
407.82
405.253
387.091
382.55
383.646
383.356
383.385
384.306
384.678
385.423
385.288
384.718
383.967
383.998
384.54
384.861
384.696
384.19
383.35
382.253
381.649
381.819
381.822
381.783
381.676
381.41
380.98
380.405
379.876
379.455
379.406
379.436
379.556
379.766
380.096
380.516
380.977
381.529
382.145
382.698
383.138
383.399
383.389
383.264
383.001
382.662
382.257
381.742
381.179
380.637
380.192
379.936
379.934
380.005
380.147
380.354
380.605
380.748
380.827
380.958
381.07
381.124
381.16
381.16
381.129
381.043
380.814
288.902
288.91
288.94
289.07
289.567
291.786
299.683
336.677
365.994
373.276
375.414
387.608
396.964
393.135
389.337
388.636
387.916
387.235
386.527
385.378
384.136
383.853
383.439
382.869
382.215
382.221
382.645
383.44
384.193
384.388
384.497
384.398
383.912
383.146
382.382
381.822
381.177
381.048
381.243
381.534
381.726
381.875
382.074
382.336
382.606
382.887
383.193
383.319
383.357
383.344
383.295
383.16
383.075
383.093
383.134
383.175
383.215
383.261
383.352
383.528
383.781
384.039
384.272
384.402
384.403
384.364
384.204
383.956
383.658
383.34
383.048
382.779
382.49
382.199
381.725
288.9
288.9
288.901
288.905
288.921
289.008
289.436
296.505
302.848
335.941
387.357
398.174
394.137
394.376
394.188
393.224
390.365
388.88
386.855
384.667
382.614
382.292
382.203
381.623
381.64
382.143
383.272
384.63
385.74
386.186
386.342
386.364
386.153
385.538
384.561
383.685
382.84
382.348
382.428
382.61
382.814
383.031
383.247
383.453
383.546
383.55
383.52
383.438
383.302
383.099
383.116
383.257
383.55
384.04
384.646
385.315
385.92
386.244
386.298
386.285
386.202
385.998
385.706
385.376
385.052
384.748
384.495
384.308
384.194
384.115
384.047
383.95
383.81
383.587
383.136
288.9
288.9
288.9
288.9
288.901
288.903
288.924
289.111
289.715
294.864
327.371
355.871
368.191
374.922
389.429
387.818
385.417
386.355
385.313
382.767
381.276
381.134
381.21
381.162
381.51
382.536
384.064
385.431
386.313
386.993
386.998
386.906
386.795
386.563
386.256
385.954
385.721
385.303
384.482
383.809
383.596
383.463
383.321
383.185
383.021
382.841
382.889
382.855
382.835
382.871
382.931
383.085
383.425
383.861
384.301
384.698
385.084
385.159
385.169
385.184
385.148
385.044
384.894
384.753
384.613
384.447
384.268
384.08
384.035
384.05
384.038
384.023
384.042
384.057
384.02
288.9
288.9
288.9
288.9
288.9
288.9
288.901
288.905
288.932
289.159
291.11
301.854
327.773
361.443
380.381
380.843
381.532
386.882
385.73
382.245
382.579
382.836
381.775
380.448
380.633
381.334
381.752
381.772
381.557
381.164
380.895
380.839
381.045
381.624
382.627
383.743
384.756
385.325
385.205
385.044
384.928
384.693
384.384
384.036
383.721
383.51
383.253
382.904
382.846
382.876
382.968
383.191
383.563
384.019
384.471
384.772
384.853
384.813
384.703
384.566
384.425
384.285
384.159
384.094
384.063
383.995
383.886
383.731
383.666
383.676
383.665
383.671
383.699
383.763
383.902
288.9
288.9
288.9
288.9
288.9
288.9
288.9
288.9
288.901
288.909
288.97
289.431
292.129
305.55
327.768
362.847
386.333
385.009
382.228
384.416
388.446
387.734
383.913
382.092
382.15
382.746
383.534
384.038
384.05
384.192
384.318
384.285
384.073
383.689
383.524
383.598
383.815
384.117
384.252
384.386
384.509
384.6
384.592
384.513
384.249
384.01
383.645
383.287
383.149
383.172
383.237
383.421
383.751
384.128
384.494
384.753
384.774
384.726
384.594
384.404
384.189
383.957
383.734
383.559
383.416
383.242
383.031
382.807
382.648
382.605
382.583
382.598
382.658
382.777
383.148
288.9
288.9
288.9
288.9
288.9
288.9
288.9
288.9
288.9
288.9
288.902
288.915
289.002
289.638
292.632
311.584
339.51
361.225
376.398
393.079
392.62
385.061
383.559
383.591
384.312
384.863
384.497
384.14
383.727
383.709
383.741
383.724
383.379
382.757
382.295
382.308
382.264
382.14
382.162
382.293
382.515
382.835
383.303
383.41
383.183
383.242
383.175
383.1
382.99
383.04
383.219
383.425
383.613
383.795
383.995
384.095
384.08
384.048
383.974
383.804
383.577
383.315
383.038
382.8
382.589
382.39
382.229
382.136
382.102
382.123
382.162
382.216
382.287
382.37
382.583
288.9
288.9
288.9
288.9
288.9
288.9
288.9
288.9
288.9
288.9
288.9
288.9
288.903
288.92
289.035
289.879
295.072
306.607
338.988
371.841
376.02
375.996
384.127
389.614
387.167
385.135
383.176
382.886
383.214
384.111
384.643
384.27
383.264
382.498
382.438
382.565
382.467
382.123
382.103
382.179
382.329
382.44
382.539
382.68
382.848
382.945
383.128
383.39
383.368
383.362
383.449
383.449
383.389
383.244
383.115
383.106
383.096
383.12
383.2
383.234
383.212
383.132
382.988
382.771
382.539
382.213
382.041
381.98
381.93
381.962
382.041
382.152
382.259
382.377
382.579
288.9
288.9
288.9
288.9
288.9
288.9
288.9
288.9
288.9
288.9
288.9
288.9
288.9
288.901
288.904
288.927
289.094
289.847
299.493
309.551
342.951
379.671
393.333
390.209
385.589
382.484
381.099
381.443
382.643
384.075
384.059
382.904
381.559
381.401
381.847
382.223
382.133
381.687
381.606
381.707
381.977
382.321
382.754
383.136
383.456
383.529
383.588
383.609
383.54
383.376
383.178
382.983
382.742
382.469
382.224
382.18
382.231
382.386
382.654
383.001
383.187
383.176
383.052
382.811
382.395
382.042
382.042
382.033
382.047
382.099
382.205
382.338
382.483
382.685
382.905
288.9
288.9
288.9
288.9
288.9
288.9
288.9
288.9
288.9
288.9
288.9
288.9
288.9
288.9
288.9
288.901
288.905
288.935
289.249
290.374
299.567
331.05
356.881
366.792
377.438
380.278
381.845
384.378
385.787
385.304
383.826
382.144
381.241
381.515
382.132
382.504
382.277
381.748
381.13
381.084
381.142
381.359
381.856
382.423
382.935
383.167
383.105
383.096
383.061
382.915
382.668
382.351
381.963
381.555
381.273
381.293
381.393
381.579
381.92
382.416
382.842
382.907
382.761
382.589
382.287
382.077
382.121
382.193
382.233
382.295
382.392
382.461
382.562
382.707
382.903
288.9
288.9
288.9
288.9
288.9
288.9
288.9
288.9
288.9
288.9
288.9
288.9
288.9
288.9
288.9
288.9
288.9
288.901
288.909
288.96
289.419
293.601
303.216
336.46
374.718
375.914
387.723
387.81
385.151
381.713
378.651
378.28
379.056
379.974
380.78
380.876
380.953
380.792
380.567
380.607
380.895
381.558
382.302
382.923
383.488
383.409
383.074
382.987
382.992
382.868
382.601
382.259
381.84
381.381
381.075
381.117
381.296
381.626
382.01
382.355
382.514
382.5
382.361
382.224
382.24
382.236
382.218
382.285
382.424
382.53
382.647
382.706
382.763
382.814
382.814
288.9
288.9
288.9
288.9
288.9
288.9
288.9
288.9
288.9
288.9
288.9
288.9
288.9
288.9
288.9
288.9
288.9
288.9
288.9
288.902
288.919
289.076
289.783
301.231
310.539
344.361
377.013
392.109
387.93
387.845
386.433
386.073
385.312
384.101
382.518
382.166
382.521
382.531
382.238
382.106
382.255
382.674
383.265
383.694
383.791
383.638
383.24
382.902
382.673
382.395
382.085
381.758
381.298
380.88
380.882
381.013
381.326
381.657
382.113
382.214
382.178
382.068
381.926
381.721
381.843
382.027
382.234
382.508
382.754
382.896
382.888
382.875
382.835
382.853
382.778
288.9
288.9
288.9
288.9
288.9
288.9
288.9
288.9
288.9
288.9
288.9
288.9
288.9
288.9
288.9
288.9
288.9
288.9
288.9
288.9
288.901
288.905
288.943
289.349
290.851
303.466
326.572
353.938
373.033
385.005
384.926
383.715
381.983
381.211
381.415
381.997
382.47
382.175
381.825
381.864
382.147
382.444
382.728
383.187
383.229
383.008
382.707
382.251
381.849
381.743
381.686
381.577
381.47
381.397
381.431
381.566
381.694
381.93
381.918
381.9
381.806
381.539
381.509
381.571
381.818
382.118
382.367
382.501
382.647
382.762
382.733
382.725
382.693
382.666
382.548
288.9
288.9
288.9
288.9
288.9
288.9
288.9
288.9
288.9
288.9
288.9
288.9
288.9
288.9
288.9
288.9
288.9
288.9
288.9
288.9
288.9
288.9
288.901
288.911
288.983
289.498
292.325
304.582
338.615
364.042
378.125
384.473
384.222
384.391
384.344
384.13
383.088
381.703
380.977
381.28
382.343
382.408
382.327
382.458
382.446
382.266
381.866
381.344
381.114
381.141
381.242
381.454
381.737
382.126
382.439
382.634
382.63
382.582
382.421
382.159
381.804
381.662
381.712
381.896
382.33
382.733
382.905
382.875
382.81
382.743
382.645
382.538
382.42
382.314
382.175
288.9
288.9
288.9
288.9
288.9
288.9
288.9
288.9
288.9
288.9
288.9
288.9
288.9
288.9
288.9
288.9
288.9
288.9
288.9
288.9
288.9
288.9
288.9
288.9
288.902
288.918
289.021
289.815
296.247
315.116
349.027
377.534
386.971
386.639
385.114
382.253
381.939
381.483
381.371
381.959
382.64
382.518
382.02
381.587
381.186
380.572
379.941
379.868
380.009
380.411
381.016
381.688
382.332
382.922
383.32
383.347
383.237
382.968
382.56
381.904
381.695
381.781
381.99
382.34
382.781
383.255
383.217
383.175
383.05
382.841
382.596
382.365
382.136
381.882
381.692
288.9
288.9
288.9
288.9
288.9
288.9
288.9
288.9
288.9
288.9
288.9
288.9
288.9
288.9
288.9
288.9
288.9
288.9
288.9
288.9
288.9
288.9
288.9
288.9
288.9
288.9
288.904
288.933
289.213
291.088
303.171
326.41
363.615
383.022
381.883
383.479
384.131
382.148
381.088
382.007
382.032
381.475
380.648
380.418
380.443
380.202
379.918
379.94
380.214
380.695
381.303
381.987
382.608
383.18
383.484
383.474
383.314
383.044
382.454
382.147
382.161
382.179
382.226
382.442
382.586
382.877
382.948
382.895
382.815
382.644
382.406
382.162
381.904
381.473
381.423
288.9
288.9
288.9
288.9
288.9
288.9
288.9
288.9
288.9
288.9
288.9
288.9
288.9
288.9
288.9
288.9
288.9
288.9
288.9
288.9
288.9
288.9
288.9
288.9
288.9
288.9
288.9
288.901
288.91
288.985
289.654
293.952
312.946
344.584
369.603
385.359
386.387
380.162
379.945
383.768
383.728
382.616
381.111
380.523
380.881
381.155
381.334
381.502
381.681
381.864
382.01
382.134
382.356
382.625
382.742
382.729
382.636
382.489
382.164
382.175
382.15
382.091
382.118
382.189
382.291
382.405
382.432
382.409
382.355
382.274
382.146
382.001
381.829
381.516
381.556
288.9
288.9
288.9
288.9
288.9
288.9
288.9
288.9
288.9
288.9
288.9
288.9
288.9
288.9
288.9
288.9
288.9
288.9
288.9
288.9
288.9
288.9
288.9
288.9
288.9
288.9
288.9
288.9
288.9
288.903
288.925
289.118
290.731
298.081
331.892
360.261
372.827
371.438
378.836
386.831
386.096
384.389
382.453
381.527
381.72
382.299
382.299
381.951
381.646
381.72
381.86
382.015
382.165
382.294
382.257
382.197
382.128
382.078
382.164
382.288
382.271
382.137
381.99
381.682
381.879
381.924
381.88
381.852
381.858
381.924
381.951
381.936
381.841
381.884
381.932
288.9
288.9
288.9
288.9
288.9
288.9
288.9
288.9
288.9
288.9
288.9
288.9
288.9
288.9
288.9
288.9
288.9
288.9
288.9
288.9
288.9
288.9
288.9
288.9
288.9
288.9
288.9
288.9
288.9
288.9
288.901
288.907
288.965
289.374
295.34
306.026
332.215
383.384
387.604
384.746
381.738
381.575
381.055
381.161
382.194
383.845
383.712
382.928
382.403
382.48
382.712
382.828
382.799
382.602
382.253
381.903
381.749
381.801
382.114
382.094
381.949
381.55
381.213
380.916
381.085
381.165
381.303
381.488
381.7
381.821
382.008
382.019
382.039
382.194
382.164
288.9
288.9
288.9
288.9
288.9
288.9
288.9
288.9
288.9
288.9
288.9
288.9
288.9
288.9
288.9
288.9
288.9
288.9
288.9
288.9
288.9
288.9
288.9
288.9
288.9
288.9
288.9
288.9
288.9
288.9
288.9
288.9
288.902
288.919
289.12
290.017
296.32
329.296
359.442
364.739
383.587
380.95
377.437
378.41
380.805
381.259
380.864
380.708
380.955
381.712
382.631
382.898
382.835
382.477
382.009
381.621
381.64
381.87
381.993
381.833
381.305
380.74
380.608
380.712
380.844
381.079
381.395
381.63
381.804
381.91
382.059
382.174
382.412
382.409
382.353
288.9
288.9
288.9
288.9
288.9
288.9
288.9
288.9
288.9
288.9
288.9
288.9
288.9
288.9
288.9
288.9
288.9
288.9
288.9
288.9
288.9
288.9
288.9
288.9
288.9
288.9
288.9
288.9
288.9
288.9
288.9
288.9
288.9
288.901
288.905
288.941
289.302
292.537
310.945
336.849
360.157
375.358
383.418
380.458
381.424
381.684
382.256
382.345
382.232
382.48
383.269
383.37
382.886
382.028
381.538
381.575
381.84
382.153
381.957
381.431
380.862
380.632
380.679
380.83
380.966
381.174
381.491
381.637
381.817
382.084
382.214
382.318
382.289
382.319
382.305
288.9
288.9
288.9
288.9
288.9
288.9
288.9
288.9
288.9
288.9
288.9
288.9
288.9
288.9
288.9
288.9
288.9
288.9
288.9
288.9
288.9
288.9
288.9
288.9
288.9
288.9
288.9
288.9
288.9
288.9
288.9
288.9
288.9
288.9
288.9
288.901
288.916
289.051
290.455
299.603
309.688
355.611
381.881
384.953
381.39
380.498
382.594
382.563
382.101
382.699
383.277
383.135
382.263
381.341
381.364
381.753
382.5
382.546
382.169
381.57
381.097
381.151
381.244
381.43
381.589
381.752
381.955
382.082
382.09
382.199
382.234
382.209
382.206
382.256
382.176
288.9
288.9
288.9
288.9
288.9
288.9
288.9
288.9
288.9
288.9
288.9
288.9
288.9
288.9
288.9
288.9
288.9
288.9
288.9
288.9
288.9
288.9
288.9
288.9
288.9
288.9
288.9
288.9
288.9
288.9
288.9
288.9
288.9
288.9
288.9
288.9
288.901
288.905
288.951
289.34
291.234
306.609
345.433
362.271
370.626
380.834
383.57
382.147
382.038
383.533
383.317
382.13
380.466
380.217
380.61
381.479
382.272
382.161
381.909
381.593
381.603
381.769
381.997
382.205
382.361
382.48
382.63
382.637
382.535
382.496
382.434
382.263
382.253
382.287
382.039
288.9
288.9
288.9
288.9
288.9
288.9
288.9
288.9
288.9
288.9
288.9
288.9
288.9
288.9
288.9
288.9
288.9
288.9
288.9
288.9
288.9
288.9
288.9
288.9
288.9
288.9
288.9
288.9
288.9
288.9
288.9
288.9
288.9
288.9
288.9
288.9
288.9
288.9
288.901
288.913
289.015
290.257
297.949
327.192
358.691
371.831
377.562
380.145
384.174
384.804
383.962
381.266
379.863
380.176
380.945
381.46
381.505
381.544
381.357
381.26
381.527
381.777
381.945
381.915
381.937
382.065
382.257
382.366
382.266
382.183
382.151
382.179
382.227
382.192
381.962
288.9
288.9
288.9
288.9
288.9
288.9
288.9
288.9
288.9
288.9
288.9
288.9
288.9
288.9
288.9
288.9
288.9
288.9
288.9
288.9
288.9
288.9
288.9
288.9
288.9
288.9
288.9
288.9
288.9
288.9
288.9
288.9
288.9
288.9
288.9
288.9
288.9
288.9
288.9
288.9
288.904
288.951
289.349
294.114
306.455
334.652
368.677
384.316
383.872
381.367
380.188
378.609
378.736
380.093
380.483
380.599
380.687
380.699
380.737
380.978
381.361
381.507
381.419
381.346
381.299
381.264
381.201
381.368
381.646
381.643
381.695
381.884
382.074
382.062
381.857
288.9
288.9
288.9
288.9
288.9
288.9
288.9
288.9
288.9
288.9
288.9
288.9
288.9
288.9
288.9
288.9
288.9
288.9
288.9
288.9
288.9
288.9
288.9
288.9
288.9
288.9
288.9
288.9
288.9
288.9
288.9
288.9
288.9
288.9
288.9
288.9
288.9
288.9
288.9
288.9
288.9
288.902
288.916
289.097
290.151
298.86
318.43
358.684
373.312
371.776
378.511
379.518
380.294
381.588
381.532
380.791
380.574
380.627
380.86
381.555
382.428
383.109
383.093
383.004
382.641
382.087
381.245
381.067
381.158
381.179
381.214
381.421
381.708
381.67
381.593
288.9
288.9
288.9
288.9
288.9
288.9
288.9
288.9
288.9
288.9
288.9
288.9
288.9
288.9
288.9
288.9
288.9
288.9
288.9
288.9
288.9
288.9
288.9
288.9
288.9
288.9
288.9
288.9
288.9
288.9
288.9
288.9
288.9
288.9
288.9
288.9
288.9
288.9
288.9
288.9
288.9
288.9
288.9
288.906
288.947
289.443
292.586
310.578
352.486
372.718
382.746
387.053
386.612
384.902
382.054
380.961
380.55
380.535
381.03
381.881
382.692
383.642
383.799
383.623
383.113
382.383
381.684
381.254
380.932
380.848
380.923
381.044
381.187
381.222
381.355
288.9
288.9
288.9
288.9
288.9
288.9
288.9
288.9
288.9
288.9
288.9
288.9
288.9
288.9
288.9
288.9
288.9
288.9
288.9
288.9
288.9
288.9
288.9
288.9
288.9
288.9
288.9
288.9
288.9
288.9
288.9
288.9
288.9
288.9
288.9
288.9
288.9
288.9
288.9
288.9
288.9
288.9
288.9
288.9
288.902
288.92
289.09
291.074
303.086
330.984
365.346
387.407
386.267
382.524
380.666
380.175
380.406
380.944
381.506
382.064
382.351
382.468
382.424
381.985
381.462
380.99
380.826
381.047
381.067
381.149
381.266
381.249
381.212
381.141
381.285
288.9
288.9
288.9
288.9
288.9
288.9
288.9
288.9
288.9
288.9
288.9
288.9
288.9
288.9
288.9
288.9
288.9
288.9
288.9
288.9
288.9
288.9
288.9
288.9
288.9
288.9
288.9
288.9
288.9
288.9
288.9
288.9
288.9
288.9
288.9
288.9
288.9
288.9
288.9
288.9
288.9
288.9
288.9
288.9
288.9
288.901
288.908
288.991
289.755
296.557
312.08
347.785
363.733
383.396
381.293
378.734
379.407
380.924
380.995
381.129
381.568
381.698
381.614
381.201
380.677
380.617
380.735
380.994
381.358
381.751
381.768
381.632
381.289
381.021
381.145
288.9
288.9
288.9
288.9
288.9
288.9
288.9
288.9
288.9
288.9
288.9
288.9
288.9
288.9
288.9
288.9
288.9
288.9
288.9
288.9
288.9
288.9
288.9
288.9
288.9
288.9
288.9
288.9
288.9
288.9
288.9
288.9
288.9
288.9
288.9
288.9
288.9
288.9
288.9
288.9
288.9
288.9
288.9
288.9
288.9
288.9
288.9
288.903
288.929
289.208
291.227
301.09
339.035
369.636
376.205
377.607
383.58
384.163
382.749
381.507
381.684
382.004
382.361
382.403
381.908
381.276
381.424
381.846
382.34
382.354
382.24
381.853
381.192
380.751
380.902
288.9
288.9
288.9
288.9
288.9
288.9
288.9
288.9
288.9
288.9
288.9
288.9
288.9
288.9
288.9
288.9
288.9
288.9
288.9
288.9
288.9
288.9
288.9
288.9
288.9
288.9
288.9
288.9
288.9
288.9
288.9
288.9
288.9
288.9
288.9
288.9
288.9
288.9
288.9
288.9
288.9
288.9
288.9
288.9
288.9
288.9
288.9
288.9
288.901
288.909
288.993
289.83
301.251
319.67
359.231
377.163
383.847
383.735
381.965
381.935
382.343
383.077
383.575
383.464
382.901
382.228
382.354
382.725
382.859
382.656
382.136
381.32
380.69
380.327
380.565
288.9
288.9
288.9
288.9
288.9
288.9
288.9
288.9
288.9
288.9
288.9
288.9
288.9
288.9
288.9
288.9
288.9
288.9
288.9
288.9
288.9
288.9
288.9
288.9
288.9
288.9
288.9
288.9
288.9
288.9
288.9
288.9
288.9
288.9
288.9
288.9
288.9
288.9
288.9
288.9
288.9
288.9
288.9
288.9
288.9
288.9
288.9
288.9
288.9
288.9
288.903
288.944
289.655
292.978
315.702
354.55
369.788
377.904
382.204
383.091
382.496
382.433
382.901
382.805
382.396
381.566
381.728
382.157
382.331
382.125
381.683
381.07
380.426
380.335
380.53
288.9
288.9
288.9
288.9
288.9
288.9
288.9
288.9
288.9
288.9
288.9
288.9
288.9
288.9
288.9
288.9
288.9
288.9
288.9
288.9
288.9
288.9
288.9
288.9
288.9
288.9
288.9
288.9
288.9
288.9
288.9
288.9
288.9
288.9
288.9
288.9
288.9
288.9
288.9
288.9
288.9
288.9
288.9
288.9
288.9
288.9
288.9
288.9
288.9
288.9
288.9
288.902
288.924
289.113
291.714
305.874
329.826
368.805
386.491
385.548
380.001
381.188
382.728
382.615
382.054
381.617
381.373
381.575
381.67
381.499
380.998
380.641
380.759
380.781
380.878
288.9
288.9
288.9
288.9
288.9
288.9
288.9
288.9
288.9
288.9
288.9
288.9
288.9
288.9
288.9
288.9
288.9
288.9
288.9
288.9
288.9
288.9
288.9
288.9
288.9
288.9
288.9
288.9
288.9
288.9
288.9
288.9
288.9
288.9
288.9
288.9
288.9
288.9
288.9
288.9
288.9
288.9
288.9
288.9
288.9
288.9
288.9
288.9
288.9
288.9
288.9
288.9
288.901
288.908
289.019
290.05
297.895
317.533
354.601
370.785
375.826
382.264
383.628
382.308
381.426
381.442
380.933
380.406
380.485
380.707
380.755
381.061
381.238
381.11
381.126
288.9
288.9
288.9
288.9
288.9
288.9
288.9
288.9
288.9
288.9
288.9
288.9
288.9
288.9
288.9
288.9
288.9
288.9
288.9
288.9
288.9
288.9
288.9
288.9
288.9
288.9
288.9
288.9
288.9
288.9
288.9
288.9
288.9
288.9
288.9
288.9
288.9
288.9
288.9
288.9
288.9
288.9
288.9
288.9
288.9
288.9
288.9
288.9
288.9
288.9
288.9
288.9
288.9
288.9
288.904
288.941
289.44
292.368
308.74
354.294
383.869
383.332
381.756
380.209
380.152
380.729
380.698
380.678
381.074
381.722
381.666
381.564
381.514
381.349
381.391
288.9
288.9
288.9
288.9
288.9
288.9
288.9
288.9
288.9
288.9
288.9
288.9
288.9
288.9
288.9
288.9
288.9
288.9
288.9
288.9
288.9
288.9
288.9
288.9
288.9
288.9
288.9
288.9
288.9
288.9
288.9
288.9
288.9
288.9
288.9
288.9
288.9
288.9
288.9
288.9
288.9
288.9
288.9
288.9
288.9
288.9
288.9
288.9
288.9
288.9
288.9
288.9
288.9
288.9
288.9
288.901
288.92
289.105
291.252
306.432
349.323
365.529
372.751
376.382
378.436
380.749
381.083
381.575
382.768
382.961
382.64
382.187
381.505
381.312
381.498
288.9
288.9
288.9
288.9
288.9
288.9
288.9
288.9
288.9
288.9
288.9
288.9
288.9
288.9
288.9
288.9
288.9
288.9
288.9
288.9
288.9
288.9
288.9
288.9
288.9
288.9
288.9
288.9
288.9
288.9
288.9
288.9
288.9
288.9
288.9
288.9
288.9
288.9
288.9
288.9
288.9
288.9
288.9
288.9
288.9
288.9
288.9
288.9
288.9
288.9
288.9
288.9
288.9
288.9
288.9
288.9
288.901
288.91
289.036
290.493
303.285
334.557
365.155
376.028
380.516
385.059
383.106
381.48
381.756
381.529
380.929
380.767
380.958
381.147
381.646
288.9
288.9
288.9
288.9
288.9
288.9
288.9
288.9
288.9
288.9
288.9
288.9
288.9
288.9
288.9
288.9
288.9
288.9
288.9
288.9
288.9
288.9
288.9
288.9
288.9
288.9
288.9
288.9
288.9
288.9
288.9
288.9
288.9
288.9
288.9
288.9
288.9
288.9
288.9
288.9
288.9
288.9
288.9
288.9
288.9
288.9
288.9
288.9
288.9
288.9
288.9
288.9
288.9
288.9
288.9
288.9
288.9
288.9
288.906
288.974
289.952
297.865
320.503
356.411
383.885
383.864
378.268
379.874
381.653
381.44
380.519
380.242
380.725
381.241
381.85
288.9
288.9
288.9
288.9
288.9
288.9
288.9
288.9
288.9
288.9
288.9
288.9
288.9
288.9
288.9
288.9
288.9
288.9
288.9
288.9
288.9
288.9
288.9
288.9
288.9
288.9
288.9
288.9
288.9
288.9
288.9
288.9
288.9
288.9
288.9
288.9
288.9
288.9
288.9
288.9
288.9
288.9
288.9
288.9
288.9
288.9
288.9
288.9
288.9
288.9
288.9
288.9
288.9
288.9
288.9
288.9
288.9
288.9
288.9
288.903
288.94
289.446
293.269
319.424
356.588
368.551
379.324
383.727
383.924
382.355
380.746
380.857
381.573
381.964
382.196
288.9
288.9
288.9
288.9
288.9
288.9
288.9
288.9
288.9
288.9
288.9
288.9
288.9
288.9
288.9
288.9
288.9
288.9
288.9
288.9
288.9
288.9
288.9
288.9
288.9
288.9
288.9
288.9
288.9
288.9
288.9
288.9
288.9
288.9
288.9
288.9
288.9
288.9
288.9
288.9
288.9
288.9
288.9
288.9
288.9
288.9
288.9
288.9
288.9
288.9
288.9
288.9
288.9
288.9
288.9
288.9
288.9
288.9
288.9
288.9
288.901
288.921
289.204
294.188
305.977
344.829
375.596
383.858
382.675
381.75
381.067
381.669
382.593
382.792
382.37
288.9
288.9
288.9
288.9
288.9
288.9
288.9
288.9
288.9
288.9
288.9
288.9
288.9
288.9
288.9
288.9
288.9
288.9
288.9
288.9
288.9
288.9
288.9
288.9
288.9
288.9
288.9
288.9
288.9
288.9
288.9
288.9
288.9
288.9
288.9
288.9
288.9
288.9
288.9
288.9
288.9
288.9
288.9
288.9
288.9
288.9
288.9
288.9
288.9
288.9
288.9
288.9
288.9
288.9
288.9
288.9
288.9
288.9
288.9
288.9
288.9
288.901
288.915
289.172
290.884
305.978
345.494
364.82
372.725
377.193
378.2
381.033
382.613
382.215
381.906
288.9
288.9
288.9
288.9
288.9
288.9
288.9
288.9
288.9
288.9
288.9
288.9
288.9
288.9
288.9
288.9
288.9
288.9
288.9
288.9
288.9
288.9
288.9
288.9
288.9
288.9
288.9
288.9
288.9
288.9
288.9
288.9
288.9
288.9
288.9
288.9
288.9
288.9
288.9
288.9
288.9
288.9
288.9
288.9
288.9
288.9
288.9
288.9
288.9
288.9
288.9
288.9
288.9
288.9
288.9
288.9
288.9
288.9
288.9
288.9
288.9
288.9
288.901
288.909
289.011
290.583
300.933
333.097
367.023
377.493
383.557
383.091
382.584
381.761
381.91
288.9
288.9
288.9
288.9
288.9
288.9
288.9
288.9
288.9
288.9
288.9
288.9
288.9
288.9
288.9
288.9
288.9
288.9
288.9
288.9
288.9
288.9
288.9
288.9
288.9
288.9
288.9
288.9
288.9
288.9
288.9
288.9
288.9
288.9
288.9
288.9
288.9
288.9
288.9
288.9
288.9
288.9
288.9
288.9
288.9
288.9
288.9
288.9
288.9
288.9
288.9
288.9
288.9
288.9
288.9
288.9
288.9
288.9
288.9
288.9
288.9
288.9
288.9
288.9
288.904
288.976
289.888
299.565
317.632
358.397
382.999
382.353
382.688
382.429
382.36
288.9
288.9
288.9
288.9
288.9
288.9
288.9
288.9
288.9
288.9
288.9
288.9
288.9
288.9
288.9
288.9
288.9
288.9
288.9
288.9
288.9
288.9
288.9
288.9
288.9
288.9
288.9
288.9
288.9
288.9
288.9
288.9
288.9
288.9
288.9
288.9
288.9
288.9
288.9
288.9
288.9
288.9
288.9
288.9
288.9
288.9
288.9
288.9
288.9
288.9
288.9
288.9
288.9
288.9
288.9
288.9
288.9
288.9
288.9
288.9
288.9
288.9
288.9
288.9
288.9
288.903
288.94
289.545
293.094
319.13
362.928
369.957
383.364
382.298
380.823
288.9
288.9
288.9
288.9
288.9
288.9
288.9
288.9
288.9
288.9
288.9
288.9
288.9
288.9
288.9
288.9
288.9
288.9
288.9
288.9
288.9
288.9
288.9
288.9
288.9
288.9
288.9
288.9
288.9
288.9
288.9
288.9
288.9
288.9
288.9
288.9
288.9
288.9
288.9
288.9
288.9
288.9
288.9
288.9
288.9
288.9
288.9
288.9
288.9
288.9
288.9
288.9
288.9
288.9
288.9
288.9
288.9
288.9
288.9
288.9
288.9
288.9
288.9
288.9
288.9
288.9
288.901
288.921
289.17
293.163
311.381
350.097
374.861
380.8
381.168
288.9
288.9
288.9
288.9
288.9
288.9
288.9
288.9
288.9
288.9
288.9
288.9
288.9
288.9
288.9
288.9
288.9
288.9
288.9
288.9
288.9
288.9
288.9
288.9
288.9
288.9
288.9
288.9
288.9
288.9
288.9
288.9
288.9
288.9
288.9
288.9
288.9
288.9
288.9
288.9
288.9
288.9
288.9
288.9
288.9
288.9
288.9
288.9
288.9
288.9
288.9
288.9
288.9
288.9
288.9
288.9
288.9
288.9
288.9
288.9
288.9
288.9
288.9
288.9
288.9
288.9
288.9
288.901
288.913
289.139
291.593
313.896
340.516
370.062
380.935
288.9
288.9
288.9
288.9
288.9
288.9
288.9
288.9
288.9
288.9
288.9
288.9
288.9
288.9
288.9
288.9
288.9
288.9
288.9
288.9
288.9
288.9
288.9
288.9
288.9
288.9
288.9
288.9
288.9
288.9
288.9
288.9
288.9
288.9
288.9
288.9
288.9
288.9
288.9
288.9
288.9
288.9
288.9
288.9
288.9
288.9
288.9
288.9
288.9
288.9
288.9
288.9
288.9
288.9
288.9
288.9
288.9
288.9
288.9
288.9
288.9
288.9
288.9
288.9
288.9
288.9
288.9
288.9
288.901
288.909
289.057
291.549
303.474
339.183
375.367
288.9
288.9
288.9
288.9
288.9
288.9
288.9
288.9
288.9
288.9
288.9
288.9
288.9
288.9
288.9
288.9
288.9
288.9
288.9
288.9
288.9
288.9
288.9
288.9
288.9
288.9
288.9
288.9
288.9
288.9
288.9
288.9
288.9
288.9
288.9
288.9
288.9
288.9
288.9
288.9
288.9
288.9
288.9
288.9
288.9
288.9
288.9
288.9
288.9
288.9
288.9
288.9
288.9
288.9
288.9
288.9
288.9
288.9
288.9
288.9
288.9
288.9
288.9
288.9
288.9
288.9
288.9
288.9
288.9
288.9
288.906
289.026
290.321
300.974
352.793
288.9
288.9
288.9
288.9
288.9
288.9
288.9
288.9
288.9
288.9
288.9
288.9
288.9
288.9
288.9
288.9
288.9
288.9
288.9
288.9
288.9
288.9
288.9
288.9
288.9
288.9
288.9
288.9
288.9
288.9
288.9
288.9
288.9
288.9
288.9
288.9
288.9
288.9
288.9
288.9
288.9
288.9
288.9
288.9
288.9
288.9
288.9
288.9
288.9
288.9
288.9
288.9
288.9
288.9
288.9
288.9
288.9
288.9
288.9
288.9
288.9
288.9
288.9
288.9
288.9
288.9
288.9
288.9
288.9
288.9
288.9
288.904
288.974
290.238
316.548
288.9
288.9
288.9
288.9
288.9
288.9
288.9
288.9
288.9
288.9
288.9
288.9
288.9
288.9
288.9
288.9
288.9
288.9
288.9
288.9
288.9
288.9
288.9
288.9
288.9
288.9
288.9
288.9
288.9
288.9
288.9
288.9
288.9
288.9
288.9
288.9
288.9
288.9
288.9
288.9
288.9
288.9
288.9
288.9
288.9
288.9
288.9
288.9
288.9
288.9
288.9
288.9
288.9
288.9
288.9
288.9
288.9
288.9
288.9
288.9
288.9
288.9
288.9
288.9
288.9
288.9
288.9
288.9
288.9
288.9
288.9
288.9
288.905
289.033
294.503
288.9
288.9
288.9
288.9
288.9
288.9
288.9
288.9
288.9
288.9
288.9
288.9
288.9
288.9
288.9
288.9
288.9
288.9
288.9
288.9
288.9
288.9
288.9
288.9
288.9
288.9
288.9
288.9
288.9
288.9
288.9
288.9
288.9
288.9
288.9
288.9
288.9
288.9
288.9
288.9
288.9
288.9
288.9
288.9
288.9
288.9
288.9
288.9
288.9
288.9
288.9
288.9
288.9
288.9
288.9
288.9
288.9
288.9
288.9
288.9
288.9
288.9
288.9
288.9
288.9
288.9
288.9
288.9
288.9
288.9
288.9
288.9
288.9
288.916
289.647
288.9
288.9
288.9
288.9
288.9
288.9
288.9
288.9
288.9
288.9
288.9
288.9
288.9
288.9
288.9
288.9
288.9
288.9
288.9
288.9
288.9
288.9
288.9
288.9
288.9
288.9
288.9
288.9
288.9
288.9
288.9
288.9
288.9
288.9
288.9
288.9
288.9
288.9
288.9
288.9
288.9
288.9
288.9
288.9
288.9
288.9
288.9
288.9
288.9
288.9
288.9
288.9
288.9
288.9
288.9
288.9
288.9
288.9
288.9
288.9
288.9
288.9
288.9
288.9
288.9
288.9
288.9
288.9
288.9
288.9
288.9
288.9
288.9
288.902
288.98
288.9
288.9
288.9
288.9
288.9
288.9
288.9
288.9
288.9
288.9
288.9
288.9
288.9
288.9
288.9
288.9
288.9
288.9
288.9
288.9
288.9
288.9
288.9
288.9
288.9
288.9
288.9
288.9
288.9
288.9
288.9
288.9
288.9
288.9
288.9
288.9
288.9
288.9
288.9
288.9
288.9
288.9
288.9
288.9
288.9
288.9
288.9
288.9
288.9
288.9
288.9
288.9
288.9
288.9
288.9
288.9
288.9
288.9
288.9
288.9
288.9
288.9
288.9
288.9
288.9
288.9
288.9
288.9
288.9
288.9
288.9
288.9
288.9
288.9
288.908
288.9
288.9
288.9
288.9
288.9
288.9
288.9
288.9
288.9
288.9
288.9
288.9
288.9
288.9
288.9
288.9
288.9
288.9
288.9
288.9
288.9
288.9
288.9
288.9
288.9
288.9
288.9
288.9
288.9
288.9
288.9
288.9
288.9
288.9
288.9
288.9
288.9
288.9
288.9
288.9
288.9
288.9
288.9
288.9
288.9
288.9
288.9
288.9
288.9
288.9
288.9
288.9
288.9
288.9
288.9
288.9
288.9
288.9
288.9
288.9
288.9
288.9
288.9
288.9
288.9
288.9
288.9
288.9
288.9
288.9
288.9
288.9
288.9
288.9
288.901
288.9
288.9
288.9
288.9
288.9
288.9
288.9
288.9
288.9
288.9
288.9
288.9
288.9
288.9
288.9
288.9
288.9
288.9
288.9
288.9
288.9
288.9
288.9
288.9
288.9
288.9
288.9
288.9
288.9
288.9
288.9
288.9
288.9
288.9
288.9
288.9
288.9
288.9
288.9
288.9
288.9
288.9
288.9
288.9
288.9
288.9
288.9
288.9
288.9
288.9
288.9
288.9
288.9
288.9
288.9
288.9
288.9
288.9
288.9
288.9
288.9
288.9
288.9
288.9
288.9
288.9
288.9
288.9
288.9
288.9
288.9
288.9
288.9
288.9
288.9
288.9
288.9
288.9
288.9
288.9
288.9
288.9
288.9
288.9
288.9
288.9
288.9
288.9
288.9
288.9
288.9
288.9
288.9
288.9
288.9
288.9
288.9
288.9
288.9
288.9
288.9
288.9
288.9
288.9
288.9
288.9
288.9
288.9
288.9
288.9
288.9
288.9
288.9
288.9
288.9
288.9
288.9
288.9
288.9
288.9
288.9
288.9
288.9
288.9
288.9
288.9
288.9
288.9
288.9
288.9
288.9
288.9
288.9
288.9
288.9
288.9
288.9
288.9
288.9
288.9
288.9
288.9
288.9
288.9
288.9
288.9
288.9
288.9
288.9
288.9
288.9
288.9
288.9
288.9
288.9
288.9
288.9
288.9
288.9
288.9
288.9
288.9
288.9
288.9
288.9
288.9
288.9
288.9
288.9
288.9
288.9
288.9
288.9
288.9
288.9
288.9
288.9
288.9
288.9
288.9
288.9
288.9
288.9
288.9
288.9
288.9
288.9
288.9
288.9
288.9
288.9
288.9
288.9
288.9
288.9
288.9
288.9
288.9
288.9
288.9
288.9
288.9
288.9
288.9
288.9
288.9
288.9
288.9
288.9
288.9
288.9
288.9
288.9
288.9
288.9
288.9
288.9
288.9
288.9
288.9
288.9
288.9
288.9
288.9
288.9
288.9
288.9
288.9
288.9
288.9
288.9
288.9
288.9
288.9
288.9
288.9
288.9
288.9
288.9
288.9
288.9
288.9
288.9
288.9
288.9
288.9
288.9
288.9
288.9
288.9
288.9
288.9
288.9
288.9
288.9
288.9
288.9
288.9
288.9
288.9
288.9
288.9
288.9
288.9
288.9
288.9
288.9
288.9
288.9
288.9
288.9
288.9
288.9
288.9
288.9
288.9
288.9
288.9
288.9
288.9
288.9
288.9
288.9
288.9
288.9
288.9
288.9
288.9
288.9
288.9
288.9
288.9
288.9
288.9
288.9
288.9
288.9
288.9
288.9
288.9
288.9
288.9
288.9
288.9
288.9
288.9
288.9
288.9
288.9
288.9
288.9
288.9
288.9
288.9
288.9
288.9
288.9
288.9
288.9
288.9
288.9
288.9
288.9
288.9
288.9
288.9
288.9
288.9
288.9
288.9
288.9
288.9
288.9
288.9
288.9
288.9
288.9
288.9
288.9
288.9
288.9
288.9
288.9
288.9
288.9
288.9
288.9
288.9
288.9
288.9
288.9
288.9
288.9
288.9
288.9
288.9
288.9
288.9
288.9
288.9
288.9
288.9
288.9
288.9
288.9
288.9
288.9
288.9
288.9
288.9
288.9
288.9
288.9
288.9
288.9
288.9
288.9
288.9
288.9
288.9
288.9
288.9
288.9
288.9
288.9
288.9
288.9
288.9
288.9
288.9
288.9
288.9
288.9
288.9
288.9
288.9
288.9
288.9
288.9
288.9
288.9
288.9
288.9
288.9
288.9
288.9
288.9
288.9
288.9
288.9
288.9
288.9
288.9
288.9
288.9
288.9
288.9
288.9
288.9
288.9
288.9
288.9
288.9
288.9
288.9
288.9
288.9
288.9
288.9
288.9
288.9
288.9
288.9
288.9
288.9
288.9
288.9
288.9
288.9
288.9
288.9
288.9
288.9
288.9
288.9
288.9
288.9
288.9
288.9
288.9
288.9
288.9
288.9
288.9
288.9
288.9
288.9
288.9
288.9
288.9
288.9
288.9
288.9
288.9
288.9
288.9
288.9
288.9
288.9
288.9
288.9
288.9
288.9
288.9
288.9
288.9
288.9
288.9
288.9
288.9
288.9
288.9
288.9
288.9
288.9
288.9
288.9
288.9
288.9
288.9
288.9
288.9
288.9
288.9
288.9
288.9
288.9
288.9
288.9
288.9
288.9
288.9
288.9
288.9
288.9
288.9
288.9
288.9
288.9
288.9
288.9
288.9
288.9
288.9
288.9
288.9
288.9
288.9
288.9
288.9
288.9
288.9
288.9
288.9
288.9
288.9
288.9
288.9
288.9
288.9
288.9
288.9
288.9
288.9
288.9
288.9
288.9
288.9
288.9
288.9
288.9
288.9
288.9
288.9
288.9
288.9
288.9
288.9
288.9
288.9
288.9
288.9
288.9
288.9
288.9
288.9
288.9
288.9
288.9
288.9
288.9
288.9
288.9
288.9
288.9
288.9
288.9
288.9
288.9
288.9
288.9
288.9
288.9
288.9
288.9
288.9
288.9
288.9
288.9
288.9
288.9
288.9
288.9
288.9
288.9
288.9
288.9
288.9
288.9
288.9
288.9
288.9
288.9
288.9
288.9
288.9
288.9
288.9
288.9
288.9
288.9
288.9
288.9
288.9
288.9
288.9
288.9
288.9
288.9
288.9
288.9
288.9
288.9
288.9
288.9
288.9
288.9
288.9
288.9
288.9
288.9
288.9
288.9
288.9
288.9
288.9
288.9
288.9
288.9
288.9
288.9
288.9
288.9
288.9
288.9
288.9
288.9
288.9
288.9
288.9
288.9
288.9
288.9
288.9
288.9
288.9
288.9
288.9
288.9
288.9
288.9
288.9
288.9
288.9
288.9
288.9
288.9
288.9
288.9
288.9
288.9
288.9
288.9
288.9
288.9
288.9
288.9
288.9
288.9
288.9
288.9
288.9
288.9
288.9
288.9
288.9
288.9
288.9
288.9
288.9
288.9
288.9
288.9
288.9
288.9
288.9
288.9
288.9
288.9
288.9
288.9
288.9
288.9
288.9
288.9
288.9
288.9
288.9
288.9
288.9
288.9
288.9
288.9
288.9
288.9
288.9
288.9
288.9
288.9
288.9
288.9
288.9
288.9
288.9
288.9
288.9
288.9
288.9
288.9
288.9
288.9
288.9
288.9
288.9
288.9
288.9
288.9
288.9
288.9
288.9
288.9
288.9
288.9
288.9
288.9
288.9
288.9
288.9
288.9
288.9
288.9
288.9
288.9
288.9
288.9
288.9
288.9
288.9
288.9
288.9
288.9
288.9
288.9
288.9
288.9
288.9
288.9
288.9
288.9
288.9
288.9
288.9
288.9
288.9
288.9
288.9
288.9
288.9
288.9
288.9
288.9
288.9
288.9
288.9
288.9
288.9
288.9
288.9
288.9
288.9
288.9
288.9
288.9
288.9
288.9
288.9
288.9
288.9
288.9
288.9
288.9
288.9
288.9
288.9
288.9
288.9
288.9
288.9
288.9
288.9
288.9
288.9
288.9
288.9
288.9
288.9
288.9
288.9
288.9
288.9
288.9
288.9
288.9
288.9
288.9
288.9
288.9
288.9
288.9
288.9
288.9
288.9
288.9
288.9
288.9
288.9
288.9
288.9
288.9
288.9
288.9
288.9
288.9
288.9
288.9
288.9
288.9
288.9
288.9
288.9
288.9
288.9
288.9
288.9
288.9
288.9
288.9
288.9
288.9
288.9
288.9
288.9
288.9
288.9
288.9
288.9
288.9
288.9
288.9
288.9
288.9
288.9
288.9
288.9
288.9
288.9
288.9
288.9
288.9
288.9
288.9
288.9
288.9
288.9
288.9
288.9
288.9
288.9
288.9
288.9
288.9
288.9
288.9
288.9
288.9
288.9
288.9
288.9
288.9
288.9
288.9
288.9
288.9
288.9
288.9
288.9
288.9
288.9
288.9
288.9
288.9
288.9
288.9
288.9
288.9
288.9
288.9
288.9
288.9
288.9
288.9
288.9
288.9
288.9
288.9
288.9
288.9
288.9
288.9
288.9
288.9
288.9
288.9
288.9
288.9
288.9
288.9
288.9
288.9
288.9
288.9
288.9
288.9
288.9
288.9
288.9
288.9
288.9
288.9
288.9
288.9
288.9
288.9
288.9
288.9
288.9
288.9
288.9
288.9
288.9
288.9
288.9
288.9
288.9
288.9
288.9
288.9
288.9
288.9
288.9
288.9
288.9
288.9
288.9
288.9
288.9
288.9
288.9
288.9
288.9
288.9
288.9
288.9
288.9
288.9
288.9
288.9
288.9
288.9
288.9
288.9
288.9
288.9
288.9
288.9
288.9
288.9
288.9
288.9
288.9
288.9
288.9
288.9
288.9
288.9
288.9
288.9
288.9
288.9
288.9
288.9
288.9
288.9
288.9
288.9
288.9
288.9
288.9
288.9
288.9
288.9
288.9
288.9
288.9
288.9
288.9
288.9
288.9
288.9
288.9
288.9
288.9
288.9
288.9
288.9
288.9
288.9
288.9
288.9
288.9
288.9
288.9
288.9
288.9
288.9
288.9
288.9
288.9
288.9
288.9
288.9
288.9
288.9
288.9
288.9
288.9
288.9
288.9
288.9
288.9
288.9
288.9
288.9
288.9
288.9
288.9
288.9
288.9
288.9
288.9
288.9
288.9
288.9
288.9
288.9
288.9
288.9
288.9
288.9
288.9
288.9
288.9
288.9
288.9
288.9
288.9
288.9
288.9
288.9
288.9
288.9
288.9
288.9
288.9
288.9
288.9
288.9
288.9
288.9
288.9
288.9
288.9
288.9
288.9
288.9
288.9
288.9
288.9
288.9
288.9
288.9
288.9
288.9
288.9
288.9
288.9
288.9
288.9
288.9
288.9
288.9
288.9
288.9
288.9
288.9
288.9
288.9
288.9
288.9
288.9
288.9
288.9
288.9
288.9
288.9
288.9
288.9
288.9
288.9
288.9
288.9
288.9
288.9
288.9
288.9
288.9
288.9
288.9
288.9
288.9
288.9
288.9
288.9
288.9
288.9
288.9
288.9
288.9
288.9
288.9
288.9
288.9
288.9
288.9
288.9
288.9
288.9
288.9
288.9
288.9
288.9
288.9
288.9
288.9
288.9
288.9
288.9
288.9
288.9
288.9
288.9
288.9
288.9
288.9
288.9
288.9
288.9
288.9
288.9
288.9
288.9
288.9
288.9
288.9
288.9
288.9
288.9
288.9
288.9
288.9
288.9
288.9
288.9
288.9
288.9
288.9
288.9
288.9
288.9
288.9
288.9
288.9
288.9
288.9
288.9
288.9
288.9
288.9
288.9
288.9
288.9
288.9
288.9
288.9
288.9
288.9
288.9
288.9
288.9
288.9
288.9
288.9
288.9
288.9
288.9
288.9
288.9
288.9
288.9
288.9
288.9
288.9
288.9
288.9
288.9
288.9
288.9
288.9
288.9
288.9
288.9
288.9
288.9
288.9
288.9
288.9
288.9
288.9
288.9
288.9
288.9
288.9
288.9
288.9
288.9
288.9
288.9
288.9
288.9
288.9
288.9
288.9
288.9
288.9
288.9
288.9
288.9
288.9
288.9
288.9
288.9
288.9
288.9
288.9
288.9
288.9
288.9
288.9
288.9
288.9
288.9
288.9
288.9
288.9
288.9
288.9
288.9
288.9
288.9
288.9
288.9
288.9
288.9
288.9
288.9
288.9
288.9
288.9
288.9
288.9
288.9
288.9
288.9
288.9
288.9
288.9
288.9
288.9
288.9
288.9
288.9
288.9
288.9
288.9
288.9
288.9
288.9
288.9
288.9
288.9
288.9
288.9
288.9
288.9
288.9
288.9
288.9
288.9
288.9
288.9
288.9
288.9
288.9
288.9
288.9
288.9
288.9
288.9
288.9
288.9
288.9
288.9
288.9
288.9
288.9
288.9
288.9
288.9
288.9
288.9
288.9
288.9
288.9
288.9
288.9
288.9
288.9
288.9
288.9
288.9
288.9
288.9
288.9
288.9
288.9
288.9
288.9
288.9
288.9
288.9
288.9
288.9
288.9
288.9
288.9
288.9
288.9
288.9
288.9
288.9
288.9
288.9
288.9
288.9
288.9
288.9
288.9
288.9
288.9
288.9
288.9
288.9
288.9
288.9
288.9
288.9
288.9
288.9
288.9
288.9
288.9
288.9
288.9
288.9
288.9
288.9
288.9
288.9
288.9
288.9
288.9
288.9
288.9
288.9
288.9
288.9
288.9
288.9
288.9
288.9
288.9
288.9
288.9
288.9
288.9
)
;

boundaryField
{
    inlet
    {
        type            fixedValue;
        value           uniform 288.9;
    }
    outlet
    {
        type            zeroGradient;
    }
    bottom
    {
        type            symmetryPlane;
    }
    top
    {
        type            symmetryPlane;
    }
    obstacle
    {
        type            zeroGradient;
    }
    defaultFaces
    {
        type            empty;
    }
}


// ************************************************************************* //
