0.0003003 -1.58778
0.000660227 -1.58798
0.00109214 -1.58824
0.00160998 -1.58854
0.00222879 -1.58889
0.00294769 -1.5893
0.00376326 -1.58976
0.0046798 -1.59028
0.00566248 -1.59083
0.00664516 -1.59138
0.00762785 -1.59193
0.00861053 -1.59248
0.00959321 -1.59303
0.0105653 -1.59358
0.0115374 -1.5941
0.012499 -1.59463
0.0134399 -1.59515
0.0143706 -1.59568
0.0152816 -1.5962
0.0161828 -1.59673
0.0170841 -1.59725
0.0179853 -1.59778
0.0188966 -1.59815
0.0198079 -1.59872
0.0207192 -1.5992
0.0216201 -1.59972
0.0225108 -1.6002
0.0234015 -1.60068
0.0242921 -1.60114
0.0251828 -1.60161
0.0260735 -1.60208
0.0269536 -1.60255
0.0278336 -1.60297
0.0287246 -1.60349
0.0296045 -1.60398
0.0304845 -1.60445
0.0313644 -1.60492
0.0322444 -1.60539
0.0331243 -1.60588
0.0340043 -1.60638
0.0348842 -1.60688
0.0357641 -1.60735
0.0366441 -1.6078
0.037524 -1.60824
0.038404 -1.60871
0.0392839 -1.6092
0.0401513 -1.6097
0.0410187 -1.6102
0.041886 -1.61069
0.0427665 -1.61117
0.0436471 -1.61166
0.044514 -1.61215
0.045381 -1.61263
0.046248 -1.61312
0.0471149 -1.61361
0.0479819 -1.61411
0.0488489 -1.61461
0.0497158 -1.6151
0.0505828 -1.61559
0.0514498 -1.61607
0.0523167 -1.61656
0.0531837 -1.61704
0.0540507 -1.61753
0.0549176 -1.61803
0.0557846 -1.61853
0.0566516 -1.61903
0.0575186 -1.61951
0.0583855 -1.62
0.0592525 -1.62048
0.0601195 -1.62096
0.0609864 -1.62145
0.0618534 -1.62193
0.0627204 -1.62243
0.0635873 -1.62292
0.0644543 -1.62342
0.0653213 -1.62391
0.0661882 -1.62439
0.0670552 -1.62488
0.0679222 -1.62537
0.0687891 -1.62585
0.0696561 -1.62634
0.0705231 -1.62683
0.07139 -1.62733
0.072257 -1.62782
0.073124 -1.62831
0.0739909 -1.6288
0.0748579 -1.62928
0.0757249 -1.62977
0.0765919 -1.63025
0.0774588 -1.63074
0.0783258 -1.63123
0.0791928 -1.63172
0.0800597 -1.63222
0.0809267 -1.63271
0.0817937 -1.6332
0.0826606 -1.63369
0.0835276 -1.63417
0.0843946 -1.63466
0.0852615 -1.63514
0.0861285 -1.63564
0.0869955 -1.63613
0.0878624 -1.63663
0.0887294 -1.63712
0.0895964 -1.6376
0.0904633 -1.63809
0.0913303 -1.63858
0.0921973 -1.63906
0.0930643 -1.63955
0.0939312 -1.64004
0.0947982 -1.64053
0.0956652 -1.64103
0.0965321 -1.64152
0.0973991 -1.64201
0.0982661 -1.6425
0.099133 -1.64299
0.1 -1.64347
0.100862 -1.64396
0.101724 -1.64444
0.102586 -1.64493
0.103448 -1.64542
0.10431 -1.64591
0.105172 -1.6464
0.106034 -1.64688
0.106897 -1.64737
0.107759 -1.64785
0.108613 -1.64833
0.109467 -1.64881
0.110321 -1.64929
0.111167 -1.64977
0.112013 -1.65025
0.112867 -1.65073
0.113721 -1.65122
0.114584 -1.6517
0.115438 -1.65218
0.116293 -1.65266
0.11713 -1.65313
0.117975 -1.65361
0.118821 -1.65409
0.119666 -1.65457
0.120512 -1.65504
0.121358 -1.65552
0.122185 -1.65599
0.123005 -1.65645
0.123815 -1.6569
0.124609 -1.65735
0.125394 -1.65779
0.126179 -1.65824
0.126956 -1.65868
0.127733 -1.65912
0.128511 -1.65956
0.129288 -1.66
0.130065 -1.66044
0.130842 -1.66088
0.131619 -1.66131
0.132396 -1.66175
0.133173 -1.66219
0.133959 -1.66263
0.134745 -1.66308
0.135551 -1.66353
0.136399 -1.66401
0.137258 -1.6645
0.138106 -1.66497
0.138954 -1.66545
0.139802 -1.66593
0.14065 -1.6664
0.141498 -1.66688
0.142346 -1.66736
0.143193 -1.66783
0.144041 -1.66831
0.144889 -1.66879
0.14575 -1.66927
0.146598 -1.66975
0.147419 -1.67022
0.148228 -1.67067
0.149037 -1.67113
0.149834 -1.67158
0.150617 -1.67202
0.151389 -1.67246
0.152161 -1.67289
0.15292 -1.67332
0.153667 -1.67374
0.154415 -1.67417
0.155162 -1.67459
0.155897 -1.67501
0.156632 -1.67542
0.157367 -1.67584
0.158102 -1.67626
0.158837 -1.67667
0.159572 -1.67709
0.160307 -1.6775
0.161042 -1.67792
0.161821 -1.67836
0.162651 -1.67882
0.1635 -1.6793
0.16433 -1.67977
0.16514 -1.68023
0.165933 -1.68067
0.166725 -1.68112
0.167517 -1.68157
0.168291 -1.68201
0.169046 -1.68243
0.169801 -1.68286
0.170556 -1.68328
0.171311 -1.68371
0.172086 -1.68415
0.172861 -1.68458
0.173637 -1.68502
0.174461 -1.68548
0.175284 -1.68595
0.176108 -1.68641
0.176932 -1.68688
0.177756 -1.68734
0.17858 -1.68781
0.179404 -1.68828
0.180228 -1.68874
0.181051 -1.68921
0.181841 -1.68965
0.18263 -1.6901
0.183386 -1.69052
0.184141 -1.69095
0.184896 -1.69138
0.185615 -1.69178
0.186335 -1.69219
0.187054 -1.6926
0.187773 -1.693
0.188492 -1.69341
0.189211 -1.69382
0.189931 -1.69423
0.19065 -1.69463
0.191429 -1.69507
0.192208 -1.69552
0.192987 -1.69596
0.193767 -1.69639
0.194546 -1.69683
0.195325 -1.69727
0.196104 -1.69771
0.196883 -1.69815
0.197662 -1.69859
0.198442 -1.69903
0.199221 -1.69947
0.2 -1.69991
0.200714 -1.70032
0.201434 -1.70072
0.202198 -1.70115
0.203006 -1.70161
0.203821 -1.70207
0.204636 -1.70253
0.205458 -1.70299
0.20628 -1.70346
0.207095 -1.70392
0.20791 -1.70438
0.208718 -1.70483
0.209526 -1.70529
0.210334 -1.70574
0.211142 -1.7062
0.211957 -1.70666
0.212765 -1.70711
0.213558 -1.70756
0.214336 -1.708
0.215101 -1.70843
0.215853 -1.70886
0.216591 -1.70927
0.217322 -1.70969
0.218048 -1.7101
0.21876 -1.7105
0.219479 -1.71091
0.220225 -1.71133
0.22097 -1.71176
0.22173 -1.71219
0.222513 -1.71263
0.223312 -1.71308
0.224111 -1.71353
0.224901 -1.71398
0.225675 -1.71441
0.226434 -1.71484
0.227169 -1.71526
0.22789 -1.71567
0.228604 -1.71607
0.229311 -1.71647
0.230018 -1.71687
0.230725 -1.71727
0.231439 -1.71767
0.232153 -1.71808
0.232899 -1.7185
0.233679 -1.71894
0.234488 -1.7194
0.235307 -1.71986
0.236116 -1.72032
0.236914 -1.72077
0.237713 -1.72122
0.238511 -1.72167
0.23932 -1.72213
0.240119 -1.72258
0.240928 -1.72304
0.241737 -1.72349
0.242546 -1.72395
0.243344 -1.7244
0.244131 -1.72484
0.244897 -1.72527
0.245651 -1.7257
0.246396 -1.72612
0.24713 -1.72654
0.247854 -1.72695
0.248569 -1.72735
0.249293 -1.72776
0.250039 -1.72818
0.250784 -1.7286
0.25153 -1.72903
0.2523 -1.72946
0.253095 -1.72991
0.253903 -1.73037
0.254685 -1.73081
0.255453 -1.73125
0.256208 -1.73167
0.256938 -1.73209
0.257655 -1.7325
0.258361 -1.7329
0.259067 -1.7333
0.259772 -1.7337
0.260478 -1.7341
0.261184 -1.7345
0.26189 -1.7349
0.262623 -1.73531
0.263385 -1.73574
0.264181 -1.73619
0.264995 -1.73665
0.265809 -1.73711
0.266624 -1.73756
0.267418 -1.73801
0.268213 -1.73846
0.269008 -1.73891
0.269802 -1.73936
0.270618 -1.73982
0.271435 -1.74028
0.272251 -1.74074
0.273044 -1.74119
0.273836 -1.74164
0.274629 -1.74209
0.275398 -1.74252
0.276144 -1.74295
0.276889 -1.74337
0.277611 -1.74378
0.278334 -1.74419
0.279056 -1.7446
0.279804 -1.74502
0.280552 -1.74544
0.2813 -1.74587
0.282079 -1.7463
0.282894 -1.74676
0.283708 -1.74722
0.284523 -1.74768
0.285297 -1.74812
0.28607 -1.74856
0.286804 -1.74897
0.287537 -1.74939
0.28827 -1.7498
0.28896 -1.75019
0.28965 -1.75058
0.29034 -1.75098
0.29103 -1.75137
0.29172 -1.75176
0.29241 -1.75215
0.293169 -1.75258
0.293928 -1.75301
0.294795 -1.7535
0.295663 -1.75399
0.29653 -1.75447
0.297398 -1.75496
0.298265 -1.75545
0.299133 -1.75594
0.3 -1.75643
0.300813 -1.75689
0.301619 -1.75735
0.302426 -1.7578
0.303226 -1.75825
0.304019 -1.7587
0.304793 -1.75914
0.305555 -1.75957
0.306304 -1.75999
0.307042 -1.76041
0.307757 -1.76082
0.308483 -1.76123
0.309233 -1.76165
0.309977 -1.76207
0.310715 -1.76249
0.311472 -1.76292
0.312255 -1.76336
0.313053 -1.76381
0.313851 -1.76426
0.314634 -1.76471
0.315396 -1.76514
0.316138 -1.76556
0.316861 -1.76597
0.317578 -1.76638
0.318282 -1.76678
0.318987 -1.76718
0.319691 -1.76758
0.320396 -1.76798
0.3211 -1.76838
0.321811 -1.76878
0.322549 -1.7692
0.323339 -1.76964
0.324154 -1.7701
0.32497 -1.77056
0.325777 -1.77102
0.326575 -1.77147
0.327373 -1.77192
0.328171 -1.77237
0.328978 -1.77283
0.329795 -1.77329
0.330601 -1.77374
0.331408 -1.7742
0.332206 -1.77465
0.333004 -1.7751
0.333801 -1.77555
0.33458 -1.77599
0.335341 -1.77642
0.336093 -1.77685
0.336827 -1.77727
0.337545 -1.77767
0.338271 -1.77808
0.339024 -1.77851
0.339768 -1.77893
0.340502 -1.77935
0.341255 -1.77977
0.342028 -1.78021
0.342833 -1.78067
0.343639 -1.78112
0.344421 -1.78156
0.345183 -1.782
0.345923 -1.78242
0.346644 -1.78283
0.347356 -1.78323
0.348058 -1.78363
0.34876 -1.78403
0.349462 -1.78443
0.350164 -1.78483
0.350866 -1.78522
0.351578 -1.78563
0.352311 -1.78604
0.353106 -1.78649
0.353929 -1.78696
0.354737 -1.78741
0.355545 -1.78787
0.356339 -1.78832
0.357133 -1.78877
0.357927 -1.78922
0.358736 -1.78968
0.359545 -1.79013
0.360354 -1.79059
0.361147 -1.79104
0.36194 -1.79149
0.36275 -1.79194
0.36356 -1.7924
0.364352 -1.79285
0.365127 -1.79329
0.365885 -1.79372
0.366596 -1.79412
0.367322 -1.79453
0.368048 -1.79494
0.368791 -1.79536
0.369534 -1.79579
0.370277 -1.79621
0.37102 -1.79663
0.371803 -1.79707
0.372609 -1.79752
0.373415 -1.79798
0.374197 -1.79842
0.374956 -1.79885
0.375692 -1.79927
0.376407 -1.79968
0.377122 -1.80008
0.377815 -1.80048
0.378509 -1.80087
0.379202 -1.80127
0.379895 -1.80166
0.380588 -1.80206
0.381282 -1.80245
0.382002 -1.80286
0.382784 -1.8033
0.383604 -1.80376
0.384424 -1.80422
0.385203 -1.80467
0.385981 -1.80511
0.38676 -1.80555
0.387539 -1.80599
0.388318 -1.80643
0.389097 -1.80687
0.389875 -1.80731
0.390654 -1.80775
0.391433 -1.80819
0.392212 -1.80863
0.392991 -1.80907
0.393769 -1.80951
0.394548 -1.80996
0.395327 -1.8104
0.395995 -1.81078
0.396796 -1.81123
0.397597 -1.81168
0.398398 -1.81213
0.399199 -1.81258
0.4 -1.81304
0.400746 -1.81346
0.401516 -1.81389
0.40231 -1.81434
0.403104 -1.81479
0.403892 -1.81524
0.404661 -1.81567
0.405406 -1.8161
0.406128 -1.81651
0.406839 -1.81691
0.407545 -1.81731
0.408245 -1.81771
0.408945 -1.81811
0.409641 -1.8185
0.410336 -1.8189
0.411036 -1.81929
0.411742 -1.81969
0.412478 -1.82011
0.413245 -1.82055
0.414049 -1.821
0.414837 -1.82145
0.415619 -1.82189
0.416407 -1.82233
0.417203 -1.82279
0.417999 -1.82324
0.418796 -1.82369
0.419592 -1.82414
0.42038 -1.82458
0.421168 -1.82503
0.421965 -1.82548
0.422769 -1.82594
0.423574 -1.82639
0.424353 -1.82683
0.425102 -1.82726
0.425851 -1.82768
0.426578 -1.82809
0.427305 -1.82851
0.428055 -1.82893
0.428796 -1.82935
0.429538 -1.82977
0.430272 -1.83019
0.431022 -1.83061
0.431806 -1.83106
0.432599 -1.8315
0.433382 -1.83195
0.434157 -1.83239
0.434914 -1.83281
0.435645 -1.83323
0.43636 -1.83364
0.437067 -1.83404
0.437767 -1.83443
0.438466 -1.83483
0.439165 -1.83523
0.439864 -1.83562
0.440564 -1.83602
0.441263 -1.83642
0.442006 -1.83684
0.442801 -1.83729
0.443606 -1.83774
0.44439 -1.83818
0.445173 -1.83863
0.445956 -1.83907
0.446728 -1.83951
0.447512 -1.83995
0.448295 -1.8404
0.44909 -1.84085
0.449874 -1.84129
0.450657 -1.84173
0.451453 -1.84218
0.452249 -1.84263
0.453044 -1.84308
0.45384 -1.84353
0.454623 -1.84397
0.455392 -1.84441
0.456111 -1.84482
0.456843 -1.84523
0.457574 -1.84565
0.458319 -1.84607
0.459063 -1.84649
0.459794 -1.84691
0.460525 -1.84733
0.461284 -1.84776
0.462074 -1.8482
0.462864 -1.84865
0.463638 -1.84909
0.464412 -1.84953
0.465169 -1.84996
0.465894 -1.85037
0.466605 -1.85077
0.467301 -1.85117
0.467996 -1.85156
0.468692 -1.85196
0.469388 -1.85235
0.470084 -1.85275
0.470779 -1.85315
0.471475 -1.85354
0.472188 -1.85395
0.47294 -1.85437
0.473736 -1.85482
0.474508 -1.85526
0.475281 -1.85569
0.476078 -1.85614
0.476876 -1.85659
0.477673 -1.85704
0.47847 -1.8575
0.479239 -1.85793
0.480008 -1.85837
0.480808 -1.85882
0.481607 -1.85927
0.482407 -1.85972
0.483207 -1.86017
0.484007 -1.86063
0.484768 -1.86106
0.48553 -1.86149
0.486253 -1.8619
0.486977 -1.86231
0.4877 -1.86272
0.488469 -1.86315
0.48919 -1.86356
0.48991 -1.86397
0.490631 -1.86438
0.491412 -1.86482
0.492193 -1.86526
0.492973 -1.8657
0.493754 -1.86615
0.494535 -1.86659
0.495316 -1.86703
0.496096 -1.86747
0.496747 -1.86785
0.497398 -1.86822
0.498048 -1.86859
0.498699 -1.86896
0.499349 -1.86933
0.5 -1.8697
0.500694 -1.87009
0.501394 -1.87049
0.502114 -1.87089
0.502872 -1.87132
0.503668 -1.87177
0.504452 -1.87222
0.505235 -1.87266
0.506031 -1.87311
0.506834 -1.87356
0.507631 -1.87402
0.50842 -1.87446
0.509203 -1.87491
0.509986 -1.87535
0.510775 -1.8758
0.511572 -1.87625
0.512368 -1.8767
0.513158 -1.87714
0.51394 -1.87759
0.514716 -1.87803
0.515477 -1.87846
0.5162 -1.87887
0.516928 -1.87928
0.517657 -1.87969
0.518405 -1.88012
0.519147 -1.88054
0.519882 -1.88096
0.520611 -1.88137
0.521353 -1.88179
0.522124 -1.88222
0.522902 -1.88266
0.523689 -1.88311
0.52446 -1.88355
0.525201 -1.88397
0.52592 -1.88438
0.526625 -1.88478
0.527324 -1.88517
0.528023 -1.88557
0.528715 -1.88596
0.529407 -1.88636
0.530099 -1.88675
0.530791 -1.88714
0.53149 -1.88754
0.532219 -1.88795
0.532989 -1.88839
0.533787 -1.88884
0.534575 -1.88928
0.535364 -1.88973
0.536162 -1.89018
0.53696 -1.89063
0.537738 -1.89107
0.538526 -1.89151
0.539304 -1.89195
0.540092 -1.8924
0.540881 -1.89284
0.54168 -1.89329
0.542478 -1.89374
0.543277 -1.89419
0.544065 -1.89464
0.544842 -1.89508
0.545598 -1.89551
0.546323 -1.89592
0.547048 -1.89633
0.547774 -1.89674
0.54852 -1.89716
0.549255 -1.89758
0.549991 -1.89799
0.550715 -1.8984
0.551462 -1.89883
0.552221 -1.89926
0.552991 -1.89969
0.553762 -1.90013
0.55452 -1.90056
0.555265 -1.90098
0.555987 -1.90139
0.556686 -1.90178
0.557384 -1.90218
0.558083 -1.90258
0.55877 -1.90297
0.559457 -1.90336
0.560144 -1.90375
0.560844 -1.90414
0.561543 -1.90454
0.562282 -1.90496
0.563068 -1.9054
0.563854 -1.90584
0.56464 -1.90628
0.565425 -1.90673
0.56623 -1.90718
0.567015 -1.90762
0.567782 -1.90806
0.568568 -1.9085
0.569354 -1.90894
0.570139 -1.90939
0.570925 -1.90983
0.571733 -1.91028
0.572518 -1.91072
0.573303 -1.91117
0.574088 -1.91161
0.574874 -1.91205
0.575635 -1.91248
0.576373 -1.91289
0.577112 -1.91331
0.577827 -1.91371
0.578566 -1.91413
0.579305 -1.91454
0.580044 -1.91496
0.580783 -1.91537
0.581522 -1.91579
0.582292 -1.91622
0.583062 -1.91665
0.583832 -1.91708
0.584602 -1.91751
0.585372 -1.91794
0.586103 -1.91835
0.586835 -1.91876
0.587528 -1.91915
0.588221 -1.91953
0.588913 -1.91992
0.589606 -1.92031
0.590299 -1.92069
0.590992 -1.92108
0.591685 -1.92147
0.592378 -1.92185
0.59314 -1.92228
0.593902 -1.9227
0.594665 -1.92312
0.595427 -1.92354
0.596189 -1.92396
0.596951 -1.92439
0.597713 -1.92481
0.598476 -1.92523
0.599238 -1.92565
0.6 -1.92607
0.600787 -1.9265
0.601581 -1.92694
0.602381 -1.92737
0.603181 -1.92781
0.603975 -1.92825
0.604749 -1.92867
0.605505 -1.92909
0.606238 -1.92949
0.606965 -1.92989
0.607703 -1.93029
0.608447 -1.9307
0.609186 -1.9311
0.609918 -1.9315
0.610645 -1.9319
0.611389 -1.9323
0.612153 -1.93271
0.612937 -1.93314
0.613715 -1.93356
0.614472 -1.93397
0.615215 -1.93437
0.615934 -1.93476
0.61664 -1.93514
0.617335 -1.93552
0.61803 -1.93589
0.618724 -1.93627
0.619419 -1.93664
0.620114 -1.93701
0.620808 -1.93739
0.621509 -1.93776
0.62225 -1.93816
0.623043 -1.93858
0.623836 -1.939
0.62463 -1.93942
0.625423 -1.93984
0.626225 -1.94026
0.627018 -1.94068
0.627803 -1.9411
0.628588 -1.94151
0.629381 -1.94193
0.630175 -1.94234
0.630968 -1.94276
0.631753 -1.94317
0.632546 -1.94359
0.63334 -1.944
0.634143 -1.94442
0.634918 -1.94483
0.635683 -1.94522
0.63644 -1.94562
0.637188 -1.94601
0.637927 -1.94639
0.638657 -1.94677
0.639379 -1.94714
0.640109 -1.94752
0.640867 -1.94791
0.641645 -1.94831
0.642423 -1.94871
0.643181 -1.9491
0.643909 -1.94947
0.644619 -1.94983
0.64532 -1.95019
0.646021 -1.95055
0.646713 -1.95091
0.647406 -1.95126
0.648098 -1.95161
0.64879 -1.95196
0.649482 -1.95231
0.650193 -1.95267
0.650937 -1.95305
0.651715 -1.95344
0.652507 -1.95383
0.653298 -1.95423
0.654104 -1.95463
0.654895 -1.95503
0.655686 -1.95542
0.656464 -1.95581
0.657255 -1.9562
0.658047 -1.95659
0.658838 -1.95699
0.659645 -1.95738
0.660453 -1.95778
0.661244 -1.95817
0.662019 -1.95855
0.66281 -1.95894
0.663601 -1.95932
0.664376 -1.9597
0.665134 -1.96007
0.665892 -1.96044
0.66665 -1.96081
0.667391 -1.96117
0.668132 -1.96153
0.668856 -1.96188
0.669598 -1.96224
0.670377 -1.96262
0.671178 -1.963
0.671957 -1.96338
0.672736 -1.96375
0.673493 -1.96411
0.674229 -1.96447
0.674945 -1.96481
0.675641 -1.96514
0.676337 -1.96548
0.677033 -1.96581
0.677729 -1.96614
0.678425 -1.96647
0.679121 -1.9668
0.679817 -1.96713
0.680538 -1.96747
0.681286 -1.96783
0.682066 -1.96819
0.682846 -1.96856
0.683663 -1.96894
0.68448 -1.96932
0.685256 -1.96968
0.686032 -1.97004
0.686808 -1.9704
0.687632 -1.97078
0.688457 -1.97116
0.689281 -1.97154
0.690106 -1.97192
0.690867 -1.97228
0.691628 -1.97263
0.692465 -1.97301
0.693219 -1.97336
0.693972 -1.9737
0.694726 -1.97405
0.695479 -1.97439
0.696233 -1.97473
0.696986 -1.97508
0.69774 -1.97542
0.698493 -1.97576
0.699247 -1.9761
0.7 -1.97644
0.700787 -1.97679
0.701556 -1.97714
0.70232 -1.97748
0.703065 -1.97782
0.703783 -1.97814
0.704491 -1.97846
0.705193 -1.97877
0.70589 -1.97908
