/*--------------------------------*- C++ -*----------------------------------*\
| =========                 |                                                 |
| \\      /  F ield         | OpenFOAM: The Open Source CFD Toolbox           |
|  \\    /   O peration     | Version:  v1812                                 |
|   \\  /    A nd           | Web:      www.OpenFOAM.com                      |
|    \\/     M anipulation  |                                                 |
\*---------------------------------------------------------------------------*/
FoamFile
{
    version     2.0;
    format      ascii;
    class       surfaceScalarField;
    location    "0.2";
    object      phi;
}
// * * * * * * * * * * * * * * * * * * * * * * * * * * * * * * * * * * * * * //

dimensions      [1 0 -1 0 0 0 0];
oriented        oriented;


internalField   nonuniform List<scalar> 
3999
(
4.440892099e-16
-8.881784197e-16
-2.220446049e-15
-2.664535259e-15
-5.329070518e-15
-4.884981308e-15
-5.329070518e-15
-5.773159728e-15
-4.440892099e-15
-3.996802889e-15
-4.440892099e-16
-1.776356839e-15
-2.664535259e-15
-1.776356839e-15
-2.220446049e-15
-1.33226763e-15
-8.881784197e-16
4.440892099e-16
-1.33226763e-15
-2.220446049e-15
-4.884981308e-15
-1.776356839e-15
-8.881784197e-16
3.108624469e-15
4.884981308e-15
6.217248938e-15
7.105427358e-15
5.329070518e-15
6.661338148e-15
7.549516567e-15
7.993605777e-15
1.154631946e-14
1.110223025e-14
1.065814104e-14
1.065814104e-14
1.199040867e-14
1.376676551e-14
1.154631946e-14
1.154631946e-14
1.243449788e-14
1.33226763e-14
1.065814104e-14
1.065814104e-14
1.110223025e-14
1.065814104e-14
7.549516567e-15
2.664535259e-15
-8.881784197e-16
-1.33226763e-15
-4.440892099e-16
-3.108624469e-15
-2.664535259e-15
-1.776356839e-15
0
8.881784197e-16
1.776356839e-15
8.881784197e-16
4.440892099e-16
0
-8.881784197e-16
-8.881784197e-16
-1.776356839e-15
-2.664535259e-15
-3.552713679e-15
-4.884981308e-15
-7.105427358e-15
-7.993605777e-15
-6.661338148e-15
-5.773159728e-15
-7.549516567e-15
-8.881784197e-15
-1.065814104e-14
-1.065814104e-14
-1.154631946e-14
-1.598721155e-14
-1.598721155e-14
-1.865174681e-14
-1.953992523e-14
-2.042810365e-14
-2.220446049e-14
-2.176037128e-14
-2.176037128e-14
-1.998401444e-14
-1.110223025e-14
-5.329070518e-15
-3.108624469e-15
-1.33226763e-15
4.440892099e-15
7.549516567e-15
8.881784197e-15
1.065814104e-14
1.021405183e-14
9.769962617e-15
1.110223025e-14
7.993605777e-15
9.325873407e-15
9.325873407e-15
9.769962617e-15
1.110223025e-14
1.021405183e-14
1.33226763e-14
1.687538997e-14
1.953992523e-14
1.687538997e-14
1.243449788e-14
8.437694987e-15
2.664535259e-15
-3.552713679e-15
-4.440892099e-15
-2.664535259e-15
-3.108624469e-15
-2.220446049e-15
-3.552713679e-15
-2.220446049e-15
-8.881784197e-16
1.33226763e-15
-3.996802889e-15
-7.105427358e-15
-1.243449788e-14
-1.865174681e-14
-1.776356839e-14
-1.82076576e-14
-1.82076576e-14
-1.953992523e-14
-2.220446049e-14
-2.353672812e-14
-2.309263891e-14
-2.309263891e-14
-2.087219286e-14
-2.042810365e-14
-2.087219286e-14
-1.82076576e-14
-1.953992523e-14
-1.865174681e-14
-1.953992523e-14
-1.909583602e-14
-1.998401444e-14
-1.998401444e-14
-1.865174681e-14
-1.998401444e-14
-1.953992523e-14
-1.953992523e-14
-1.953992523e-14
-1.776356839e-14
-1.776356839e-14
-1.776356839e-14
-1.687538997e-14
-1.776356839e-14
-1.554312234e-14
-1.598721155e-14
-1.287858709e-14
-1.110223025e-14
-8.437694987e-15
-5.773159728e-15
-5.329070518e-15
-3.108624469e-15
-3.552713679e-15
-3.996802889e-15
-1.776356839e-15
-1.33226763e-15
-3.996802889e-15
-2.220446049e-15
-2.664535259e-15
-3.108624469e-15
-2.664535259e-15
-3.108624469e-15
-3.552713679e-15
-4.884981308e-15
-4.440892099e-16
8.881784197e-16
3.108624469e-15
1.33226763e-15
2.220446049e-15
3.108624469e-15
-1.33226763e-15
-4.884981308e-15
-8.881784197e-15
-7.993605777e-15
-7.549516567e-15
-5.773159728e-15
-5.773159728e-15
-6.661338148e-15
-4.440892099e-15
-3.108624469e-15
-3.552713679e-15
-3.552713679e-15
-4.440892099e-15
-3.996802889e-15
-6.217248938e-15
-5.773159728e-15
-6.661338148e-15
-7.105427358e-15
-2.220446049e-15
-3.996802889e-15
8.881784197e-16
1.33226763e-15
3.552713679e-15
4.440892099e-15
4.440892099e-15
4.440892099e-15
4.440892099e-16
-3.552713679e-15
-3.552713679e-15
-2.220446049e-15
0
1.33226763e-15
5.773159728e-15
1.199040867e-14
1.509903313e-14
1.687538997e-14
1.953992523e-14
2.26485497e-14
2.442490654e-14
2.486899575e-14
2.797762022e-14
2.886579864e-14
3.15303339e-14
3.108624469e-14
3.064215548e-14
3.15303339e-14
3.108624469e-14
3.197442311e-14
2.975397706e-14
3.064215548e-14
3.064215548e-14
2.886579864e-14
2.620126338e-14
1.953992523e-14
1.643130076e-14
1.287858709e-14
1.110223025e-14
8.437694987e-15
6.217248938e-15
4.440892099e-15
2.220446049e-15
1.776356839e-15
8.881784197e-16
4.884981308e-15
1.776356839e-15
8.881784197e-16
1.33226763e-15
-8.881784197e-16
-1.776356839e-15
-1.33226763e-15
-8.881784197e-16
-3.108624469e-15
-3.552713679e-15
-2.664535259e-15
-1.776356839e-15
-3.108624469e-15
-2.664535259e-15
-4.440892099e-16
3.996802889e-15
5.329070518e-15
8.881784197e-15
1.154631946e-14
1.199040867e-14
1.33226763e-14
1.509903313e-14
1.509903313e-14
1.776356839e-14
1.776356839e-14
1.687538997e-14
1.598721155e-14
1.554312234e-14
1.731947918e-14
1.865174681e-14
1.776356839e-14
1.998401444e-14
2.042810365e-14
2.042810365e-14
1.865174681e-14
1.82076576e-14
1.731947918e-14
1.643130076e-14
1.421085472e-14
1.554312234e-14
1.376676551e-14
1.199040867e-14
1.243449788e-14
1.598721155e-14
1.731947918e-14
1.776356839e-14
1.509903313e-14
1.643130076e-14
1.687538997e-14
1.687538997e-14
1.643130076e-14
1.687538997e-14
1.82076576e-14
1.554312234e-14
1.776356839e-14
1.731947918e-14
1.731947918e-14
1.376676551e-14
8.881784197e-15
4.884981308e-15
5.329070518e-15
5.329070518e-15
3.996802889e-15
2.664535259e-15
1.33226763e-15
2.220446049e-15
4.440892099e-16
1.776356839e-15
-8.881784197e-16
-2.220446049e-15
-2.220446049e-15
-6.661338148e-15
-5.329070518e-15
-6.661338148e-15
-5.773159728e-15
-7.105427358e-15
-6.661338148e-15
-7.993605777e-15
-8.881784197e-15
-7.993605777e-15
-6.661338148e-15
-6.217248938e-15
-2.220446049e-15
0
3.108624469e-15
4.440892099e-15
7.105427358e-15
9.325873407e-15
1.110223025e-14
1.021405183e-14
1.110223025e-14
9.769962617e-15
1.110223025e-14
1.154631946e-14
9.769962617e-15
1.199040867e-14
1.199040867e-14
1.110223025e-14
1.065814104e-14
1.065814104e-14
9.769962617e-15
1.065814104e-14
1.065814104e-14
8.437694987e-15
8.881784197e-15
8.437694987e-15
1.021405183e-14
1.110223025e-14
1.243449788e-14
1.376676551e-14
1.33226763e-14
1.376676551e-14
1.421085472e-14
1.376676551e-14
1.465494393e-14
1.287858709e-14
1.33226763e-14
1.376676551e-14
1.154631946e-14
1.154631946e-14
1.110223025e-14
1.199040867e-14
1.199040867e-14
1.154631946e-14
1.243449788e-14
1.33226763e-14
1.243449788e-14
1.199040867e-14
1.243449788e-14
1.021405183e-14
1.021405183e-14
9.769962617e-15
1.021405183e-14
1.065814104e-14
1.243449788e-14
1.154631946e-14
8.437694987e-15
8.437694987e-15
8.881784197e-15
7.549516567e-15
8.437694987e-15
4.440892099e-15
1.776356839e-15
-1.33226763e-15
-1.776356839e-15
-2.664535259e-15
-3.552713679e-15
-3.996802889e-15
-4.440892099e-15
-2.664535259e-15
-5.773159728e-15
-5.329070518e-15
-6.217248938e-15
-6.217248938e-15
-4.884981308e-15
-4.440892099e-15
-5.329070518e-15
-4.884981308e-15
-4.440892099e-15
-3.996802889e-15
-4.440892099e-15
-6.217248938e-15
-5.773159728e-15
-7.105427358e-15
-7.993605777e-15
-7.549516567e-15
-4.440892099e-15
-3.996802889e-15
-3.552713679e-15
-3.108624469e-15
-3.108624469e-15
-2.220446049e-15
8.881784197e-16
3.552713679e-15
5.773159728e-15
8.437694987e-15
8.881784197e-15
8.881784197e-15
8.881784197e-15
8.437694987e-15
7.549516567e-15
7.549516567e-15
8.881784197e-15
8.881784197e-15
8.881784197e-15
8.881784197e-15
8.437694987e-15
8.437694987e-15
8.881784197e-15
1.021405183e-14
1.065814104e-14
1.110223025e-14
8.881784197e-15
8.881784197e-15
8.881784197e-15
8.881784197e-15
8.881784197e-15
1.065814104e-14
1.110223025e-14
1.33226763e-14
1.421085472e-14
1.33226763e-14
1.154631946e-14
1.421085472e-14
1.199040867e-14
1.509903313e-14
1.154631946e-14
1.421085472e-14
1.421085472e-14
1.598721155e-14
1.199040867e-14
6.217248938e-15
4.440892099e-15
6.217248938e-15
3.108624469e-15
-4.440892099e-16
-3.108624469e-15
-6.217248938e-15
-7.993605777e-15
-9.769962617e-15
-7.993605777e-15
-1.065814104e-14
-1.243449788e-14
-1.199040867e-14
-1.421085472e-14
-1.33226763e-14
-1.287858709e-14
-1.421085472e-14
-1.554312234e-14
-1.421085472e-14
-1.154631946e-14
-8.881784197e-15
-9.769962617e-15
-7.993605777e-15
-5.773159728e-15
-4.440892099e-15
-4.440892099e-15
-3.552713679e-15
-2.220446049e-15
-2.664535259e-15
-3.552713679e-15
-1.776356839e-15
-2.220446049e-15
-3.108624469e-15
0
0
0
-1.776356839e-15
4.440892099e-16
-8.881784197e-16
-3.552713679e-15
-8.881784197e-16
-4.440892099e-16
-4.440892099e-16
-5.329070518e-15
-5.773159728e-15
-4.884981308e-15
-3.552713679e-15
-2.220446049e-15
-3.552713679e-15
-3.552713679e-15
-3.552713679e-15
-2.664535259e-15
-4.440892099e-16
4.440892099e-15
2.664535259e-15
5.773159728e-15
8.881784197e-15
8.881784197e-15
9.325873407e-15
1.421085472e-14
1.554312234e-14
1.287858709e-14
1.376676551e-14
1.243449788e-14
1.199040867e-14
1.243449788e-14
8.881784197e-15
3.552713679e-15
-1.33226763e-15
-3.552713679e-15
-4.884981308e-15
-7.549516567e-15
-6.661338148e-15
-3.996802889e-15
-5.773159728e-15
-5.329070518e-15
-3.996802889e-15
-3.996802889e-15
-3.996802889e-15
-5.329070518e-15
-4.440892099e-15
-3.552713679e-15
-8.881784197e-16
-4.440892099e-16
-1.776356839e-15
-3.552713679e-15
-3.108624469e-15
-3.996802889e-15
-2.220446049e-15
-2.664535259e-15
-2.220446049e-15
-2.220446049e-15
-4.884981308e-15
-4.440892099e-15
-2.664535259e-15
-1.776356839e-15
8.881784197e-16
4.440892099e-15
6.217248938e-15
7.993605777e-15
1.287858709e-14
1.554312234e-14
1.554312234e-14
1.554312234e-14
1.598721155e-14
1.509903313e-14
1.643130076e-14
1.598721155e-14
1.598721155e-14
1.465494393e-14
1.509903313e-14
1.465494393e-14
1.243449788e-14
1.465494393e-14
1.731947918e-14
1.687538997e-14
1.82076576e-14
1.731947918e-14
1.643130076e-14
1.376676551e-14
1.243449788e-14
1.376676551e-14
1.509903313e-14
1.33226763e-14
1.199040867e-14
1.154631946e-14
1.199040867e-14
1.065814104e-14
9.769962617e-15
6.217248938e-15
5.329070518e-15
2.664535259e-15
8.881784197e-16
-4.440892099e-16
-3.552713679e-15
-5.773159728e-15
-5.329070518e-15
-4.440892099e-15
-4.440892099e-15
-5.773159728e-15
-4.440892099e-15
-3.552713679e-15
-2.664535259e-15
-1.33226763e-15
-1.776356839e-15
-2.664535259e-15
-3.108624469e-15
-6.217248938e-15
-5.329070518e-15
-3.996802889e-15
-5.329070518e-15
-6.217248938e-15
-6.217248938e-15
-6.217248938e-15
-6.217248938e-15
-5.329070518e-15
-6.661338148e-15
-4.440892099e-15
-2.220446049e-15
-1.776356839e-15
-3.108624469e-15
-2.664535259e-15
-3.552713679e-15
-3.108624469e-15
-1.33226763e-15
0
3.552713679e-15
3.996802889e-15
7.105427358e-15
6.661338148e-15
7.993605777e-15
7.993605777e-15
1.154631946e-14
1.154631946e-14
9.325873407e-15
1.154631946e-14
1.199040867e-14
1.065814104e-14
1.154631946e-14
1.287858709e-14
1.199040867e-14
1.287858709e-14
1.33226763e-14
1.287858709e-14
1.33226763e-14
1.243449788e-14
1.243449788e-14
1.376676551e-14
1.33226763e-14
1.33226763e-14
1.199040867e-14
1.199040867e-14
1.154631946e-14
1.065814104e-14
1.065814104e-14
1.154631946e-14
9.325873407e-15
1.021405183e-14
7.549516567e-15
4.440892099e-15
4.440892099e-16
-4.440892099e-16
-4.440892099e-16
-3.108624469e-15
-3.996802889e-15
-6.217248938e-15
-5.773159728e-15
-6.217248938e-15
-6.217248938e-15
-6.217248938e-15
-6.217248938e-15
-3.552713679e-15
-3.552713679e-15
-1.776356839e-15
-1.33226763e-15
-8.881784197e-16
4.440892099e-16
0
2.220446049e-15
3.108624469e-15
5.773159728e-15
7.549516567e-15
5.773159728e-15
7.105427358e-15
1.021405183e-14
1.021405183e-14
1.065814104e-14
9.325873407e-15
8.881784197e-15
1.065814104e-14
1.154631946e-14
1.199040867e-14
1.376676551e-14
1.154631946e-14
1.021405183e-14
9.325873407e-15
8.881784197e-15
7.549516567e-15
6.217248938e-15
7.993605777e-15
7.993605777e-15
4.440892099e-15
1.776356839e-15
-4.440892099e-15
-6.217248938e-15
-8.437694987e-15
-9.769962617e-15
-1.33226763e-14
-1.82076576e-14
-2.087219286e-14
-1.998401444e-14
-1.82076576e-14
-1.953992523e-14
-2.220446049e-14
-2.042810365e-14
-2.26485497e-14
-2.398081733e-14
-2.26485497e-14
-2.176037128e-14
-2.176037128e-14
-2.309263891e-14
-2.398081733e-14
-2.486899575e-14
-2.442490654e-14
-2.442490654e-14
-2.042810365e-14
-2.042810365e-14
-1.865174681e-14
-1.643130076e-14
-1.33226763e-14
-1.154631946e-14
-7.549516567e-15
-3.996802889e-15
4.440892099e-16
1.776356839e-15
3.108624469e-15
2.664535259e-15
1.776356839e-15
1.33226763e-15
8.881784197e-16
4.440892099e-15
6.217248938e-15
6.217248938e-15
7.105427358e-15
7.549516567e-15
8.437694987e-15
8.437694987e-15
9.325873407e-15
1.199040867e-14
1.154631946e-14
1.110223025e-14
1.287858709e-14
9.325873407e-15
7.993605777e-15
5.773159728e-15
7.993605777e-15
7.993605777e-15
9.325873407e-15
9.325873407e-15
7.993605777e-15
7.993605777e-15
9.325873407e-15
8.437694987e-15
6.217248938e-15
3.108624469e-15
1.33226763e-15
2.664535259e-15
1.33226763e-15
3.996802889e-15
2.664535259e-15
2.664535259e-15
2.220446049e-15
4.440892099e-16
3.108624469e-15
-1.776356839e-15
-4.440892099e-15
-4.884981308e-15
-6.661338148e-15
-6.661338148e-15
-6.217248938e-15
-1.776356839e-15
-3.108624469e-15
-4.440892099e-16
-8.881784197e-16
4.440892099e-16
4.884981308e-15
6.217248938e-15
9.325873407e-15
8.881784197e-15
7.549516567e-15
6.661338148e-15
9.769962617e-15
9.325873407e-15
9.769962617e-15
9.769962617e-15
8.437694987e-15
6.661338148e-15
8.881784197e-16
4.440892099e-16
2.220446049e-15
2.220446049e-15
1.776356839e-15
3.996802889e-15
5.773159728e-15
5.329070518e-15
7.105427358e-15
7.993605777e-15
9.325873407e-15
7.993605777e-15
7.549516567e-15
6.217248938e-15
5.773159728e-15
6.661338148e-15
6.661338148e-15
6.217248938e-15
7.105427358e-15
6.217248938e-15
4.440892099e-15
1.776356839e-15
1.776356839e-15
1.33226763e-15
3.552713679e-15
2.664535259e-15
8.881784197e-16
-8.881784197e-16
-4.440892099e-15
-5.329070518e-15
-6.217248938e-15
-7.993605777e-15
-1.110223025e-14
-9.325873407e-15
-1.199040867e-14
-1.021405183e-14
-1.021405183e-14
-1.154631946e-14
-1.110223025e-14
-1.243449788e-14
-1.421085472e-14
-1.421085472e-14
-1.376676551e-14
-1.287858709e-14
-1.243449788e-14
-1.243449788e-14
-1.154631946e-14
-1.110223025e-14
-6.661338148e-15
-7.105427358e-15
-8.881784197e-15
-9.325873407e-15
-6.661338148e-15
-3.108624469e-15
-8.881784197e-16
3.108624469e-15
3.996802889e-15
5.329070518e-15
4.440892099e-15
5.773159728e-15
2.664535259e-15
3.996802889e-15
5.329070518e-15
4.440892099e-15
4.884981308e-15
5.329070518e-15
7.549516567e-15
1.110223025e-14
1.199040867e-14
1.243449788e-14
1.243449788e-14
1.554312234e-14
1.554312234e-14
1.376676551e-14
1.421085472e-14
1.154631946e-14
1.154631946e-14
7.993605777e-15
5.773159728e-15
2.220446049e-15
-2.220446049e-15
-2.220446049e-15
-2.220446049e-15
8.881784197e-16
-4.440892099e-16
0
2.220446049e-15
-8.881784197e-16
-3.108624469e-15
-4.440892099e-15
-4.884981308e-15
-6.661338148e-15
-9.769962617e-15
-1.154631946e-14
-1.065814104e-14
-9.769962617e-15
-9.325873407e-15
-9.769962617e-15
-7.993605777e-15
-7.105427358e-15
-7.993605777e-15
-5.329070518e-15
-5.329070518e-15
-4.440892099e-15
-2.664535259e-15
0
8.881784197e-16
4.440892099e-15
5.329070518e-15
5.773159728e-15
4.440892099e-15
4.884981308e-15
4.884981308e-15
3.552713679e-15
3.108624469e-15
3.108624469e-15
-8.881784197e-16
-5.773159728e-15
-9.769962617e-15
-1.243449788e-14
-1.465494393e-14
-9.769962617e-15
-7.549516567e-15
-7.549516567e-15
-6.661338148e-15
-6.661338148e-15
-7.993605777e-15
-7.549516567e-15
-7.549516567e-15
-7.993605777e-15
-9.325873407e-15
-8.437694987e-15
-1.021405183e-14
-9.769962617e-15
-1.199040867e-14
-1.243449788e-14
-1.33226763e-14
-1.110223025e-14
-1.199040867e-14
-1.154631946e-14
-1.287858709e-14
-1.243449788e-14
-9.769962617e-15
-7.993605777e-15
-7.105427358e-15
-6.661338148e-15
-4.884981308e-15
-5.329070518e-15
-2.664535259e-15
-8.881784197e-16
-1.33226763e-15
0
3.108624469e-15
3.552713679e-15
3.552713679e-15
7.549516567e-15
1.199040867e-14
1.865174681e-14
3.108624469e-14
4.929390229e-14
8.260059303e-14
1.381117443e-13
2.287059431e-13
3.792521852e-13
6.310507672e-13
1.033395591e-12
1.687538997e-12
2.743139049e-12
4.429345779e-12
7.120526391e-12
1.138200645e-11
1.809485894e-11
2.861133552e-11
4.498934558e-11
7.036149441e-11
1.094462299e-10
1.693152285e-10
2.605116123e-10
3.98655331e-10
6.067408798e-10
9.184395466e-10
1.382736592e-09
2.070496663e-09
3.083596489e-09
4.567650258e-09
6.729526714e-09
9.861371719e-09
1.437328079e-08
2.083747885e-08
3.004764881e-08
4.309802426e-08
6.148817366e-08
8.726081147e-08
1.23181803e-07
1.729736914e-07
2.416164224e-07
3.357319591e-07
4.640725741e-07
6.381363007e-07
8.729369201e-07
1.187960125e-06
1.608341847e-06
2.166309201e-06
2.902928717e-06
3.870210435e-06
5.133619529e-06
6.775049173e-06
8.896309072e-06
1.162318252e-05
1.511010126e-05
1.954548063e-05
2.515774738e-05
3.222207877e-05
4.10678534e-05
5.20867921e-05
6.574174041e-05
8.257601364e-05
0.0001032231913
0.0001284172107
0.0001590025714
0.0001959444237
0.0002403382769
0.0002934190329
0.0003565690201
0.0004313246899
0.0005193816237
0.0006225975112
0.0007429927739
0.0008827485451
0.001044201767
0.001229837233
0.001442276469
0.00168426346
0.001958647298
0.002268361933
0.002616403333
0.003005804407
0.003439608161
0.003920839615
0.004452477053
0.005037423211
0.005678477017
0.006378306484
0.0071394233
0.007964159641
0.00885464762
0.009812801737
0.01084030457
0.01193859587
0.01310886515
0.01435204769
0.0156688239
0.01705962181
0.01852462245
0.02006376793
0.02167677164
0.02336313055
0.02512213892
0.02695290338
0.02885435872
0.03082528438
0.03286432105
0.03496998735
0.03714069616
0.0393747706
0.04167045925
0.04402595075
0.04643938741
0.04890887797
0.05143250935
0.05400835738
0.05663449655
0.05930900871
0.06202999087
0.06479556197
0.06760386888
0.07045309145
0.07334144683
0.07626719312
0.07922863221
0.08222411219
0.0852520291
0.08831082822
0.09139900494
0.09451510523
0.09765772577
0.1008255138
0.1040171667
0.1072314314
0.1104671035
0.1137230263
0.1169980899
0.1202912299
0.1236014258
0.1269277004
0.1302691177
0.1336247821
0.1369938365
0.1403754612
0.1437688725
0.147173321
0.1505880906
0.1540124968
0.1574458858
0.1608876328
0.1643371408
0.1677938398
0.1712571851
0.1747266563
0.1782017565
0.1816820109
0.1851669658
0.188656188
0.1921492634
0.1956457964
0.1991454087
0.2026477392
0.2061524422
0.2096591877
0.2131676599
0.2166775567
0.2201885895
0.223700482
0.2272129699
0.2307258003
0.2342387312
0.2377515309
0.2412639776
0.2447758589
0.2482869714
0.2517971202
0.2553061186
0.2588137877
0.262319956
0.2658244592
0.2693271397
0.2728278462
0.2763264339
0.2798227636
0.2833167018
0.2868081206
0.290296897
0.293782913
0.2972660552
0.3007462148
0.3042232873
0.3076971723
0.3111677733
0.3146349975
0.3180987559
0.3215589627
0.3250155356
0.3284683953
0.3319174658
0.3353626738
0.3388039487
0.3422412228
0.3456744307
0.3491035099
0.3525283997
0.3559490421
0.359365381
0.3627773626
0.366184935
0.3695880481
0.3729866538
0.3763807059
0.3797701596
0.383154972
0.3865351016
0.3899105086
0.3932811545
0.3966470023
0.4000080163
0.4033641622
0.4067154068
0.4100617183
0.4134030658
0.4167394199
0.4200707519
0.4233970344
0.4267182409
0.4300343459
0.4333453247
0.4366511539
0.4399518105
0.4432472725
0.4465375189
0.4498225293
0.4531022841
0.4563767643
0.459645952
0.4629098294
0.4661683799
0.4694215873
0.472669436
0.4759119109
0.4791489978
0.4823806828
0.4856069526
0.4888277945
0.4920431961
0.4952531457
0.498457632
0.5016566442
0.5048501718
0.5080382049
0.511220734
0.5143977499
0.5175692438
0.5207352075
0.5238956328
0.5270505123
0.5301998384
0.5333436044
0.5364818036
0.5396144296
0.5427414765
0.5458629385
0.5489788103
0.5520890866
0.5551937627
0.5582928338
0.5613862958
0.5644741445
0.5675563759
0.5706329867
0.5737039732
0.5767693325
0.5798290615
0.5828831575
0.585931618
0.5889744406
0.5920116233
0.595043164
0.5980690611
0.6010893129
0.604103918
0.6071128752
0.6101161833
0.6131138416
0.6161058492
0.6190922056
0.6220729101
0.6250479627
0.628017363
0.630981111
0.6339392068
0.6368916507
0.639838443
0.6427795842
0.6457150748
0.6486449155
0.6515691073
0.654487651
0.6574005477
0.6603077984
0.6632094046
0.6661053674
0.6689956884
0.6718803691
0.6747594112
0.6776328164
0.6805005864
0.6833627232
0.6862192289
0.6890701053
0.6919153548
0.6947549795
0.6975889818
0.700417364
0.7032401286
0.706057278
0.708868815
0.7116747421
0.7144750621
0.7172697778
0.720058892
0.7228424076
0.7256203278
0.7283926553
0.7311593935
0.7339205453
0.7366761141
0.7394261031
0.7421705156
0.7449093549
0.7476426245
0.7503703279
0.7530924685
0.7558090499
0.7585200757
0.7612255496
0.7639254753
0.7666198564
0.7693086968
0.7719920003
0.7746697707
0.777342012
0.780008728
0.7826699228
0.7853256003
0.7879757646
0.7906204198
0.79325957
0.7958932193
0.798521372
0.8011440321
0.8037612041
0.806372892
0.8089791003
0.8115798333
0.8141750953
0.8167648908
0.8193492241
0.8219280996
0.824501522
0.8270694955
0.8296320248
0.8321891145
0.834740769
0.837286993
0.839827791
0.8423631678
0.844893128
0.8474176762
0.8499368171
0.8524505556
0.8549588963
0.8574618439
0.8599594033
0.8624515793
0.8649383767
0.8674198003
0.8698958549
0.8723665455
0.8748318769
0.8772918541
0.8797464819
0.8821957653
0.8846397092
0.8870783186
0.8895115986
0.891939554
0.8943621899
0.8967795113
0.8991915233
0.9015982308
0.9039996391
0.9063957531
0.9087865779
0.9111721186
0.9135523804
0.9159273684
0.9182970876
0.9206615433
0.9230207406
0.9253746847
0.9277233807
0.9300668339
0.9324050494
0.9347380324
0.9370657882
0.939388322
0.9417056389
0.9440177444
0.9463246435
0.9486263416
0.9509228439
0.9532141558
0.9555002824
0.9577812291
0.9600570012
0.962327604
0.9645930428
0.9668533229
0.9691084496
0.9713584283
0.9736032644
0.975842963
0.9780775297
0.9803069698
0.9825312886
0.9847504914
0.9869645838
0.989173571
0.9913774584
0.9935762514
0.9957699554
0.9979585759
1.000142118
1.002320588
1.00449399
1.00666233
1.008825613
1.010983846
1.013137033
1.015285179
1.017428291
1.019566373
1.021699432
1.023827471
1.025950498
1.028068517
1.030181535
1.032289555
1.034392584
1.036490627
1.03858369
1.040671779
1.042754897
1.044833052
1.046906249
1.048974492
1.051037788
1.053096142
1.05514956
1.057198046
1.059241607
1.061280248
1.063313974
1.065342791
1.067366705
1.06938572
1.071399843
1.073409079
1.075413433
1.077412911
1.079407518
1.08139726
1.083382143
1.085362171
1.087337351
1.089307687
1.091273186
1.093233853
1.095189693
1.097140712
1.099086915
1.101028308
1.102964897
1.104896686
1.106823682
1.108745889
1.110663314
1.112575962
1.114483838
1.116386948
1.118285298
1.120178892
1.122067737
1.123951837
1.125831199
1.127705828
1.129575729
1.131440908
1.13330137
1.135157122
1.137008167
1.138854513
1.140696163
1.142533125
1.144365403
1.146193003
1.14801593
1.14983419
1.151647788
1.15345673
1.155261021
1.157060667
1.158855673
1.160646045
1.162431788
1.164212908
1.16598941
1.167761299
1.169528582
1.171291263
1.173049348
1.174802843
1.176551752
1.178296083
1.180035839
1.181771026
1.183501651
1.185227717
1.186949232
1.188666199
1.190378625
1.192086516
1.193789876
1.195488711
1.197183027
1.198872828
1.200558121
1.20223891
1.203915202
1.205587002
1.207254315
1.208917146
1.210575501
1.212229386
1.213878806
1.215523766
1.217164271
1.218800328
1.220431941
1.222059116
1.223681859
1.225300174
1.226914068
1.228523545
1.230128611
1.231729272
1.233325532
1.234917398
1.236504874
1.238087967
1.23966668
1.241241021
1.242810993
1.244376604
1.245937857
1.247494758
1.249047313
1.250595527
1.252139406
1.253678954
1.255214178
1.256745082
1.258271672
1.259793953
1.261311931
1.262825611
1.264334998
1.265840098
1.267340915
1.268837456
1.270329726
1.27181773
1.273301473
1.274780961
1.276256198
1.277727192
1.279193945
1.280656465
1.282114756
1.283568823
1.285018673
1.286464309
1.287905739
1.289342965
1.290775996
1.292204834
1.293629486
1.295049957
1.296466253
1.297878378
1.299286337
1.300690137
1.302089783
1.303485279
1.304876631
1.306263844
1.307646923
1.309025874
1.310400703
1.311771413
1.313138011
1.314500502
1.31585889
1.317213182
1.318563382
1.319909496
1.321251529
1.322589486
1.323923372
1.325253193
1.326578954
1.327900659
1.329218315
1.330531926
1.331841498
1.333147036
1.334448545
1.33574603
1.337039497
1.33832895
1.339614395
1.340895836
1.34217328
1.343446732
1.344716196
1.345981677
1.347243182
1.348500714
1.34975428
1.351003884
1.352249531
1.353491227
1.354728977
1.355962786
1.357192658
1.3584186
1.359640617
1.360858712
1.362072893
1.363283163
1.364489528
1.365691992
1.366890562
1.368085242
1.369276038
1.370462953
1.371645994
1.372825166
1.374000473
1.375171921
1.376339515
1.37750326
1.378663161
1.379819223
1.380971451
1.38211985
1.383264426
1.384405182
1.385542126
1.38667526
1.387804592
1.388930124
1.390051864
1.391169814
1.392283982
1.393394371
1.394500987
1.395603835
1.39670292
1.397798246
1.398889819
1.399977644
1.401061726
1.402142069
1.40321868
1.404291562
1.405360721
1.406426162
1.40748789
1.40854591
1.409600226
1.410650844
1.411697769
1.412741005
1.413780558
1.414816433
1.415848635
1.416877167
1.417902037
1.418923248
1.419940805
1.420954713
1.421964978
1.422971604
1.423974596
1.42497396
1.425969699
1.426961819
1.427950325
1.428935221
1.429916513
1.430894206
1.431868304
1.432838813
1.433805737
1.434769081
1.435728849
1.436685048
1.437637682
1.438586755
1.439532273
1.44047424
1.441412661
1.442347542
1.443278886
1.444206699
1.445130986
1.446051752
1.446969001
1.447882738
1.448792968
1.449699696
1.450602926
1.451502664
1.452398915
1.453291683
1.454180972
1.455066789
1.455949137
1.456828021
1.457703447
1.458575419
1.459443941
1.460309019
1.461170657
1.462028861
1.462883634
1.463734982
1.46458291
1.465427421
1.466268522
1.467106216
1.467940509
1.468771405
1.469598909
1.470423026
1.471243761
1.472061117
1.472875101
1.473685716
1.474492967
1.47529686
1.476097398
1.476894587
1.477688431
1.478478935
1.479266104
1.480049942
1.480830454
1.481607645
1.482381519
1.483152081
1.483919337
1.484683289
1.485443944
1.486201305
1.486955378
1.487706167
1.488453677
1.489197912
1.489938877
1.490676577
1.491411016
1.492142199
1.492870131
1.493594816
1.494316259
1.495034464
1.495749437
1.496461181
1.497169702
1.497875003
1.49857709
1.499275967
1.499971639
1.50066411
1.501353385
1.502039468
1.502722365
1.503402079
1.504078615
1.504751978
1.505422173
1.506089203
1.506753074
1.507413789
1.508071355
1.508725774
1.509377052
1.510025193
1.510670202
1.511312083
1.511950841
1.51258648
1.513219005
1.51384842
1.51447473
1.515097939
1.515718052
1.516335073
1.516949007
1.517559859
1.518167632
1.518772332
1.519373962
1.519972527
1.520568032
1.521160482
1.52174988
1.522336231
1.522919539
1.52349981
1.524077047
1.524651255
1.525222438
1.525790601
1.526355748
1.526917884
1.527477013
1.528033139
1.528586267
1.529136402
1.529683547
1.530227707
1.530768887
1.531307091
1.531842324
1.532374589
1.532903891
1.533430235
1.533953624
1.534474064
1.534991559
1.535506112
1.536017729
1.536526414
1.537032171
1.537535005
1.538034919
1.538531918
1.539026007
1.53951719
1.540005472
1.540490856
1.540973346
1.541452948
1.541929666
1.542403503
1.542874465
1.543342555
1.543807779
1.544270139
1.544729641
1.545186288
1.545640086
1.546091038
1.546539149
1.546984423
1.547426864
1.547866476
1.548303265
1.548737233
1.549168386
1.549596727
1.550022262
1.550444993
1.550864926
1.551282065
1.551696414
1.552107977
1.552516758
1.552922762
1.553325993
1.553726455
1.554124153
1.55451909
1.554911271
1.5553007
1.555687381
1.556071319
1.556452517
1.556830981
1.557206713
1.557579719
1.557950003
1.558317568
1.558682419
1.559044561
1.559403996
1.55976073
1.560114767
1.56046611
1.560814765
1.561160735
1.561504024
1.561844637
1.562182577
1.562517849
1.562850457
1.563180406
1.563507698
1.563832339
1.564154333
1.564473684
1.564790395
1.565104471
1.565415917
1.565724736
1.566030933
1.566334511
1.566635475
1.566933828
1.567229576
1.567522722
1.56781327
1.568101225
1.568386591
1.568669371
1.56894957
1.569227192
1.569502242
1.569774723
1.570044639
1.570311996
1.570576796
1.570839044
1.571098745
1.571355902
1.571610521
1.571862604
1.572112156
1.572359183
1.572603687
1.572845673
1.573085146
1.57332211
1.57355657
1.57378853
1.574017994
1.574244967
1.574469454
1.57469146
1.574910989
1.575128046
1.575342636
1.575554764
1.575764436
1.575971657
1.576176433
1.576378768
1.57657867
1.576776145
1.576971198
1.577163838
1.577354072
1.577541907
1.577727354
1.57791042
1.578091117
1.578269457
1.578445453
1.578619122
1.578790481
1.578959552
1.579126363
1.579290946
1.579453343
1.579613607
1.579771811
1.579928048
1.580082443
1.580235161
1.5803864
1.580536363
1.580685133
1.580832365
1.580976405
1.581112732
1.581232024
1.581321155
1.581372819
1.581396458
1.581407388
1.581413825
1.581417454
1.581417904
1.581417466
1.581416422
1.581413334
1.581405976
1.581391281
1.581369721
1.581354502
1.581350667
1.581350086
1.581350176
1.581350304
1.581349838
1.581347905
1.581342956
1.581333314
1.581319502
1.58130769
1.581304028
1.581304751
1.581306127
1.581308116
1.581310257
1.581311311
1.581309419
1.581308793
1.58130834
1.581307223
1.581305966
1.581306371
1.581306058
1.581305912
1.581306439
1.581307287
1.581307887
1.581308383
1.581308572
1.581308599
1.581308614
1.58130874
1.581309121
1.581309749
1.581310178
1.581310188
1.581310282
1.581310444
1.58131074
1.581311268
1.581311967
1.581312356
1.581312352
1.581312462
1.581312698
1.581313107
1.581313708
1.58131428
1.58131426
1.581313984
1.581313772
1.581313771
1.581314114
1.581314699
1.581315194
1.581315447
1.581315451
1.581315407
1.581315471
1.581315725
1.581315949
1.581315753
1.581315806
1.581316066
1.581316535
1.58131719
1.581317804
1.581317997
1.581317857
1.581317717
1.581317703
1.581317944
1.58131839
1.581318884
1.581319036
1.581319034
1.581319012
1.581319028
1.581319136
1.58131931
1.581319359
1.581319366
1.581319422
1.581319545
1.581319763
1.581320053
1.581320213
1.581319957
1.581319729
1.581319479
1.581319264
1.581319182
1.581319266
1.581319507
1.581319889
1.581320334
1.581320715
1.581320941
1.581321016
1.581320999
1.58132095
1.581320904
1.581320872
1.581320851
1.581320838
1.581320829
1.581320819
1.58132079
1.581320716
1.581320624
1.581320562
1.581320575
1.581320691
1.581320819
1.58132085
1.581320842
1.581320821
1.581320829
1.581320928
1.581321091
1.581321089
1.581320986
1.581320901
1.581320831
1.581320795
1.581320843
1.581320988
1.581321207
1.58132144
1.581321567
1.581321557
1.581321486
1.581321383
1.581321271
1.581321183
1.581321134
1.58132112
1.581321112
1.58132104
1.581320911
1.581320812
1.581320756
1.581320749
1.581320792
1.58132087
1.581320917
1.581320869
1.581320785
1.581320691
1.581320625
1.581320616
1.581320668
1.581320735
1.581320667
1.581320576
1.581320519
1.581320476
1.581320451
1.581320459
1.581320509
1.581320605
1.581320669
1.581320593
1.581320464
1.58132032
1.581320165
1.581320048
1.581319923
1.58131985
1.581319872
1.581319953
1.581319963
1.581319894
1.581319812
1.581319728
1.58131966
1.581319606
1.581319554
1.581319505
1.58131946
1.581319414
1.581319366
1.581319317
1.581319266
1.581319225
1.581319207
1.581319212
1.581319208
1.581319133
1.581319063
1.581318966
1.581318863
1.581318785
1.581318734
1.581318772
1.58131882
1.581318705
1.581318576
1.581318414
1.581318256
1.581318151
1.581318039
1.581317976
1.581317993
1.581317968
1.581317855
1.581317759
1.581317672
1.581317583
1.58131753
1.581317541
1.581317561
1.581317513
1.581317402
1.581317272
1.581317151
1.581317032
1.581316962
1.581316963
1.581316973
1.581316882
1.581316746
1.581316597
1.581316446
1.581316338
1.581316214
1.581316135
1.581316121
1.581316096
1.581316006
1.581315892
1.581315773
1.58131566
1.581315562
1.581315478
1.581315397
1.58131532
1.581315261
1.581315231
1.581315213
1.58131515
1.581315052
1.58131494
1.581314815
1.581314704
1.581314638
1.581314548
1.581314428
1.581314259
1.581314135
1.581314017
1.581313919
1.58131383
1.581313719
1.581313608
1.581313476
1.581313339
1.581313229
1.58131314
1.581313068
1.581312943
1.581312811
1.581312712
1.581312613
1.58131255
1.581312478
1.581312382
1.581312192
1.58131205
1.581311938
1.581311868
1.581311789
1.581311674
1.581311553
1.581311429
1.581311291
1.581311154
1.581311028
1.581310901
1.581310768
1.581310627
1.581310487
1.581310355
1.581310235
1.581310102
1.581309975
1.581309856
1.581309747
1.581309619
1.581309477
1.581309339
1.581309203
1.581309065
1.581308925
1.581308787
1.581308652
1.581308524
1.581308394
1.581308271
1.581308137
1.581307998
1.581307849
1.581307707
1.581307569
1.58130746
1.581307366
1.581307261
1.581307138
1.581307003
1.581306847
1.581306678
1.581306509
1.58130636
1.581306205
1.581306087
1.58130598
1.581305811
1.581305615
1.581305436
1.581305265
1.581305154
1.581305016
1.581304833
1.581304634
1.581304447
1.5813043
1.581304157
1.58130406
1.581303969
1.581303813
1.581303628
1.581303442
1.581303283
1.581303136
1.581302992
1.581302817
1.581302622
1.581302418
1.581302248
1.581302076
1.581301963
1.581301904
1.581301767
1.5813016
1.581301421
1.581301217
1.581301011
1.581300812
1.581300616
1.581300412
1.581300234
1.581300064
1.58129988
1.581299691
1.581299506
1.581299351
1.581299184
1.581298958
1.581298716
1.581298472
1.581298285
1.581298091
1.581297934
1.581297796
1.581297619
1.581297392
1.58129718
1.581296965
1.581296757
1.581296559
1.581296414
1.581296279
1.581296094
1.581295872
1.581295638
1.581295469
1.581295284
1.581295145
1.581295026
1.581294841
1.581294557
1.581294325
1.581294096
1.581293912
1.581293764
1.581293573
1.581293346
1.58129311
1.581292889
1.581292669
1.581292474
1.581292269
1.581292039
1.581291799
1.581291544
1.581291286
1.581291025
1.581290771
1.581290581
1.581290401
1.581290175
1.581289831
1.581289556
1.581289297
1.581289047
1.581288868
1.581288723
1.581288493
1.581288246
1.581287999
1.581287744
1.581287498
1.581287258
1.581287013
1.581286772
1.581286548
1.581286321
1.581286102
1.581285867
1.581285613
1.581285328
1.58128504
1.581284765
1.581284495
1.581284218
1.581283942
1.581283686
1.58128352
1.581283349
1.581283036
1.581282716
1.581282434
1.581282112
1.581281854
1.581281665
1.581281436
1.581281171
1.581280858
1.581280538
1.581280233
1.581279936
1.581279697
1.581279451
1.581279139
1.581278811
1.581278495
1.581278194
1.58127794
1.581277651
1.581277329
1.581277003
1.581276678
1.581276369
1.581276098
1.581275797
1.581275459
1.581275113
1.581274773
1.581274434
1.581274175
1.581273912
1.581273582
1.581273238
1.581272885
1.581272548
1.58127224
1.581271941
1.581271633
1.581271323
1.581270992
1.581270657
1.581270326
1.581270014
1.581269696
1.581269399
1.581269067
1.581268695
1.581268307
1.581267954
1.581267582
1.581267196
1.581266804
1.581266441
1.581266125
1.581265804
1.581265443
1.581265046
1.581264618
1.581264255
1.581263868
1.581263481
1.581263099
1.581262715
1.581262334
1.581261954
1.581261566
1.581261177
1.58126079
1.581260397
1.581259993
1.581259578
1.581259177
1.58125877
1.581258357
1.58125795
1.581257547
1.581257141
1.581256731
1.581256318
1.581255885
1.581255446
1.581255019
1.581254595
1.581254166
1.581253718
1.581253269
1.581252814
1.581252354
1.581251892
1.581251431
1.581250969
1.581250506
1.58125003
1.581249556
1.58124908
1.581248601
1.581248122
1.581247659
1.581247177
1.581246677
1.581246156
1.581245636
1.58124512
1.581244617
1.581244121
1.581243625
1.581243126
1.581242621
1.581242116
1.581241599
1.581241076
1.581240547
1.581240009
1.581239465
1.581238872
1.5812383
1.581237754
1.581237194
1.581236617
1.581236002
1.581235397
1.581234815
1.581234246
1.581233665
1.581233022
1.58123242
1.581231854
1.581231286
1.581230697
1.581230031
1.581229395
1.581228792
1.581228205
1.581227606
1.581226998
1.581226281
1.581225648
1.581225012
1.581224367
1.581223711
1.581223056
1.581222408
1.58122176
1.581221087
1.581220341
1.581219635
1.581218958
1.581218273
1.581217587
1.581216859
1.581216117
1.581215376
1.581214644
1.581213915
1.581213183
1.581212403
1.581211644
1.581210879
1.581210111
1.581209341
1.581208527
1.581207716
1.581206901
1.58120609
1.581205282
1.581204435
1.58120359
1.58120274
1.581201893
1.581201048
1.581200161
1.581199279
1.581198389
1.581197496
1.581196608
1.581195666
1.581194742
1.581193813
1.581192877
1.58119193
1.581190942
1.581189959
1.581188978
1.581187984
1.581186959
1.581185935
1.581184903
1.581183867
1.581182841
1.581181761
1.581180679
1.581179602
1.581178507
1.581177402
1.581176286
1.581175159
1.581174022
1.581172876
1.581171719
1.58117055
1.58116937
1.581168178
1.581166973
1.581165755
1.581164525
1.581163277
1.581162021
1.581160752
1.581159471
1.581158168
1.58115685
1.58115552
1.58115418
1.581152832
1.581151462
1.581150077
1.581148675
1.58114725
1.581145797
1.581144332
1.581142852
1.581141362
1.581139882
1.581138289
1.581136715
1.581135138
1.58113354
1.581131924
1.581130264
1.581128585
1.581126889
1.58112518
1.581123453
1.581121681
1.581119891
1.581118079
1.581116251
1.581114408
1.581112517
1.58111061
1.581108678
1.581106724
1.581104746
1.581102709
1.581100657
1.58109858
1.581096481
1.581094366
1.581092147
1.581089931
1.581087697
1.581085431
1.581083133
1.581080765
1.581078366
1.581075928
1.581073456
1.581070955
1.581068416
1.581065813
1.581063166
1.58106048
1.58105776
1.581055001
1.581052198
1.581049323
1.581046409
1.581043452
1.581040451
1.581037411
1.581034303
1.581031157
1.581027961
1.581024712
1.581021418
1.581018064
1.581014649
1.581011174
1.581007632
1.58100403
1.581000364
1.58099663
1.580992809
1.580988896
1.580984898
1.580980804
1.580976589
1.580972214
1.58096769
1.580962982
1.580958049
1.58095285
1.580947264
1.580941224
1.580934621
1.580927282
1.58091899
1.580909505
1.580898474
1.580885467
1.580869919
1.580851145
1.580828285
1.580800258
1.580765712
1.580722966
1.580669954
1.580604179
1.580522597
1.580421514
1.58029648
1.58014219
1.579952338
1.579719469
1.579434822
1.579088177
1.578667677
1.578159667
1.577548517
1.576816465
1.575943462
1.574907052
1.573682272
1.572241604
1.570554951
1.568589707
1.56631086
1.563681203
1.560661628
1.557211467
1.553289083
1.548852227
1.543859052
1.538268546
1.532041636
1.525141985
1.517537011
1.509198772
1.500105066
1.490240357
1.47959658
1.468173887
1.455981403
1.443037493
1.42937023
1.415017239
1.400025738
1.384451954
1.368360671
1.351824359
1.334922162
1.317738696
1.300362822
1.28288624
1.265402046
1.248003253
1.23078145
1.213825331
1.197219379
1.181042788
1.165368462
1.150261987
1.135781192
1.121975279
1.108884698
1.096540852
1.084966024
1.074173673
1.06416854
1.054947169
1.046498446
1.038804207
1.031840045
1.025576149
1.019977997
1.015007297
1.010622916
1.006781766
1.003439753
1.000552356
0.9980756868
0.9959667381
0.9941843147
0.9926892505
0.9914449129
0.9904173786
0.9895756587
0.9888917619
0.988340695
0.9879003963
0.9875516079
0.9872777056
0.9870644978
0.9869000036
0.9867742207
0.9866788912
0.9866072757
0.9865539361
0.9865145356
0.9864856544
0.986464627
0.9864494002
0.9864384105
0.9864304819
0.9864247408
0.9864205481
0.9864174479
0.9864151185
0.9864133333
0.986411931
0.9864107996
0.9864098598
0.9864090557
0.986408346
0.9864077042
0.986407125
0.9864066089
0.98640615
0.9864057456
0.9864053953
0.9864050958
0.9864048414
0.9864046262
0.986404444
0.986404291
0.9864041695
0.9864040817
0.986404027
0.9864040025
0.9864040036
0.9864040254
0.9864040709
0.986404129
0.986404204
0.9864042931
0.9864043922
0.986404501
0.9864046171
0.9864047383
0.9864048645
0.9864049961
0.9864051316
0.9864052696
0.9864054095
0.9864055523
0.9864056996
0.986405853
0.9864060116
0.9864061722
0.9864063298
0.9864064791
0.9864066224
0.9864067646
0.9864069098
0.9864070628
0.9864072241
0.9864073899
0.9864075561
0.9864077188
0.9864078741
0.9864080214
0.9864081659
0.9864083121
0.9864084672
0.9864086314
0.9864087991
0.9864089654
0.9864091271
0.9864092818
0.9864094309
0.9864095784
0.9864097276
0.986409882
0.986410042
0.9864102058
0.9864103708
0.9864105347
0.9864106963
0.9864108552
0.9864110129
0.9864111713
0.9864113326
0.9864114987
0.9864116702
0.9864118454
0.9864120216
0.986412195
0.9864123621
0.9864125224
0.9864126814
0.986412843
0.9864130155
0.9864132006
0.9864133931
0.9864135842
0.9864137697
0.9864139432
0.9864141078
0.9864142693
0.9864144386
0.9864146199
0.9864148105
0.9864150036
0.9864151954
0.9864153826
0.9864155626
0.9864157354
0.9864159053
0.9864160761
0.986416251
0.9864164303
0.9864166124
0.9864167949
0.9864169762
0.9864171557
0.9864173335
0.9864175103
0.9864176869
0.9864178639
0.9864180422
0.9864182223
0.9864184036
0.9864185846
0.9864187632
0.9864189371
0.9864191059
0.9864192717
0.9864194379
0.9864196092
0.9864197892
0.9864199758
0.9864201622
0.9864203427
0.9864205096
0.9864206676
0.9864208235
0.9864209837
0.9864211549
0.9864213369
0.9864215226
0.9864217068
0.9864218859
0.9864220567
0.9864222208
0.9864223831
0.9864225483
0.9864227195
0.9864228945
0.9864230697
0.9864232421
0.9864234103
0.9864235743
0.9864237356
0.9864238962
0.986424058
0.9864242235
0.9864243943
0.9864245704
0.9864247498
0.9864249287
0.9864251023
0.986425265
0.9864254178
0.9864255689
0.9864257199
0.9864258841
0.9864260632
0.9864262506
0.9864264346
0.9864266107
0.9864267691
0.9864269194
0.9864270679
0.9864272234
0.9864273908
0.9864275734
0.9864277573
0.9864279377
0.986428105
0.9864282573
0.9864284051
0.9864285491
0.9864286951
0.9864288583
0.9864290429
0.9864292253
0.9864294031
0.9864295705
0.9864297276
0.9864298806
0.9864300344
0.9864301929
0.9864303561
0.9864305216
0.9864306872
0.9864308511
0.9864310128
0.986431172
0.9864313296
0.9864314867
0.9864316447
0.9864318052
0.9864319694
0.9864321374
0.9864323077
0.986432477
0.9864326411
0.986432796
0.9864329411
0.986433087
0.9864332336
0.9864334016
0.9864335831
0.9864337643
0.9864339436
0.9864341142
0.986434273
0.9864344192
0.9864345647
0.9864347077
0.986434871
0.9864350579
0.986435246
0.9864354293
0.9864356011
0.9864357615
0.9864359155
0.9864360706
0.9864362323
0.9864364003
0.9864365726
0.9864367459
0.9864369171
0.9864370845
0.9864372475
0.9864374089
0.9864375703
0.9864377343
0.9864379033
0.9864380792
0.9864382609
0.9864384448
0.9864386271
0.9864388038
0.9864389712
0.98643913
0.9864392852
0.9864394381
0.9864395935
0.9864397747
0.9864399736
0.9864401714
0.9864403613
0.9864405349
0.9864406988
0.9864408484
0.9864410091
0.9864411798
0.9864413881
0.9864415881
0.9864417813
0.9864419581
0.9864421178
0.9864422621
0.986442416
0.986442576
0.9864427613
0.986442961
0.9864431639
0.9864433598
0.9864435407
0.9864437121
0.9864438799
0.9864440471
0.986444219
0.9864443971
0.9864445788
0.9864447616
0.9864449442
0.9864451266
0.9864453077
0.9864454849
0.9864456562
0.9864458188
0.9864459797
0.9864461362
0.9864463185
0.9864465205
0.9864467223
0.9864469131
0.9864470923
0.9864472552
0.9864474025
0.9864475559
0.9864477242
0.9864479393
0.9864481537
0.9864483504
0.9864485357
0.9864486992
0.9864488584
0.98644901
0.9864491646
0.9864493483
0.9864495505
0.9864497607
0.9864499576
0.9864501408
0.9864503079
0.986450469
0.9864506199
0.9864507782
0.9864509939
0.9864511954
0.9864513865
0.9864515666
0.9864517473
0.9864519346
0.9864521245
0.9864523087
0.9864524848
0.9864526574
0.9864528315
0.9864530195
0.9864532171
0.9864534113
0.9864535973
0.9864537742
0.9864539445
0.9864541136
0.9864542972
0.9864545019
0.9864547094
0.9864549154
0.9864551153
0.9864553075
0.9864554858
0.9864556564
0.986455812
0.9864559745
0.9864561724
0.9864563888
0.9864566116
0.9864568219
0.9864570077
0.9864571857
0.9864573412
0.986457507
0.9864576928
0.986457917
0.9864581503
0.9864583663
0.9864585668
0.9864587533
0.9864589308
0.9864591055
0.9864592798
0.986459468
0.9864596829
0.9864598984
0.986460111
0.9864603216
0.9864605274
0.9864607236
0.9864609109
0.9864610907
0.9864612567
0.986461434
0.9864616547
0.9864618825
0.9864621125
0.9864623333
0.9864625326
0.9864627177
0.9864628974
0.9864630687
0.9864632463
0.9864634816
0.986463711
0.9864639413
0.9864641649
0.9864643673
0.9864645569
0.9864647236
0.9864649071
0.9864650828
0.9864653451
0.9864655885
0.986465816
0.986466022
0.9864662191
0.9864664141
0.9864666096
0.9864668132
0.9864670257
0.9864672419
0.9864674581
0.9864676738
0.9864678896
0.9864681049
0.9864683182
0.9864685279
0.9864687337
0.9864689376
0.9864691435
0.9864693575
0.9864695848
0.9864698169
0.9864700457
0.986470265
0.9864704722
0.9864706704
0.9864708556
0.9864710464
0.986471262
0.9864715117
0.9864717736
0.9864720164
0.9864722239
0.9864724237
0.9864725972
0.9864727858
0.9864729719
0.9864732588
0.9864735248
0.9864737686
0.9864739898
0.9864741939
0.9864743952
0.9864745801
0.9864747738
0.986475035
0.986475287
0.9864755331
0.9864757575
0.9864759743
0.986476195
0.9864764267
0.9864766593
0.986476881
0.986477088
0.986477289
0.9864774958
0.9864777724
0.9864780386
0.9864782908
0.9864785127
0.9864787318
0.9864789108
0.9864791106
0.9864793186
0.9864796116
0.9864798876
0.9864801388
0.9864803811
0.9864806084
0.9864808247
0.9864810217
0.9864812303
0.9864814261
0.9864817386
0.986482019
0.9864822836
0.9864825169
0.9864827353
0.9864829558
0.986483182
0.986483428
0.986483683
0.9864839384
0.9864841904
0.9864844371
0.9864846783
0.9864849163
0.9864851548
0.9864853974
0.986485645
0.9864858939
0.9864861413
0.9864863903
0.9864866473
0.9864869164
0.986487186
0.986487444
0.9864876806
0.9864879172
0.9864881293
0.9864883548
0.9864886773
0.9864889613
0.9864892355
0.9864894988
0.9864897528
0.9864899984
0.9864902315
0.9864904583
0.986490697
0.9864910239
0.9864913367
0.9864916225
0.9864918774
0.9864921224
0.9864923617
0.9864925903
0.9864928272
0.9864931375
0.9864934419
0.9864937375
0.9864940062
0.9864942659
0.98649453
0.9864947986
0.9864950598
0.9864953166
0.9864955748
0.9864958733
0.9864961759
0.9864964664
0.9864967461
0.9864970249
0.9864973084
0.9864975875
0.986497849
0.9864981028
0.9864983506
0.9864986503
0.9864989739
0.9864992873
0.9864995731
0.9864998494
0.9865001268
0.9865003941
0.986500659
0.9865009181
0.9865012455
0.9865015906
0.9865019035
0.9865021929
0.9865024724
0.9865027411
0.9865030196
0.9865032855
0.9865036133
0.9865039431
0.9865042677
0.9865045861
0.9865048766
0.9865051591
0.9865054236
0.9865056878
0.9865060449
0.9865063754
0.9865066827
0.9865070087
0.9865073389
0.9865076463
0.9865079334
0.9865082086
0.986508488
0.9865088647
0.9865092141
0.9865095199
0.9865098001
0.9865101498
0.9865105008
0.9865108161
0.9865111114
0.986511391
0.9865117243
0.9865120321
0.986512327
0.9865126225
0.9865130213
0.9865134338
0.9865137458
0.9865139942
0.9865142559
0.9865145627
0.9865149829
0.9865153205
0.986515611
0.9865159382
0.986516378
0.9865167636
0.9865170847
0.9865172642
0.9865175265
0.9865180876
0.9865185743
0.9865187108
0.9865187613
0.9865190828
0.9865194956
0.986519419
0.9865182222
0.9865165328
0.9865140056
0.986507575
0.9864930143
0.9864597419
0.9863846036
0.9862180197
0.9858493238
0.9850318114
0.9832230598
0.9792292997
0.9704384831
0.9512317105
0.9099615671
0.8244380782
0.6612222551
0.4027514564
0.1447548074
0.0282095127
0.003555934096
0.0003669232668
3.574677339e-05
3.467060999e-06
3.375177645e-07
3.291558037e-08
3.21139082e-09
3.133340809e-10
3.057137876e-11
2.982780689e-12
2.909894548e-13
2.836619828e-14
2.609024108e-15
-1.110223025e-16
-1.665334537e-16
5.551115123e-17
-5.551115123e-17
-5.551115123e-17
1.110223025e-16
5.551115123e-17
-5.551115123e-17
5.551115123e-17
-1.665334537e-16
-1.110223025e-16
2.775557562e-16
1.665334537e-16
0
-5.551115123e-17
-2.220446049e-16
-3.885780586e-16
-1.110223025e-16
0
-2.220446049e-16
-4.996003611e-16
-3.330669074e-16
-6.106226635e-16
-3.885780586e-16
-1.665334537e-16
-5.551115123e-17
-1.665334537e-16
-1.665334537e-16
-3.330669074e-16
-2.775557562e-16
5.551115123e-17
-1.110223025e-16
0
5.551115123e-17
3.330669074e-16
1.665334537e-16
1.110223025e-16
3.330669074e-16
1.665334537e-16
1.665334537e-16
2.775557562e-16
5.551115123e-16
3.330669074e-16
4.440892099e-16
1.110223025e-16
-5.551115123e-17
1.665334537e-16
1.110223025e-16
3.330669074e-16
2.775557562e-16
1.110223025e-16
-5.551115123e-17
2.220446049e-16
3.330669074e-16
2.775557562e-16
-5.551115123e-17
-5.551115123e-17
-5.551115123e-17
0
-2.775557562e-16
-1.110223025e-16
0
-1.665334537e-16
0
2.775557562e-16
-5.551115123e-17
0
-1.110223025e-16
-1.110223025e-16
1.110223025e-16
2.220446049e-16
-1.110223025e-16
1.110223025e-16
2.220446049e-16
1.665334537e-16
2.220446049e-16
1.665334537e-16
2.775557562e-16
5.551115123e-16
6.661338148e-16
5.551115123e-16
5.551115123e-16
5.551115123e-17
-1.665334537e-16
0
-1.665334537e-16
5.551115123e-17
1.665334537e-16
1.665334537e-16
-1.110223025e-16
-5.551115123e-17
1.110223025e-16
2.775557562e-16
3.330669074e-16
3.330669074e-16
3.330669074e-16
3.330669074e-16
5.551115123e-16
4.440892099e-16
3.885780586e-16
2.775557562e-16
2.775557562e-16
5.551115123e-17
-1.110223025e-16
2.775557562e-16
0
0
0
-1.110223025e-16
5.551115123e-17
5.551115123e-17
-2.220446049e-16
-3.330669074e-16
-1.665334537e-16
-2.775557562e-16
-5.551115123e-17
-1.665334537e-16
0
3.330669074e-16
1.110223025e-16
-2.220446049e-16
-1.665334537e-16
-2.775557562e-16
-5.551115123e-16
-4.440892099e-16
0
-1.110223025e-16
1.110223025e-16
1.110223025e-16
2.775557562e-16
5.551115123e-16
1.665334537e-16
1.665334537e-16
4.996003611e-16
2.220446049e-16
0
4.440892099e-16
3.885780586e-16
3.885780586e-16
3.885780586e-16
-5.551115123e-17
-1.110223025e-16
-5.551115123e-17
-1.110223025e-16
-1.110223025e-16
-1.665334537e-16
-5.551115123e-17
-5.551115123e-17
-1.665334537e-16
-2.220446049e-16
0
-1.110223025e-16
0
-1.110223025e-16
-1.665334537e-16
-3.885780586e-16
-1.665334537e-16
-2.220446049e-16
-1.110223025e-16
-2.220446049e-16
5.551115123e-17
5.551115123e-17
1.110223025e-16
-5.551115123e-17
2.220446049e-16
4.996003611e-16
5.551115123e-17
5.551115123e-17
-5.551115123e-17
-1.110223025e-16
-2.220446049e-16
5.551115123e-17
0
-5.551115123e-17
0
-5.551115123e-17
-5.551115123e-17
2.220446049e-16
1.665334537e-16
-2.220446049e-16
-1.110223025e-16
-2.775557562e-16
-1.110223025e-16
1.110223025e-16
5.551115123e-17
1.665334537e-16
1.665334537e-16
1.110223025e-16
1.110223025e-16
-1.110223025e-16
-2.775557562e-16
-2.775557562e-16
-3.330669074e-16
1.110223025e-16
-5.551115123e-17
2.220446049e-16
1.110223025e-16
-5.551115123e-17
-1.110223025e-16
-1.110223025e-16
-3.330669074e-16
-1.665334537e-16
-3.885780586e-16
-3.330669074e-16
-1.665334537e-16
2.220446049e-16
4.996003611e-16
4.440892099e-16
3.330669074e-16
2.775557562e-16
3.885780586e-16
3.885780586e-16
3.330669074e-16
4.440892099e-16
4.996003611e-16
4.440892099e-16
2.220446049e-16
3.885780586e-16
7.771561172e-16
6.661338148e-16
6.106226635e-16
5.551115123e-16
6.661338148e-16
5.551115123e-16
3.885780586e-16
2.220446049e-16
1.665334537e-16
2.220446049e-16
1.110223025e-16
3.330669074e-16
3.885780586e-16
1.665334537e-16
1.110223025e-16
2.220446049e-16
3.885780586e-16
2.220446049e-16
1.110223025e-16
2.775557562e-16
2.775557562e-16
1.110223025e-16
3.330669074e-16
3.330669074e-16
1.665334537e-16
1.665334537e-16
-5.551115123e-17
1.665334537e-16
1.110223025e-16
-2.775557562e-16
1.110223025e-16
-1.110223025e-16
-5.551115123e-17
-1.110223025e-16
-5.551115123e-17
3.885780586e-16
4.440892099e-16
6.661338148e-16
5.551115123e-16
2.775557562e-16
3.885780586e-16
3.330669074e-16
4.440892099e-16
5.551115123e-16
2.775557562e-16
3.330669074e-16
4.440892099e-16
4.996003611e-16
4.440892099e-16
3.885780586e-16
3.330669074e-16
1.110223025e-16
2.220446049e-16
1.665334537e-16
3.330669074e-16
2.220446049e-16
5.551115123e-16
5.551115123e-16
3.885780586e-16
3.885780586e-16
3.330669074e-16
1.110223025e-16
2.220446049e-16
5.551115123e-17
5.551115123e-17
-1.665334537e-16
1.110223025e-16
0
-3.330669074e-16
-2.220446049e-16
-3.885780586e-16
-3.885780586e-16
-1.110223025e-16
1.110223025e-16
-5.551115123e-17
5.551115123e-17
0
1.110223025e-16
5.551115123e-17
3.330669074e-16
1.110223025e-16
5.551115123e-17
-1.110223025e-16
-3.330669074e-16
-2.220446049e-16
-1.110223025e-16
-2.775557562e-16
-1.110223025e-16
1.665334537e-16
3.885780586e-16
-5.551115123e-17
0
-1.110223025e-16
-1.665334537e-16
-2.220446049e-16
-3.885780586e-16
-1.110223025e-16
-5.551115123e-17
2.220446049e-16
3.885780586e-16
2.220446049e-16
2.775557562e-16
1.665334537e-16
1.110223025e-16
0
5.551115123e-17
2.220446049e-16
2.775557562e-16
1.110223025e-16
3.885780586e-16
2.220446049e-16
1.110223025e-16
-1.110223025e-16
-3.330669074e-16
-1.665334537e-16
-2.775557562e-16
-1.665334537e-16
1.110223025e-16
3.330669074e-16
0
0
1.110223025e-16
2.775557562e-16
3.885780586e-16
1.665334537e-16
3.330669074e-16
1.110223025e-16
2.220446049e-16
1.110223025e-16
2.220446049e-16
1.110223025e-16
5.551115123e-17
1.110223025e-16
2.220446049e-16
2.775557562e-16
2.220446049e-16
4.440892099e-16
2.775557562e-16
1.110223025e-16
1.665334537e-16
-5.551115123e-17
-2.220446049e-16
-1.110223025e-16
-5.551115123e-17
-1.110223025e-16
-2.220446049e-16
-2.775557562e-16
-1.110223025e-16
-1.665334537e-16
-2.775557562e-16
5.551115123e-17
-1.110223025e-16
-1.665334537e-16
-2.220446049e-16
-2.775557562e-16
-3.330669074e-16
-1.110223025e-16
5.551115123e-17
2.775557562e-16
3.330669074e-16
2.220446049e-16
1.665334537e-16
-5.551115123e-17
-1.110223025e-16
-1.665334537e-16
-1.110223025e-16
-2.220446049e-16
-3.330669074e-16
-3.330669074e-16
-4.440892099e-16
-3.330669074e-16
-1.665334537e-16
-2.220446049e-16
-1.110223025e-16
2.220446049e-16
3.330669074e-16
3.330669074e-16
1.110223025e-16
2.220446049e-16
2.775557562e-16
4.996003611e-16
2.220446049e-16
1.110223025e-16
-3.330669074e-16
-5.551115123e-17
-2.775557562e-16
-3.330669074e-16
-1.665334537e-16
1.665334537e-16
1.110223025e-16
-1.665334537e-16
1.110223025e-16
1.665334537e-16
2.220446049e-16
2.220446049e-16
2.775557562e-16
2.775557562e-16
3.330669074e-16
2.775557562e-16
1.665334537e-16
-1.110223025e-16
0
5.551115123e-17
0
-2.220446049e-16
-1.110223025e-16
-5.551115123e-17
1.110223025e-16
1.665334537e-16
3.330669074e-16
2.775557562e-16
0
-5.551115123e-17
-5.551115123e-17
5.551115123e-17
1.665334537e-16
4.440892099e-16
2.775557562e-16
3.330669074e-16
0
2.220446049e-16
4.440892099e-16
4.996003611e-16
6.661338148e-16
4.440892099e-16
3.330669074e-16
4.440892099e-16
3.885780586e-16
2.775557562e-16
4.440892099e-16
0
0
2.775557562e-16
2.220446049e-16
5.551115123e-17
1.110223025e-16
1.110223025e-16
3.330669074e-16
2.775557562e-16
2.220446049e-16
2.220446049e-16
2.220446049e-16
1.665334537e-16
5.551115123e-17
3.330669074e-16
5.551115123e-17
-2.220446049e-16
-1.665334537e-16
-2.220446049e-16
-3.330669074e-16
0
-5.551115123e-17
5.551115123e-17
1.110223025e-16
5.551115123e-17
0
5.551115123e-17
-5.551115123e-17
2.220446049e-16
3.885780586e-16
3.885780586e-16
3.330669074e-16
1.665334537e-16
1.110223025e-16
1.110223025e-16
2.775557562e-16
3.330669074e-16
2.220446049e-16
2.220446049e-16
2.220446049e-16
0
-2.220446049e-16
0
0
-1.110223025e-16
-5.551115123e-17
1.110223025e-16
2.220446049e-16
3.885780586e-16
4.996003611e-16
2.220446049e-16
1.665334537e-16
0
-1.110223025e-16
1.665334537e-16
1.665334537e-16
0
2.775557562e-16
1.665334537e-16
3.330669074e-16
3.885780586e-16
2.775557562e-16
5.551115123e-17
2.775557562e-16
2.775557562e-16
4.996003611e-16
3.885780586e-16
1.110223025e-16
-1.665334537e-16
-2.220446049e-16
-5.551115123e-17
-1.110223025e-16
5.551115123e-17
2.220446049e-16
3.330669074e-16
1.665334537e-16
1.665334537e-16
3.885780586e-16
1.110223025e-16
5.551115123e-17
2.775557562e-16
4.440892099e-16
3.330669074e-16
3.330669074e-16
3.885780586e-16
4.996003611e-16
4.440892099e-16
2.775557562e-16
1.665334537e-16
5.551115123e-16
3.330669074e-16
0
1.110223025e-16
-5.551115123e-17
1.110223025e-16
1.665334537e-16
1.110223025e-16
1.110223025e-16
1.110223025e-16
2.220446049e-16
4.440892099e-16
3.330669074e-16
4.440892099e-16
6.106226635e-16
7.771561172e-16
5.551115123e-16
3.330669074e-16
2.775557562e-16
2.775557562e-16
4.440892099e-16
3.330669074e-16
2.775557562e-16
1.110223025e-16
0
-5.551115123e-17
-5.551115123e-17
5.551115123e-17
-1.110223025e-16
1.110223025e-16
2.775557562e-16
1.110223025e-16
2.775557562e-16
3.885780586e-16
3.330669074e-16
1.665334537e-16
-5.551115123e-17
-1.110223025e-16
-3.330669074e-16
-6.106226635e-16
-6.106226635e-16
-4.440892099e-16
-2.775557562e-16
-2.775557562e-16
-1.665334537e-16
-2.220446049e-16
-3.330669074e-16
-5.551115123e-17
-2.220446049e-16
)
;

boundaryField
{
    sides
    {
        type            calculated;
        value           uniform 0;
    }
    empty
    {
        type            empty;
        value           nonuniform 0();
    }
}


// ************************************************************************* //
