/*--------------------------------*- C++ -*----------------------------------*\
| =========                 |                                                 |
| \\      /  F ield         | OpenFOAM: The Open Source CFD Toolbox           |
|  \\    /   O peration     | Version:  v1812                                 |
|   \\  /    A nd           | Web:      www.OpenFOAM.com                      |
|    \\/     M anipulation  |                                                 |
\*---------------------------------------------------------------------------*/
FoamFile
{
    version     2.0;
    format      ascii;
    class       volScalarField;
    location    "0.2";
    object      rho;
}
// * * * * * * * * * * * * * * * * * * * * * * * * * * * * * * * * * * * * * //

dimensions      [1 -3 0 0 0 0 0];


internalField   nonuniform List<scalar> 
4000
(
0.9999989024
0.9999989024
0.9999989024
0.9999989024
0.9999989024
0.9999989024
0.9999989024
0.9999989024
0.9999989024
0.9999989024
0.9999989024
0.9999989024
0.9999989024
0.9999989024
0.9999989024
0.9999989024
0.9999989024
0.9999989024
0.9999989024
0.9999989024
0.9999989024
0.9999989024
0.9999989024
0.9999989024
0.9999989024
0.9999989024
0.9999989024
0.9999989024
0.9999989024
0.9999989024
0.9999989024
0.9999989024
0.9999989024
0.9999989024
0.9999989024
0.9999989024
0.9999989024
0.9999989024
0.9999989024
0.9999989024
0.9999989024
0.9999989024
0.9999989024
0.9999989024
0.9999989024
0.9999989024
0.9999989024
0.9999989024
0.9999989024
0.9999989024
0.9999989024
0.9999989024
0.9999989024
0.9999989024
0.9999989024
0.9999989024
0.9999989024
0.9999989024
0.9999989024
0.9999989024
0.9999989024
0.9999989024
0.9999989024
0.9999989024
0.9999989024
0.9999989024
0.9999989024
0.9999989024
0.9999989024
0.9999989024
0.9999989024
0.9999989024
0.9999989024
0.9999989024
0.9999989024
0.9999989024
0.9999989024
0.9999989024
0.9999989024
0.9999989024
0.9999989024
0.9999989024
0.9999989024
0.9999989024
0.9999989024
0.9999989024
0.9999989024
0.9999989024
0.9999989024
0.9999989024
0.9999989024
0.9999989024
0.9999989024
0.9999989024
0.9999989024
0.9999989024
0.9999989024
0.9999989024
0.9999989024
0.9999989024
0.9999989024
0.9999989024
0.9999989024
0.9999989024
0.9999989024
0.9999989024
0.9999989024
0.9999989024
0.9999989024
0.9999989024
0.9999989024
0.9999989024
0.9999989024
0.9999989024
0.9999989024
0.9999989024
0.9999989024
0.9999989024
0.9999989024
0.9999989024
0.9999989024
0.9999989024
0.9999989024
0.9999989024
0.9999989024
0.9999989024
0.9999989024
0.9999989024
0.9999989024
0.9999989024
0.9999989024
0.9999989024
0.9999989024
0.9999989024
0.9999989024
0.9999989024
0.9999989024
0.9999989024
0.9999989024
0.9999989024
0.9999989024
0.9999989024
0.9999989024
0.9999989024
0.9999989024
0.9999989024
0.9999989024
0.9999989024
0.9999989024
0.9999989024
0.9999989024
0.9999989024
0.9999989024
0.9999989024
0.9999989024
0.9999989024
0.9999989024
0.9999989024
0.9999989024
0.9999989024
0.9999989024
0.9999989024
0.9999989024
0.9999989024
0.9999989024
0.9999989024
0.9999989024
0.9999989024
0.9999989024
0.9999989024
0.9999989024
0.9999989024
0.9999989024
0.9999989024
0.9999989024
0.9999989024
0.9999989024
0.9999989024
0.9999989024
0.9999989024
0.9999989024
0.9999989024
0.9999989024
0.9999989024
0.9999989024
0.9999989024
0.9999989024
0.9999989024
0.9999989024
0.9999989024
0.9999989024
0.9999989024
0.9999989024
0.9999989024
0.9999989024
0.9999989024
0.9999989024
0.9999989024
0.9999989024
0.9999989024
0.9999989024
0.9999989024
0.9999989024
0.9999989024
0.9999989024
0.9999989024
0.9999989024
0.9999989024
0.9999989024
0.9999989024
0.9999989024
0.9999989024
0.9999989024
0.9999989024
0.9999989024
0.9999989024
0.9999989024
0.9999989024
0.9999989024
0.9999989024
0.9999989024
0.9999989024
0.9999989024
0.9999989024
0.9999989024
0.9999989024
0.9999989024
0.9999989024
0.9999989024
0.9999989024
0.9999989024
0.9999989024
0.9999989024
0.9999989024
0.9999989024
0.9999989024
0.9999989024
0.9999989024
0.9999989024
0.9999989024
0.9999989024
0.9999989024
0.9999989024
0.9999989024
0.9999989024
0.9999989024
0.9999989024
0.9999989024
0.9999989024
0.9999989024
0.9999989024
0.9999989024
0.9999989024
0.9999989024
0.9999989024
0.9999989024
0.9999989024
0.9999989024
0.9999989024
0.9999989024
0.9999989024
0.9999989024
0.9999989024
0.9999989024
0.9999989024
0.9999989024
0.9999989024
0.9999989024
0.9999989024
0.9999989024
0.9999989024
0.9999989024
0.9999989024
0.9999989024
0.9999989024
0.9999989024
0.9999989024
0.9999989024
0.9999989024
0.9999989024
0.9999989024
0.9999989024
0.9999989024
0.9999989024
0.9999989024
0.9999989024
0.9999989024
0.9999989024
0.9999989024
0.9999989024
0.9999989024
0.9999989024
0.9999989024
0.9999989024
0.9999989024
0.9999989024
0.9999989024
0.9999989024
0.9999989024
0.9999989024
0.9999989024
0.9999989024
0.9999989024
0.9999989024
0.9999989024
0.9999989024
0.9999989024
0.9999989024
0.9999989024
0.9999989024
0.9999989024
0.9999989024
0.9999989024
0.9999989024
0.9999989024
0.9999989024
0.9999989024
0.9999989024
0.9999989024
0.9999989024
0.9999989024
0.9999989024
0.9999989024
0.9999989024
0.9999989024
0.9999989024
0.9999989024
0.9999989024
0.9999989024
0.9999989024
0.9999989024
0.9999989024
0.9999989024
0.9999989024
0.9999989024
0.9999989024
0.9999989024
0.9999989024
0.9999989024
0.9999989024
0.9999989024
0.9999989024
0.9999989024
0.9999989024
0.9999989024
0.9999989024
0.9999989024
0.9999989024
0.9999989024
0.9999989024
0.9999989024
0.9999989024
0.9999989024
0.9999989024
0.9999989024
0.9999989024
0.9999989024
0.9999989024
0.9999989024
0.9999989024
0.9999989024
0.9999989024
0.9999989024
0.9999989024
0.9999989024
0.9999989024
0.9999989024
0.9999989024
0.9999989024
0.9999989024
0.9999989024
0.9999989024
0.9999989024
0.9999989024
0.9999989024
0.9999989024
0.9999989024
0.9999989024
0.9999989024
0.9999989024
0.9999989024
0.9999989024
0.9999989024
0.9999989024
0.9999989024
0.9999989024
0.9999989024
0.9999989024
0.9999989024
0.9999989024
0.9999989024
0.9999989024
0.9999989024
0.9999989024
0.9999989024
0.9999989024
0.9999989024
0.9999989024
0.9999989024
0.9999989024
0.9999989024
0.9999989024
0.9999989024
0.9999989024
0.9999989024
0.9999989024
0.9999989024
0.9999989024
0.9999989024
0.9999989024
0.9999989024
0.9999989024
0.9999989024
0.9999989024
0.9999989024
0.9999989024
0.9999989024
0.9999989024
0.9999989024
0.9999989024
0.9999989024
0.9999989024
0.9999989024
0.9999989024
0.9999989024
0.9999989024
0.9999989024
0.9999989024
0.9999989024
0.9999989024
0.9999989024
0.9999989024
0.9999989024
0.9999989024
0.9999989024
0.9999989024
0.9999989024
0.9999989024
0.9999989024
0.9999989024
0.9999989024
0.9999989024
0.9999989024
0.9999989024
0.9999989024
0.9999989024
0.9999989024
0.9999989024
0.9999989024
0.9999989024
0.9999989024
0.9999989024
0.9999989024
0.9999989024
0.9999989024
0.9999989024
0.9999989024
0.9999989024
0.9999989024
0.9999989024
0.9999989024
0.9999989024
0.9999989024
0.9999989024
0.9999989024
0.9999989024
0.9999989024
0.9999989024
0.9999989024
0.9999989024
0.9999989024
0.9999989024
0.9999989024
0.9999989024
0.9999989024
0.9999989024
0.9999989024
0.9999989024
0.9999989024
0.9999989024
0.9999989024
0.9999989024
0.9999989024
0.9999989024
0.9999989024
0.9999989024
0.9999989024
0.9999989024
0.9999989024
0.9999989024
0.9999989024
0.9999989024
0.9999989024
0.9999989024
0.9999989024
0.9999989024
0.9999989024
0.9999989024
0.9999989024
0.9999989024
0.9999989024
0.9999989024
0.9999989024
0.9999989024
0.9999989024
0.9999989024
0.9999989024
0.9999989024
0.9999989024
0.9999989024
0.9999989024
0.9999989024
0.9999989024
0.9999989024
0.9999989024
0.9999989024
0.9999989024
0.9999989024
0.9999989024
0.9999989024
0.9999989024
0.9999989024
0.9999989024
0.9999989024
0.9999989024
0.9999989024
0.9999989024
0.9999989024
0.9999989024
0.9999989024
0.9999989024
0.9999989024
0.9999989024
0.9999989024
0.9999989024
0.9999989024
0.9999989024
0.9999989024
0.9999989024
0.9999989024
0.9999989024
0.9999989024
0.9999989024
0.9999989024
0.9999989024
0.9999989024
0.9999989024
0.9999989024
0.9999989024
0.9999989024
0.9999989024
0.9999989024
0.9999989024
0.9999989024
0.9999989024
0.9999989024
0.9999989024
0.9999989024
0.9999989024
0.9999989024
0.9999989024
0.9999989024
0.9999989024
0.9999989024
0.9999989024
0.9999989024
0.9999989024
0.9999989024
0.9999989024
0.9999989024
0.9999989024
0.9999989024
0.9999989024
0.9999989024
0.9999989024
0.9999989024
0.9999989024
0.9999989024
0.9999989024
0.9999989024
0.9999989024
0.9999989024
0.9999989024
0.9999989024
0.9999989024
0.9999989024
0.9999989024
0.9999989024
0.9999989024
0.9999989024
0.9999989024
0.9999989024
0.9999989024
0.9999989024
0.9999989024
0.9999989024
0.9999989024
0.9999989024
0.9999989024
0.9999989024
0.9999989024
0.9999989024
0.9999989024
0.9999989024
0.9999989024
0.9999989024
0.9999989024
0.9999989024
0.9999989024
0.9999989024
0.9999989024
0.9999989024
0.9999989024
0.9999989024
0.9999989024
0.9999989024
0.9999989024
0.9999989024
0.9999989024
0.9999989024
0.9999989024
0.9999989024
0.9999989024
0.9999989024
0.9999989024
0.9999989024
0.9999989024
0.9999989024
0.9999989024
0.9999989024
0.9999989024
0.9999989024
0.9999989024
0.9999989024
0.9999989024
0.9999989024
0.9999989024
0.9999989024
0.9999989024
0.9999989024
0.9999989024
0.9999989024
0.9999989024
0.9999989024
0.9999989024
0.9999989024
0.9999989024
0.9999989024
0.9999989024
0.9999989024
0.9999989024
0.9999989024
0.9999989024
0.9999989024
0.9999989024
0.9999989024
0.9999989024
0.9999989024
0.9999989024
0.9999989024
0.9999989024
0.9999989024
0.9999989024
0.9999989024
0.9999989024
0.9999989024
0.9999989024
0.9999989024
0.9999989024
0.9999989024
0.9999989024
0.9999989024
0.9999989024
0.9999989024
0.9999989024
0.9999989024
0.9999989024
0.9999989024
0.9999989024
0.9999989024
0.9999989024
0.9999989024
0.9999989024
0.9999989024
0.9999989024
0.9999989024
0.9999989024
0.9999989024
0.9999989024
0.9999989024
0.9999989024
0.9999989024
0.9999989024
0.9999989024
0.9999989024
0.9999989024
0.9999989024
0.9999989024
0.9999989024
0.9999989024
0.9999989024
0.9999989024
0.9999989024
0.9999989024
0.9999989024
0.9999989024
0.9999989024
0.9999989024
0.9999989024
0.9999989024
0.9999989024
0.9999989024
0.9999989024
0.9999989024
0.9999989024
0.9999989024
0.9999989024
0.9999989024
0.9999989024
0.9999989024
0.9999989024
0.9999989024
0.9999989024
0.9999989024
0.9999989024
0.9999989024
0.9999989024
0.9999989024
0.9999989024
0.9999989024
0.9999989024
0.9999989024
0.9999989024
0.9999989024
0.9999989024
0.9999989024
0.9999989024
0.9999989024
0.9999989024
0.9999989024
0.9999989024
0.9999989024
0.9999989024
0.9999989024
0.9999989024
0.9999989024
0.9999989024
0.9999989024
0.9999989024
0.9999989024
0.9999989024
0.9999989024
0.9999989024
0.9999989024
0.9999989024
0.9999989024
0.9999989024
0.9999989024
0.9999989024
0.9999989024
0.9999989024
0.9999989024
0.9999989024
0.9999989024
0.9999989024
0.9999989024
0.9999989024
0.9999989024
0.9999989024
0.9999989024
0.9999989024
0.9999989024
0.9999989024
0.9999989024
0.9999989024
0.9999989024
0.9999989024
0.9999989024
0.9999989024
0.9999989024
0.9999989024
0.9999989024
0.9999989024
0.9999989024
0.9999989024
0.9999989024
0.9999989024
0.9999989024
0.9999989024
0.9999989024
0.9999989024
0.9999989024
0.9999989024
0.9999989024
0.9999989024
0.9999989024
0.9999989024
0.9999989024
0.9999989024
0.9999989024
0.9999989024
0.9999989024
0.9999989024
0.9999989024
0.9999989024
0.9999989024
0.9999989024
0.9999989024
0.9999989024
0.9999989024
0.9999989024
0.9999989024
0.9999989024
0.9999989024
0.9999989024
0.9999989024
0.9999989024
0.9999989024
0.9999989024
0.9999989024
0.9999989024
0.9999989024
0.9999989024
0.9999989024
0.9999989024
0.9999989024
0.9999989024
0.9999989024
0.9999989024
0.9999989024
0.9999989024
0.9999989024
0.9999989024
0.9999989024
0.9999989024
0.9999989024
0.9999989024
0.9999989024
0.9999989024
0.9999989024
0.9999989024
0.9999989024
0.9999989024
0.9999989024
0.9999989024
0.9999989024
0.9999989024
0.9999989024
0.9999989024
0.9999989024
0.9999989024
0.9999989024
0.9999989024
0.9999989024
0.9999989024
0.9999989024
0.9999989024
0.9999989024
0.9999989024
0.9999989024
0.9999989024
0.9999989024
0.9999989024
0.9999989024
0.9999989024
0.9999989024
0.9999989024
0.9999989024
0.9999989024
0.9999989024
0.9999989024
0.9999989024
0.9999989024
0.9999989024
0.9999989024
0.9999989024
0.9999989024
0.9999989024
0.9999989024
0.9999989024
0.9999989024
0.9999989024
0.9999989024
0.9999989024
0.9999989024
0.9999989024
0.9999989024
0.9999989024
0.9999989024
0.9999989024
0.9999989024
0.9999989024
0.9999989024
0.9999989024
0.9999989024
0.9999989024
0.9999989024
0.9999989024
0.9999989024
0.9999989024
0.9999989024
0.9999989024
0.9999989024
0.9999989024
0.9999989024
0.9999989024
0.9999989024
0.9999989024
0.9999989024
0.9999989024
0.9999989024
0.9999989024
0.9999989024
0.9999989024
0.9999989024
0.9999989024
0.9999989024
0.9999989024
0.9999989024
0.9999989024
0.9999989024
0.9999989024
0.9999989024
0.9999989024
0.9999989024
0.9999989024
0.9999989024
0.9999989024
0.9999989024
0.9999989024
0.9999989024
0.9999989024
0.9999989024
0.9999989024
0.9999989024
0.9999989024
0.9999989024
0.9999989024
0.9999989024
0.9999989024
0.9999989024
0.9999989024
0.9999989024
0.9999989024
0.9999989024
0.9999989024
0.9999989024
0.9999989024
0.9999989024
0.9999989024
0.9999989024
0.9999989024
0.9999989024
0.9999989024
0.9999989024
0.9999989024
0.9999989024
0.9999989024
0.9999989024
0.9999989024
0.9999989024
0.9999989024
0.9999989024
0.9999989023
0.9999989023
0.9999989022
0.9999989022
0.999998902
0.9999989019
0.9999989016
0.9999989012
0.9999989006
0.9999988998
0.9999988987
0.999998897
0.9999988946
0.9999988913
0.9999988866
0.9999988801
0.999998871
0.9999988585
0.9999988412
0.9999988177
0.9999987856
0.9999987423
0.9999986841
0.9999986061
0.9999985025
0.9999983654
0.9999981849
0.9999979486
0.9999976409
0.9999972423
0.9999967288
0.9999960706
0.9999952315
0.9999941673
0.9999928248
0.9999911398
0.9999890361
0.9999864232
0.9999831946
0.9999792257
0.9999743717
0.9999684656
0.9999613159
0.9999527045
0.9999423847
0.9999300795
0.9999154801
0.9998982445
0.9998779964
0.9998543255
0.9998267871
0.9997949029
0.9997581624
0.999716025
0.9996679222
0.9996132617
0.9995514305
0.9994817999
0.9994037305
0.9993165773
0.9992196958
0.9991124478
0.9989942072
0.9988643664
0.9987223418
0.9985675794
0.9983995597
0.9982178025
0.9980218708
0.997811374
0.9975859709
0.9973453713
0.9970893372
0.9968176837
0.9965302785
0.9962270411
0.9959079417
0.995572999
0.9952222782
0.9948558882
0.9944739787
0.9940767368
0.9936643842
0.9932371732
0.9927953836
0.9923393194
0.9918693051
0.9913856828
0.9908888092
0.9903790522
0.9898567887
0.9893224017
0.9887762784
0.9882188075
0.9876503777
0.9870713759
0.9864821858
0.9858831861
0.9852747499
0.9846572434
0.9840310253
0.9833964456
0.9827538458
0.9821035579
0.981445904
0.9807811967
0.9801097382
0.9794318207
0.9787477262
0.9780577264
0.9773620832
0.9766610486
0.9759548647
0.975243764
0.9745279701
0.9738076971
0.9730831503
0.9723545268
0.9716220151
0.9708857956
0.9701460415
0.9694029179
0.9686565832
0.9679071889
0.9671548795
0.9663997937
0.9656420637
0.9648818162
0.964119172
0.9633542469
0.9625871515
0.9618179913
0.9610468675
0.9602738767
0.9594991113
0.9587226595
0.957944606
0.9571650314
0.9563840131
0.9556016251
0.954817938
0.9540330196
0.9532469347
0.9524597454
0.9516715111
0.9508822887
0.9500921327
0.9493010952
0.9485092265
0.9477165743
0.9469231848
0.946129102
0.9453343682
0.944539024
0.9437431083
0.9429466584
0.9421497104
0.9413522985
0.9405544559
0.9397562144
0.9389576045
0.9381586556
0.9373593959
0.9365598525
0.9357600515
0.934960018
0.9341597762
0.9333593494
0.9325587599
0.9317580292
0.9309571783
0.9301562269
0.9293551945
0.9285540996
0.9277529601
0.9269517933
0.9261506158
0.9253494437
0.9245482925
0.9237471771
0.922946112
0.9221451112
0.9213441881
0.9205433556
0.9197426265
0.9189420127
0.9181415261
0.917341178
0.9165409793
0.9157409407
0.9149410724
0.9141413843
0.9133418861
0.912542587
0.911743496
0.9109446219
0.9101459731
0.9093475577
0.9085493837
0.9077514587
0.9069537901
0.9061563852
0.9053592509
0.904562394
0.9037658211
0.9029695384
0.9021735523
0.9013778686
0.9005824932
0.8997874317
0.8989926895
0.8981982721
0.8974041845
0.8966104317
0.8958170186
0.89502395
0.8942312304
0.8934388642
0.8926468558
0.8918552094
0.891063929
0.8902730187
0.8894824823
0.8886923235
0.887902546
0.8871131534
0.8863241491
0.8855355364
0.8847473186
0.8839594989
0.8831720804
0.882385066
0.8815984587
0.8808122614
0.8800264768
0.8792411076
0.8784561564
0.8776716259
0.8768875183
0.8761038363
0.8753205821
0.874537758
0.8737553664
0.8729734092
0.8721918888
0.871410807
0.870630166
0.8698499678
0.8690702141
0.8682909069
0.867512048
0.8667336391
0.865955682
0.8651781783
0.8644011298
0.8636245378
0.8628484042
0.8620727302
0.8612975174
0.8605227673
0.8597484812
0.8589746605
0.8582013066
0.8574284207
0.856656004
0.8558840579
0.8551125835
0.854341582
0.8535710546
0.8528010022
0.8520314261
0.8512623273
0.8504937068
0.8497255655
0.8489579046
0.8481907249
0.8474240274
0.846657813
0.8458920825
0.8451268368
0.8443620768
0.8435978032
0.8428340169
0.8420707187
0.8413079092
0.8405455892
0.8397837595
0.8390224208
0.8382615736
0.8375012188
0.8367413568
0.8359819884
0.8352231142
0.8344647347
0.8337068506
0.8329494623
0.8321925705
0.8314361757
0.8306802784
0.8299248791
0.8291699782
0.8284155764
0.827661674
0.8269082714
0.8261553692
0.8254029678
0.8246510675
0.8238996687
0.823148772
0.8223983775
0.8216484858
0.8208990971
0.8201502118
0.8194018303
0.8186539528
0.8179065798
0.8171597114
0.816413348
0.8156674898
0.8149221373
0.8141772905
0.8134329498
0.8126891154
0.8119457876
0.8112029666
0.8104606527
0.809718846
0.8089775467
0.8082367551
0.8074964714
0.8067566957
0.8060174282
0.8052786691
0.8045404186
0.8038026767
0.8030654438
0.8023287199
0.8015925051
0.8008567996
0.8001216036
0.799386917
0.7986527401
0.797919073
0.7971859158
0.7964532684
0.7957211312
0.7949895041
0.7942583872
0.7935277806
0.7927976843
0.7920680985
0.7913390232
0.7906104584
0.7898824042
0.7891548606
0.7884278277
0.7877013056
0.7869752942
0.7862497935
0.7855248037
0.7848003247
0.7840763565
0.7833528992
0.7826299527
0.7819075171
0.7811855924
0.7804641785
0.7797432754
0.7790228832
0.7783030017
0.7775836311
0.7768647713
0.7761464222
0.7754285838
0.7747112561
0.773994439
0.7732781326
0.7725623367
0.7718470513
0.7711322765
0.770418012
0.7697042579
0.7689910141
0.7682782806
0.7675660572
0.7668543439
0.7661431408
0.7654324475
0.7647222642
0.7640125907
0.763303427
0.7625947729
0.7618866284
0.7611789934
0.7604718679
0.7597652516
0.7590591445
0.7583535466
0.7576484577
0.7569438777
0.7562398066
0.7555362442
0.7548331903
0.754130645
0.7534286081
0.7527270795
0.752026059
0.7513255466
0.7506255421
0.7499260454
0.7492270564
0.7485285749
0.7478306009
0.7471331342
0.7464361747
0.7457397222
0.7450437767
0.7443483379
0.7436534058
0.7429589801
0.7422650609
0.7415716478
0.7408787409
0.7401863398
0.7394944446
0.738803055
0.7381121709
0.7374217921
0.7367319186
0.7360425501
0.7353536864
0.7346653275
0.7339774732
0.7332901233
0.7326032776
0.731916936
0.7312310984
0.7305457645
0.7298609342
0.7291766074
0.7284927839
0.7278094634
0.7271266459
0.7264443311
0.725762519
0.7250812092
0.7244004017
0.7237200963
0.7230402927
0.7223609909
0.7216821906
0.7210038917
0.7203260939
0.7196487972
0.7189720013
0.718295706
0.7176199111
0.7169446165
0.716269822
0.7155955274
0.7149217325
0.7142484371
0.7135756411
0.7129033442
0.7122315462
0.711560247
0.7108894463
0.710219144
0.7095493399
0.7088800338
0.7082112254
0.7075429147
0.7068751013
0.7062077851
0.7055409659
0.7048746435
0.7042088177
0.7035434883
0.7028786551
0.7022143178
0.7015504764
0.7008871305
0.70022428
0.6995619247
0.6989000644
0.6982386988
0.6975778277
0.696917451
0.6962575685
0.6955981799
0.694939285
0.6942808836
0.6936229755
0.6929655605
0.6923086383
0.6916522089
0.6909962718
0.6903408271
0.6896858743
0.6890314134
0.688377444
0.6877239661
0.6870709793
0.6864184834
0.6857664783
0.6851149637
0.6844639394
0.6838134051
0.6831633608
0.682513806
0.6818647407
0.6812161646
0.6805680775
0.6799204791
0.6792733693
0.6786267477
0.6779806143
0.6773349688
0.6766898109
0.6760451404
0.6754009571
0.6747572608
0.6741140512
0.6734713282
0.6728290915
0.6721873409
0.6715460761
0.6709052969
0.6702650031
0.6696251945
0.6689858708
0.6683470319
0.6677086774
0.6670708072
0.666433421
0.6657965186
0.6651600998
0.6645241644
0.663888712
0.6632537425
0.6626192557
0.6619852513
0.661351729
0.6607186887
0.6600861302
0.6594540531
0.6588224573
0.6581913425
0.6575607085
0.6569305551
0.656300882
0.655671689
0.6550429758
0.6544147422
0.6537869881
0.6531597131
0.652532917
0.6519065996
0.6512807606
0.6506553998
0.6500305171
0.649406112
0.6487821845
0.6481587342
0.6475357609
0.6469132645
0.6462912446
0.645669701
0.6450486334
0.6444280417
0.6438079257
0.6431882849
0.6425691193
0.6419504286
0.6413322125
0.6407144708
0.6400972033
0.6394804097
0.6388640898
0.6382482433
0.6376328701
0.6370179698
0.6364035422
0.6357895871
0.6351761042
0.6345630934
0.6339505543
0.6333384867
0.6327268904
0.6321157651
0.6315051106
0.6308949267
0.630285213
0.6296759695
0.6290671957
0.6284588915
0.6278510567
0.6272436909
0.626636794
0.6260303657
0.6254244057
0.6248189139
0.6242138899
0.6236093336
0.6230052446
0.6224016228
0.6217984679
0.6211957796
0.6205935577
0.619991802
0.6193905122
0.6187896881
0.6181893294
0.6175894358
0.6169900072
0.6163910433
0.6157925438
0.6151945085
0.6145969372
0.6139998296
0.6134031854
0.6128070044
0.6122112864
0.6116160311
0.6110212382
0.6104269076
0.609833039
0.6092396321
0.6086466866
0.6080542024
0.6074621792
0.6068706167
0.6062795147
0.605688873
0.6050986912
0.6045089692
0.6039197067
0.6033309034
0.6027425591
0.6021546736
0.6015672466
0.6009802778
0.600393767
0.599807714
0.5992221185
0.5986369803
0.598052299
0.5974680745
0.5968843066
0.5963009949
0.5957181392
0.5951357392
0.5945537948
0.5939723056
0.5933912714
0.592810692
0.5922305671
0.5916508965
0.5910716799
0.590492917
0.5899146077
0.5893367516
0.5887593485
0.5881823981
0.5876059003
0.5870298547
0.5864542611
0.5858791193
0.585304429
0.5847301899
0.5841564019
0.5835830645
0.5830101777
0.5824377411
0.5818657545
0.5812942177
0.5807231303
0.5801524922
0.579582303
0.5790125626
0.5784432707
0.577874427
0.5773060312
0.5767380832
0.5761705827
0.5756035294
0.575036923
0.5744707634
0.5739050502
0.5733397832
0.5727749622
0.5722105869
0.571646657
0.5710831724
0.5705201326
0.5699575376
0.569395387
0.5688336806
0.5682724181
0.5677115993
0.5671512239
0.5665912916
0.5660318023
0.5654727556
0.5649141514
0.5643559893
0.5637982691
0.5632409905
0.5626841534
0.5621277574
0.5615718022
0.5610162877
0.5604612135
0.5599065795
0.5593523854
0.5587986308
0.5582453156
0.5576924395
0.5571400023
0.5565880036
0.5560364433
0.5554853211
0.5549346366
0.5543843898
0.5538345803
0.5532852078
0.5527362722
0.5521877731
0.5516397103
0.5510920835
0.5505448926
0.5499981371
0.5494518169
0.5489059318
0.5483604814
0.5478154656
0.547270884
0.5467267363
0.5461830225
0.5456397421
0.5450968949
0.5445544808
0.5440124993
0.5434709503
0.5429298336
0.5423891487
0.5418488956
0.5413090739
0.5407696835
0.5402307239
0.539692195
0.5391540966
0.5386164283
0.5380791899
0.5375423811
0.5370060018
0.5364700516
0.5359345303
0.5353994376
0.5348647733
0.5343305371
0.5337967287
0.533263348
0.5327303946
0.5321978683
0.5316657689
0.531134096
0.5306028495
0.530072029
0.5295416344
0.5290116653
0.5284821215
0.5279530027
0.5274243087
0.5268960393
0.5263681942
0.5258407731
0.5253137757
0.5247872018
0.5242610513
0.5237353237
0.5232100188
0.5226851364
0.5221606763
0.5216366382
0.5211130217
0.5205898267
0.520067053
0.5195447001
0.519022768
0.5185012563
0.5179801648
0.5174594933
0.5169392414
0.5164194089
0.5158999955
0.5153810011
0.5148624253
0.5143442679
0.5138265287
0.5133092073
0.5127923035
0.5122758171
0.5117597478
0.5112440953
0.5107288595
0.5102140399
0.5096996365
0.5091856488
0.5086720768
0.50815892
0.5076461783
0.5071338513
0.5066219389
0.5061104408
0.5055993567
0.5050886863
0.5045784294
0.5040685857
0.5035591551
0.5030501371
0.5025415316
0.5020333383
0.5015255569
0.5010181872
0.5005112288
0.5000046817
0.4994985454
0.4989928197
0.4984875044
0.4979825992
0.4974781038
0.4969740179
0.4964703414
0.4959670739
0.4954642151
0.4949617649
0.4944597229
0.4939580888
0.4934568624
0.4929560435
0.4924556317
0.4919556267
0.4914560284
0.4909568364
0.4904580505
0.4899596703
0.4894616957
0.4889641263
0.4884669618
0.487970202
0.4874738467
0.4869778954
0.486482348
0.4859872041
0.4854924635
0.4849981259
0.484504191
0.4840106585
0.4835175281
0.4830247996
0.4825324726
0.4820405469
0.4815490221
0.481057898
0.4805671743
0.4800768506
0.4795869267
0.4790974023
0.4786082771
0.4781195508
0.477631223
0.4771432934
0.4766557618
0.4761686279
0.4756818913
0.4751955517
0.4747096087
0.4742240622
0.4737389117
0.4732541569
0.4727697975
0.4722858332
0.4718022637
0.4713190885
0.4708363075
0.4703539201
0.4698719262
0.4693903252
0.468909117
0.4684283011
0.4679478772
0.4674678449
0.4669882038
0.4665089536
0.466030094
0.4655516244
0.4650735446
0.4645958541
0.4641185526
0.4636416396
0.4631651147
0.4626889775
0.4622132276
0.4617378646
0.4612628879
0.4607882972
0.460314092
0.4598402718
0.4593668361
0.4588937844
0.4584211163
0.4579488311
0.4574769283
0.4570054074
0.4565342677
0.4560635088
0.4555931298
0.4551231303
0.4546535096
0.4541842668
0.4537154014
0.4532469125
0.4527787993
0.452311061
0.4518436967
0.4513767054
0.4509100862
0.4504438381
0.4499779599
0.4495124504
0.4490473084
0.4485825326
0.4481181215
0.4476540735
0.4471903869
0.44672706
0.4462640907
0.445801477
0.4453392164
0.4448773066
0.4444157446
0.4439545276
0.443493652
0.4430331143
0.4425729103
0.4421130355
0.4416534848
0.4411942525
0.4407353323
0.4402767171
0.4398183987
0.439360368
0.4389026143
0.4384451257
0.4379878882
0.4375308857
0.4370740994
0.4366175068
0.4361610818
0.4357047927
0.4352486012
0.4347924609
0.434336314
0.4338800883
0.4334236922
0.4329670075
0.4325098793
0.4320521021
0.4315933992
0.4311333973
0.4306715981
0.4302073655
0.4297399741
0.4292688533
0.4287942886
0.4283193919
0.427854348
0.4274230363
0.4270664545
0.426825403
0.4266989781
0.4266401172
0.4266082732
0.4265878906
0.4265773418
0.4265757807
0.4265762124
0.4265803315
0.4265958821
0.4266339029
0.426700364
0.4267740159
0.4268033652
0.426803547
0.4268039903
0.4268049558
0.4268075474
0.4268140029
0.4268277492
0.4268530529
0.4268927727
0.4269382917
0.4269603961
0.42696225
0.4269621535
0.4269610156
0.4269569895
0.4269497265
0.4269446229
0.426944574
0.4269456347
0.426949838
0.4269569461
0.4269615655
0.4269611486
0.4269602612
0.4269571296
0.4269519013
0.4269485437
0.4269487907
0.4269489743
0.4269491245
0.4269490753
0.4269485881
0.4269469934
0.4269439027
0.4269406919
0.4269396023
0.4269394407
0.4269392652
0.4269386897
0.4269371886
0.4269345784
0.426931941
0.4269308584
0.4269306738
0.4269304683
0.4269298306
0.4269282938
0.4269259274
0.4269242338
0.4269236792
0.4269233687
0.4269228135
0.4269214767
0.426919049
0.4269168357
0.4269164302
0.4269162936
0.4269160247
0.4269152435
0.4269134785
0.4269111622
0.4269099025
0.426909689
0.4269095776
0.4269092448
0.4269083466
0.4269067827
0.4269054265
0.4269049351
0.4269046693
0.426904233
0.4269031634
0.4269011682
0.4268994693
0.426899294
0.4268992569
0.4268991609
0.4268988184
0.426897929
0.4268965498
0.426895464
0.4268950835
0.4268949242
0.4268946781
0.4268940804
0.4268928687
0.426891307
0.4268905725
0.4268903587
0.426890287
0.4268901694
0.4268898603
0.4268893528
0.4268886416
0.4268877555
0.4268867851
0.426885873
0.4268851792
0.4268847408
0.4268844362
0.4268841445
0.426883791
0.4268833623
0.4268829238
0.4268825411
0.4268821812
0.4268817616
0.4268812621
0.4268808078
0.4268804988
0.426880238
0.426879843
0.42687911
0.4268780753
0.4268774888
0.4268773956
0.4268773205
0.4268771192
0.4268766187
0.4268757117
0.4268748206
0.4268745201
0.4268744479
0.4268744065
0.4268743393
0.4268741758
0.4268738433
0.4268732909
0.426872645
0.4268721471
0.4268719328
0.426871836
0.4268717466
0.4268715986
0.4268713398
0.4268709014
0.4268702399
0.4268694759
0.4268688985
0.4268686324
0.4268685146
0.4268684238
0.4268682894
0.4268680487
0.4268676519
0.4268671517
0.4268668249
0.4268667002
0.4268666067
0.4268664573
0.426866164
0.426865618
0.4268648781
0.4268643896
0.4268642596
0.4268642115
0.4268641709
0.4268640943
0.4268639187
0.4268635533
0.4268629553
0.426862258
0.4268618858
0.4268617887
0.4268617871
0.4268618031
0.4268617928
0.4268617319
0.4268615243
0.426861059
0.426860335
0.4268596004
0.4268593089
0.4268592363
0.4268591814
0.4268590976
0.4268589634
0.4268587764
0.4268585624
0.4268583414
0.4268581073
0.4268578622
0.426857631
0.4268574253
0.4268572223
0.4268569697
0.4268566138
0.4268561837
0.4268559148
0.4268558274
0.4268558052
0.4268557702
0.4268557078
0.4268554497
0.4268548775
0.4268541448
0.4268537479
0.4268536411
0.4268536399
0.4268536653
0.4268536775
0.4268536169
0.4268533906
0.4268529206
0.4268523988
0.4268521718
0.4268521175
0.4268521425
0.4268520909
0.4268519629
0.4268516556
0.4268511604
0.4268507836
0.4268506704
0.426850658
0.4268506251
0.426850563
0.4268503799
0.4268499786
0.4268493978
0.4268490074
0.4268488969
0.4268488935
0.4268489246
0.4268489657
0.426848904
0.4268487514
0.4268484143
0.4268479133
0.426847575
0.4268474789
0.4268474147
0.4268473321
0.4268471795
0.4268469857
0.4268468228
0.426846678
0.4268464954
0.4268462138
0.4268458163
0.4268454939
0.4268453646
0.4268452898
0.4268452257
0.4268451616
0.4268450139
0.4268447004
0.4268444871
0.4268444502
0.4268444951
0.426844492
0.4268444179
0.4268440996
0.4268436841
0.4268435268
0.4268435011
0.4268434566
0.4268433786
0.4268430703
0.4268426051
0.4268424155
0.4268423389
0.4268423176
0.4268422526
0.4268419489
0.4268414962
0.4268412828
0.4268412499
0.4268412531
0.4268411934
0.4268411003
0.4268408154
0.426840453
0.4268403326
0.426840263
0.4268401909
0.4268401313
0.4268400062
0.4268397148
0.426839508
0.4268394134
0.4268393679
0.4268392596
0.4268389563
0.4268387006
0.42683861
0.4268385963
0.4268385229
0.4268381948
0.426837859
0.4268377973
0.4268378553
0.4268377774
0.4268375462
0.4268373064
0.4268372217
0.4268372275
0.4268371491
0.4268368248
0.4268364614
0.4268363906
0.4268364444
0.4268363923
0.4268363096
0.4268360205
0.4268356283
0.4268354292
0.426835309
0.4268351783
0.4268350485
0.4268349702
0.4268350003
0.4268350048
0.4268349199
0.4268346026
0.4268341986
0.4268340321
0.4268340151
0.4268340063
0.4268339286
0.4268338016
0.4268334867
0.4268332395
0.4268332207
0.4268333015
0.426833373
0.4268332813
0.4268328962
0.4268323841
0.4268321737
0.4268321485
0.4268321523
0.4268321023
0.4268320173
0.4268317156
0.4268314597
0.4268314432
0.4268315193
0.4268316025
0.4268315028
0.4268312196
0.4268307357
0.4268303534
0.4268302214
0.4268301291
0.4268301283
0.4268300972
0.42683004
0.4268299754
0.4268298762
0.4268296822
0.4268294499
0.4268293113
0.4268292001
0.4268291452
0.4268290285
0.4268287001
0.4268284504
0.4268284561
0.426828575
0.4268286235
0.4268285164
0.4268281604
0.4268277262
0.4268275722
0.4268274749
0.4268274846
0.4268274313
0.4268273559
0.4268272428
0.4268269716
0.4268266505
0.4268264901
0.4268264847
0.4268265406
0.4268266003
0.4268264887
0.4268261738
0.4268257202
0.4268254743
0.4268254056
0.4268254584
0.4268255395
0.4268254444
0.4268252967
0.4268250336
0.426824828
0.4268248006
0.4268247637
0.4268246557
0.4268243884
0.4268240995
0.4268239788
0.4268240022
0.4268239841
0.4268238942
0.4268237885
0.4268236578
0.4268234013
0.426823043
0.4268228066
0.4268227274
0.4268228017
0.426822911
0.426822779
0.4268224929
0.4268221086
0.4268218729
0.4268217499
0.4268217803
0.4268217497
0.4268216355
0.4268214448
0.4268213225
0.4268213735
0.4268213635
0.4268212382
0.4268208172
0.4268204867
0.4268203574
0.4268203925
0.4268204281
0.4268203435
0.4268202478
0.4268201396
0.4268200241
0.4268198916
0.4268196656
0.4268192373
0.4268188603
0.4268187473
0.4268188798
0.4268190385
0.4268189101
0.4268187196
0.4268183357
0.4268179911
0.4268179406
0.426817996
0.4268180873
0.4268179361
0.4268176312
0.4268172619
0.4268170726
0.4268171209
0.4268172079
0.4268170872
0.4268168969
0.4268164804
0.4268161934
0.4268162258
0.4268163001
0.4268161755
0.4268159863
0.4268156002
0.4268153749
0.4268154656
0.4268156363
0.426815463
0.4268151725
0.4268147967
0.4268145823
0.426814626
0.4268146896
0.4268145318
0.4268142981
0.4268140853
0.4268140474
0.4268138873
0.4268135167
0.4268132754
0.4268133551
0.4268134453
0.4268132693
0.4268127873
0.4268123759
0.4268123389
0.4268124249
0.4268125127
0.4268123672
0.4268121524
0.4268120775
0.4268119401
0.4268117163
0.4268112763
0.4268109399
0.4268109235
0.4268109993
0.4268110433
0.4268108505
0.4268105262
0.4268103003
0.4268103333
0.426810206
0.426810005
0.4268096143
0.4268093906
0.4268094516
0.4268093296
0.4268091887
0.4268090313
0.4268089566
0.4268088215
0.4268086029
0.4268082013
0.4268079782
0.4268080292
0.4268078827
0.4268077069
0.4268074461
0.4268074002
0.4268072678
0.4268070941
0.4268068688
0.4268066353
0.4268066205
0.42680645
0.4268062243
0.4268059723
0.4268059445
0.4268057779
0.4268055824
0.4268053407
0.4268053356
0.4268051764
0.4268049815
0.4268047399
0.4268043529
0.4268040994
0.426804152
0.4268040756
0.4268038843
0.4268036517
0.4268033292
0.4268030927
0.4268031507
0.4268029774
0.4268027544
0.4268024288
0.4268021697
0.4268022047
0.426802013
0.4268017851
0.4268014779
0.4268014258
0.4268012609
0.4268010542
0.4268008147
0.4268004948
0.4268004503
0.4268002654
0.4268000433
0.426799796
0.4267995084
0.4267994262
0.4267992552
0.4267990501
0.4267988095
0.4267985168
0.4267984437
0.4267982622
0.4267980568
0.4267978169
0.4267975507
0.4267972384
0.4267971614
0.4267969999
0.4267968087
0.4267965907
0.4267963556
0.4267961102
0.4267958457
0.4267955646
0.4267952518
0.4267951478
0.4267949557
0.4267947424
0.4267944972
0.4267942274
0.4267939619
0.4267938129
0.4267936017
0.4267933661
0.4267931061
0.4267928271
0.4267925889
0.4267924097
0.426792184
0.42679192
0.4267916307
0.4267913538
0.4267911763
0.4267909376
0.4267906611
0.4267903607
0.4267900635
0.4267898839
0.4267896353
0.4267893494
0.4267890412
0.4267887456
0.4267885464
0.4267882846
0.4267879825
0.4267876564
0.4267873716
0.4267871435
0.4267868657
0.4267865441
0.42678618
0.426785953
0.4267856814
0.4267853772
0.4267850424
0.4267846932
0.4267844578
0.426784159
0.4267838209
0.4267834602
0.4267831766
0.4267828813
0.4267825583
0.4267822068
0.4267818592
0.426781568
0.4267812398
0.4267808717
0.4267805086
0.4267802099
0.4267798689
0.4267794867
0.4267791076
0.4267788002
0.426778446
0.4267780493
0.4267776552
0.4267773408
0.4267769741
0.4267765653
0.4267761449
0.4267758255
0.4267754525
0.4267750453
0.4267746217
0.4267742206
0.4267738455
0.4267734322
0.4267729717
0.4267725081
0.4267721605
0.4267717431
0.4267712841
0.4267707979
0.426770381
0.4267699638
0.4267695252
0.4267690549
0.4267685599
0.4267680674
0.4267676371
0.4267671713
0.4267666719
0.4267661478
0.4267656245
0.4267651657
0.4267646665
0.42676413
0.4267635683
0.4267630201
0.4267625262
0.4267619929
0.4267614184
0.4267608155
0.4267602339
0.4267597008
0.4267591284
0.4267585141
0.4267578717
0.4267572766
0.426756688
0.4267560712
0.4267554137
0.4267547243
0.4267540511
0.4267534324
0.4267527737
0.4267520862
0.4267513721
0.4267506348
0.426749885
0.4267491965
0.4267484727
0.4267477182
0.4267469327
0.4267461211
0.4267453407
0.4267445627
0.4267437529
0.4267429028
0.4267420249
0.4267411867
0.4267403411
0.4267394631
0.4267385458
0.4267376227
0.426736729
0.4267357917
0.4267348045
0.4267338086
0.4267328631
0.4267318647
0.4267308128
0.4267297155
0.4267286923
0.4267276199
0.4267264975
0.4267253248
0.4267241167
0.4267229353
0.4267216786
0.4267203356
0.4267189003
0.4267174554
0.4267158848
0.4267141523
0.4267122189
0.4267100797
0.4267076934
0.4267049073
0.4267016083
0.4266976922
0.4266930903
0.426687465
0.4266805676
0.4266720753
0.4266615913
0.4266486594
0.4266326111
0.4266126902
0.4265880008
0.4265574637
0.4265197483
0.4264732766
0.4264161906
0.4263463092
0.4262610783
0.4261575143
0.4260321681
0.4258810877
0.4256997667
0.4254830938
0.4252253278
0.4249200793
0.4245602761
0.4241381217
0.4236451407
0.4230722062
0.4224095759
0.4216469469
0.4207735191
0.4197781946
0.4186496355
0.4173764682
0.4159475022
0.4143519222
0.4125795296
0.4106209783
0.4084681255
0.4061141785
0.4035539931
0.4007844229
0.3978043498
0.3946150578
0.3912202277
0.3876261712
0.3838417447
0.3798784231
0.3757501906
0.3714734119
0.3670666604
0.3625504222
0.3579468607
0.3532794416
0.3485725615
0.3438512068
0.339140546
0.3344655229
0.3298505029
0.3253188736
0.320892756
0.3165926737
0.3124373295
0.308443343
0.3046251703
0.3009948677
0.2975621259
0.2943341413
0.2913157248
0.2885092741
0.285914965
0.283530777
0.2813527416
0.2793750837
0.2775904611
0.2759901736
0.2745643991
0.2733023978
0.2721928017
0.2712238358
0.2703835446
0.2696599815
0.2690414262
0.2685165166
0.2680744116
0.2677048863
0.2673984274
0.2671462789
0.2669404883
0.2667739072
0.2666401852
0.2665337463
0.2664497492
0.2663840368
0.2663330795
0.266293914
0.2662640789
0.2662415527
0.2662246927
0.2662121786
0.2662029619
0.2661962196
0.2661913145
0.2661877594
0.2661851873
0.2661833257
0.2661819741
0.266180985
0.2661802478
0.2661796833
0.2661792365
0.2661788708
0.2661785634
0.2661783003
0.2661780737
0.266177881
0.2661777178
0.2661775695
0.266177433
0.2661773063
0.2661771881
0.2661770782
0.2661769775
0.2661768886
0.2661768137
0.2661767548
0.26617671
0.2661766738
0.2661766437
0.2661766187
0.2661765987
0.2661765839
0.2661765752
0.266176573
0.2661765762
0.2661765865
0.2661766015
0.2661766183
0.2661766358
0.2661766526
0.2661766681
0.266176683
0.2661766992
0.266176718
0.2661767398
0.2661767639
0.2661767887
0.2661768125
0.2661768343
0.2661768552
0.2661768777
0.2661769051
0.2661769393
0.2661769761
0.2661770126
0.2661770441
0.2661770702
0.2661770915
0.2661771105
0.2661771305
0.2661771541
0.2661771833
0.2661772165
0.2661772501
0.2661772798
0.2661773025
0.2661773203
0.2661773378
0.2661773577
0.2661773824
0.2661774123
0.2661774454
0.2661774789
0.2661775102
0.2661775379
0.2661775627
0.2661775862
0.2661776104
0.2661776366
0.2661776655
0.2661776966
0.2661777288
0.2661777605
0.2661777902
0.266177817
0.2661778412
0.2661778645
0.2661778893
0.2661779183
0.2661779533
0.2661779922
0.2661780314
0.2661780664
0.2661780932
0.2661781129
0.2661781318
0.2661781532
0.266178182
0.2661782198
0.2661782627
0.2661783036
0.2661783376
0.2661783639
0.2661783861
0.2661784082
0.2661784326
0.2661784614
0.2661784958
0.2661785343
0.2661785736
0.2661786111
0.2661786452
0.2661786763
0.2661787062
0.2661787361
0.266178767
0.2661787989
0.2661788315
0.2661788642
0.2661788964
0.2661789277
0.2661789576
0.2661789858
0.2661790132
0.2661790411
0.266179071
0.2661791042
0.2661791401
0.2661791766
0.2661792106
0.266179239
0.266179261
0.2661792802
0.2661793012
0.266179329
0.2661793659
0.266179406
0.2661794455
0.2661794774
0.2661795016
0.2661795205
0.2661795384
0.2661795584
0.2661795834
0.266179614
0.2661796477
0.2661796807
0.26617971
0.2661797353
0.266179759
0.2661797836
0.2661798107
0.2661798409
0.2661798733
0.2661799069
0.2661799401
0.2661799714
0.2661799992
0.2661800228
0.266180043
0.266180062
0.2661800828
0.2661801093
0.2661801439
0.2661801821
0.266180221
0.2661802543
0.266180278
0.266180292
0.2661803044
0.2661803197
0.2661803444
0.2661803792
0.2661804167
0.2661804543
0.2661804826
0.2661805002
0.2661805115
0.2661805244
0.2661805432
0.2661805729
0.2661806086
0.2661806484
0.2661806875
0.2661807187
0.2661807358
0.2661807453
0.2661807571
0.2661807746
0.2661808001
0.2661808309
0.266180863
0.2661808927
0.2661809185
0.2661809416
0.2661809636
0.2661809861
0.26618101
0.2661810356
0.2661810627
0.2661810905
0.266181118
0.2661811442
0.2661811679
0.2661811888
0.2661812073
0.2661812253
0.2661812455
0.2661812716
0.2661813036
0.2661813385
0.2661813745
0.2661814032
0.2661814197
0.2661814285
0.2661814386
0.2661814535
0.2661814773
0.2661815094
0.2661815449
0.2661815834
0.2661816187
0.2661816323
0.2661816394
0.2661816486
0.2661816629
0.2661816865
0.2661817168
0.2661817495
0.2661817805
0.2661818068
0.2661818292
0.26618185
0.266181871
0.2661818943
0.2661819211
0.2661819508
0.266181982
0.2661820124
0.26618204
0.2661820633
0.2661820821
0.2661820983
0.2661821145
0.2661821338
0.2661821592
0.2661821904
0.2661822272
0.2661822657
0.2661823068
0.2661823375
0.2661823446
0.2661823528
0.2661823648
0.2661823867
0.2661824186
0.2661824559
0.2661824977
0.2661825305
0.2661825376
0.2661825456
0.2661825571
0.2661825784
0.2661826107
0.2661826496
0.2661826949
0.2661827381
0.2661827723
0.2661827778
0.2661827848
0.266182796
0.2661828148
0.2661828416
0.2661828742
0.2661829074
0.2661829379
0.2661829641
0.2661829877
0.2661830099
0.2661830317
0.2661830534
0.2661830758
0.2661830998
0.2661831267
0.266183159
0.2661831961
0.2661832351
0.2661832704
0.2661832786
0.2661832856
0.2661832968
0.266183317
0.2661833502
0.2661833886
0.2661834325
0.2661834732
0.2661834778
0.2661834828
0.2661834903
0.2661835047
0.2661835311
0.2661835657
0.2661836116
0.2661836552
0.2661836931
0.266183695
0.2661836993
0.2661837101
0.2661837283
0.2661837597
0.2661837952
0.2661838401
0.2661838807
0.2661839032
0.2661839077
0.2661839193
0.2661839402
0.266183967
0.2661839922
0.266184013
0.2661840341
0.2661840604
0.2661840921
0.2661841247
0.2661841525
0.2661841703
0.2661841871
0.2661842075
0.2661842349
0.266184269
0.2661843046
0.2661843387
0.266184357
0.2661843689
0.26618438
0.2661843932
0.2661844117
0.2661844399
0.2661844758
0.2661845224
0.2661845675
0.2661846074
0.2661846074
0.2661846103
0.266184622
0.2661846437
0.2661846782
0.2661847243
0.266184771
0.2661848142
0.2661848159
0.2661848196
0.2661848294
0.2661848463
0.2661848753
0.266184911
0.2661849499
0.2661849893
0.2661850276
0.2661850465
0.2661850612
0.2661850763
0.2661850926
0.2661851114
0.2661851351
0.2661851655
0.2661852039
0.2661852481
0.2661852956
0.2661853327
0.2661853313
0.2661853323
0.2661853438
0.266185364
0.2661853982
0.2661854379
0.2661854904
0.2661855369
0.2661855704
0.266185569
0.2661855696
0.2661855813
0.2661856028
0.266185639
0.2661856836
0.266185736
0.2661857829
0.2661857925
0.2661857958
0.2661858051
0.2661858243
0.2661858563
0.2661858942
0.2661859328
0.2661859677
0.2661859961
0.2661860214
0.2661860463
0.2661860713
0.266186096
0.2661861206
0.2661861462
0.2661861741
0.2661862052
0.2661862389
0.2661862729
0.2661863035
0.2661863255
0.266186341
0.2661863569
0.2661863773
0.2661864051
0.2661864428
0.2661864855
0.266186538
0.2661865842
0.2661865822
0.2661865804
0.2661865907
0.2661866136
0.2661866509
0.2661867045
0.2661867596
0.2661868079
0.2661868154
0.2661868158
0.2661868225
0.2661868383
0.2661868721
0.2661869139
0.2661869719
0.2661870215
0.266187056
0.2661870521
0.2661870603
0.2661870799
0.2661871114
0.2661871461
0.2661871768
0.2661872021
0.2661872307
0.2661872695
0.2661873132
0.2661873615
0.2661873891
0.2661873856
0.266187392
0.2661874096
0.2661874468
0.2661874979
0.2661875587
0.26618761
0.2661876315
0.2661876273
0.2661876294
0.266187643
0.2661876732
0.2661877151
0.2661877633
0.2661878205
0.266187873
0.2661878779
0.2661878794
0.266187889
0.2661879142
0.2661879535
0.2661879979
0.2661880432
0.2661880784
0.2661881037
0.2661881268
0.2661881513
0.2661881788
0.2661882099
0.2661882446
0.266188281
0.2661883168
0.2661883495
0.2661883801
0.2661884113
0.2661884435
0.2661884733
0.2661884958
0.2661885133
0.2661885355
0.2661885703
0.2661886159
0.2661886733
0.2661887285
0.2661887505
0.2661887484
0.2661887594
0.2661887888
0.2661888265
0.2661888656
0.2661889108
0.2661889614
0.2661890177
0.2661890487
0.2661890374
0.2661890434
0.2661890651
0.2661891057
0.2661891563
0.2661892159
0.2661892733
0.2661893167
0.2661893101
0.266189318
0.2661893406
0.2661893762
0.2661894161
0.2661894552
0.2661894966
0.2661895436
0.266189591
0.2661896257
0.2661896398
0.2661896583
0.2661896878
0.2661897247
0.2661897614
0.2661897948
0.2661898343
0.2661898857
0.2661899433
0.2661899963
0.2661899872
0.2661899966
0.2661900244
0.2661900639
0.2661901046
0.2661901471
0.2661902001
0.2661902593
0.2661903092
0.2661902997
0.2661903021
0.266190325
0.2661903739
0.2661904335
0.2661904979
0.2661905577
0.2661905719
0.2661905918
0.2661906125
0.2661906307
0.2661906613
0.2661907112
0.266190779
0.2661908437
0.2661908559
0.2661908786
0.2661909219
0.2661909685
0.2661909805
0.2661910007
0.2661910474
0.2661911069
0.2661911735
0.2661911794
0.2661912012
0.2661912525
0.266191327
0.2661913726
0.266191355
0.2661913722
0.2661914215
0.2661914964
0.2661915556
0.2661915601
0.2661915997
0.2661916722
0.2661917201
0.2661916964
0.2661917109
0.2661917587
0.2661918634
0.2661919485
0.2661919476
0.2661919553
0.2661919978
0.2661920756
0.2661920955
0.2661920577
0.2661920854
0.2661922027
0.2661923507
0.2661923909
0.2661922603
0.2661922296
0.2661923748
0.2661925918
0.2661925254
0.266192296
0.2661921648
0.2661924856
0.2661922318
0.2661914154
0.2661900014
0.266187633
0.2661815863
0.2661675803
0.2661371396
0.2660696966
0.2659201413
0.2655898983
0.2648607199
0.2632584791
0.2597749982
0.2523631139
0.2373343319
0.2099943289
0.1712861285
0.1396300372
0.1276202847
0.1253179768
0.1250323224
0.1250030286
0.1250001781
0.1249999016
0.1249998747
0.124999872
0.1249998718
0.1249998718
0.1249998718
0.1249998718
0.1249998718
0.1249998718
0.1249998718
0.1249998718
0.1249998718
0.1249998718
0.1249998718
0.1249998718
0.1249998718
0.1249998718
0.1249998718
0.1249998718
0.1249998718
0.1249998718
0.1249998718
0.1249998718
0.1249998718
0.1249998718
0.1249998718
0.1249998718
0.1249998718
0.1249998718
0.1249998718
0.1249998718
0.1249998718
0.1249998718
0.1249998718
0.1249998718
0.1249998718
0.1249998718
0.1249998718
0.1249998718
0.1249998718
0.1249998718
0.1249998718
0.1249998718
0.1249998718
0.1249998718
0.1249998718
0.1249998718
0.1249998718
0.1249998718
0.1249998718
0.1249998718
0.1249998718
0.1249998718
0.1249998718
0.1249998718
0.1249998718
0.1249998718
0.1249998718
0.1249998718
0.1249998718
0.1249998718
0.1249998718
0.1249998718
0.1249998718
0.1249998718
0.1249998718
0.1249998718
0.1249998718
0.1249998718
0.1249998718
0.1249998718
0.1249998718
0.1249998718
0.1249998718
0.1249998718
0.1249998718
0.1249998718
0.1249998718
0.1249998718
0.1249998718
0.1249998718
0.1249998718
0.1249998718
0.1249998718
0.1249998718
0.1249998718
0.1249998718
0.1249998718
0.1249998718
0.1249998718
0.1249998718
0.1249998718
0.1249998718
0.1249998718
0.1249998718
0.1249998718
0.1249998718
0.1249998718
0.1249998718
0.1249998718
0.1249998718
0.1249998718
0.1249998718
0.1249998718
0.1249998718
0.1249998718
0.1249998718
0.1249998718
0.1249998718
0.1249998718
0.1249998718
0.1249998718
0.1249998718
0.1249998718
0.1249998718
0.1249998718
0.1249998718
0.1249998718
0.1249998718
0.1249998718
0.1249998718
0.1249998718
0.1249998718
0.1249998718
0.1249998718
0.1249998718
0.1249998718
0.1249998718
0.1249998718
0.1249998718
0.1249998718
0.1249998718
0.1249998718
0.1249998718
0.1249998718
0.1249998718
0.1249998718
0.1249998718
0.1249998718
0.1249998718
0.1249998718
0.1249998718
0.1249998718
0.1249998718
0.1249998718
0.1249998718
0.1249998718
0.1249998718
0.1249998718
0.1249998718
0.1249998718
0.1249998718
0.1249998718
0.1249998718
0.1249998718
0.1249998718
0.1249998718
0.1249998718
0.1249998718
0.1249998718
0.1249998718
0.1249998718
0.1249998718
0.1249998718
0.1249998718
0.1249998718
0.1249998718
0.1249998718
0.1249998718
0.1249998718
0.1249998718
0.1249998718
0.1249998718
0.1249998718
0.1249998718
0.1249998718
0.1249998718
0.1249998718
0.1249998718
0.1249998718
0.1249998718
0.1249998718
0.1249998718
0.1249998718
0.1249998718
0.1249998718
0.1249998718
0.1249998718
0.1249998718
0.1249998718
0.1249998718
0.1249998718
0.1249998718
0.1249998718
0.1249998718
0.1249998718
0.1249998718
0.1249998718
0.1249998718
0.1249998718
0.1249998718
0.1249998718
0.1249998718
0.1249998718
0.1249998718
0.1249998718
0.1249998718
0.1249998718
0.1249998718
0.1249998718
0.1249998718
0.1249998718
0.1249998718
0.1249998718
0.1249998718
0.1249998718
0.1249998718
0.1249998718
0.1249998718
0.1249998718
0.1249998718
0.1249998718
0.1249998718
0.1249998718
0.1249998718
0.1249998718
0.1249998718
0.1249998718
0.1249998718
0.1249998718
0.1249998718
0.1249998718
0.1249998718
0.1249998718
0.1249998718
0.1249998718
0.1249998718
0.1249998718
0.1249998718
0.1249998718
0.1249998718
0.1249998718
0.1249998718
0.1249998718
0.1249998718
0.1249998718
0.1249998718
0.1249998718
0.1249998718
0.1249998718
0.1249998718
0.1249998718
0.1249998718
0.1249998718
0.1249998718
0.1249998718
0.1249998718
0.1249998718
0.1249998718
0.1249998718
0.1249998718
0.1249998718
0.1249998718
0.1249998718
0.1249998718
0.1249998718
0.1249998718
0.1249998718
0.1249998718
0.1249998718
0.1249998718
0.1249998718
0.1249998718
0.1249998718
0.1249998718
0.1249998718
0.1249998718
0.1249998718
0.1249998718
0.1249998718
0.1249998718
0.1249998718
0.1249998718
0.1249998718
0.1249998718
0.1249998718
0.1249998718
0.1249998718
0.1249998718
0.1249998718
0.1249998718
0.1249998718
0.1249998718
0.1249998718
0.1249998718
0.1249998718
0.1249998718
0.1249998718
0.1249998718
0.1249998718
0.1249998718
0.1249998718
0.1249998718
0.1249998718
0.1249998718
0.1249998718
0.1249998718
0.1249998718
0.1249998718
0.1249998718
0.1249998718
0.1249998718
0.1249998718
0.1249998718
0.1249998718
0.1249998718
0.1249998718
0.1249998718
0.1249998718
0.1249998718
0.1249998718
0.1249998718
0.1249998718
0.1249998718
0.1249998718
0.1249998718
0.1249998718
0.1249998718
0.1249998718
0.1249998718
0.1249998718
0.1249998718
0.1249998718
0.1249998718
0.1249998718
0.1249998718
0.1249998718
0.1249998718
0.1249998718
0.1249998718
0.1249998718
0.1249998718
0.1249998718
0.1249998718
0.1249998718
0.1249998718
0.1249998718
0.1249998718
0.1249998718
0.1249998718
0.1249998718
0.1249998718
0.1249998718
0.1249998718
0.1249998718
0.1249998718
0.1249998718
0.1249998718
0.1249998718
0.1249998718
0.1249998718
0.1249998718
0.1249998718
0.1249998718
0.1249998718
0.1249998718
0.1249998718
0.1249998718
0.1249998718
0.1249998718
0.1249998718
0.1249998718
0.1249998718
0.1249998718
0.1249998718
0.1249998718
0.1249998718
0.1249998718
0.1249998718
0.1249998718
0.1249998718
0.1249998718
0.1249998718
0.1249998718
0.1249998718
0.1249998718
0.1249998718
0.1249998718
0.1249998718
0.1249998718
0.1249998718
0.1249998718
0.1249998718
0.1249998718
0.1249998718
0.1249998718
0.1249998718
0.1249998718
0.1249998718
0.1249998718
0.1249998718
0.1249998718
0.1249998718
0.1249998718
0.1249998718
0.1249998718
0.1249998718
0.1249998718
0.1249998718
0.1249998718
0.1249998718
0.1249998718
0.1249998718
0.1249998718
0.1249998718
0.1249998718
0.1249998718
0.1249998718
0.1249998718
0.1249998718
0.1249998718
0.1249998718
0.1249998718
0.1249998718
0.1249998718
0.1249998718
0.1249998718
0.1249998718
0.1249998718
0.1249998718
0.1249998718
0.1249998718
0.1249998718
0.1249998718
0.1249998718
0.1249998718
0.1249998718
0.1249998718
0.1249998718
0.1249998718
0.1249998718
0.1249998718
0.1249998718
0.1249998718
0.1249998718
0.1249998718
0.1249998718
0.1249998718
0.1249998718
0.1249998718
0.1249998718
0.1249998718
0.1249998718
0.1249998718
0.1249998718
0.1249998718
0.1249998718
0.1249998718
0.1249998718
0.1249998718
0.1249998718
0.1249998718
0.1249998718
0.1249998718
0.1249998718
0.1249998718
0.1249998718
0.1249998718
0.1249998718
0.1249998718
0.1249998718
0.1249998718
0.1249998718
0.1249998718
0.1249998718
0.1249998718
0.1249998718
0.1249998718
0.1249998718
0.1249998718
0.1249998718
0.1249998718
0.1249998718
0.1249998718
0.1249998718
0.1249998718
0.1249998718
0.1249998718
0.1249998718
0.1249998718
0.1249998718
0.1249998718
0.1249998718
0.1249998718
0.1249998718
0.1249998718
0.1249998718
0.1249998718
0.1249998718
0.1249998718
0.1249998718
0.1249998718
0.1249998718
0.1249998718
0.1249998718
0.1249998718
0.1249998718
0.1249998718
0.1249998718
0.1249998718
0.1249998718
0.1249998718
0.1249998718
0.1249998718
0.1249998718
0.1249998718
0.1249998718
0.1249998718
0.1249998718
0.1249998718
0.1249998718
0.1249998718
0.1249998718
0.1249998718
0.1249998718
0.1249998718
0.1249998718
0.1249998718
0.1249998718
0.1249998718
0.1249998718
0.1249998718
0.1249998718
0.1249998718
0.1249998718
0.1249998718
0.1249998718
0.1249998718
0.1249998718
0.1249998718
0.1249998718
0.1249998718
0.1249998718
0.1249998718
0.1249998718
0.1249998718
0.1249998718
0.1249998718
0.1249998718
0.1249998718
0.1249998718
0.1249998718
0.1249998718
0.1249998718
0.1249998718
0.1249998718
0.1249998718
0.1249998718
0.1249998718
0.1249998718
0.1249998718
0.1249998718
0.1249998718
0.1249998718
0.1249998718
0.1249998718
0.1249998718
0.1249998718
0.1249998718
0.1249998718
0.1249998718
0.1249998718
0.1249998718
0.1249998718
0.1249998718
0.1249998718
0.1249998718
0.1249998718
0.1249998718
0.1249998718
0.1249998718
0.1249998718
0.1249998718
0.1249998718
0.1249998718
0.1249998718
0.1249998718
0.1249998718
0.1249998718
0.1249998718
0.1249998718
0.1249998718
0.1249998718
0.1249998718
0.1249998718
)
;

boundaryField
{
    sides
    {
        type            calculated;
        value           nonuniform List<scalar> 2(0.1249998718 0.9999989024);
    }
    empty
    {
        type            empty;
    }
}


// ************************************************************************* //
