/*--------------------------------*- C++ -*----------------------------------*\
| =========                 |                                                 |
| \\      /  F ield         | OpenFOAM: The Open Source CFD Toolbox           |
|  \\    /   O peration     | Version:  v1812                                 |
|   \\  /    A nd           | Web:      www.OpenFOAM.com                      |
|    \\/     M anipulation  |                                                 |
\*---------------------------------------------------------------------------*/
FoamFile
{
    version     2.0;
    format      ascii;
    class       volScalarField;
    location    "0.2";
    object      T;
}
// * * * * * * * * * * * * * * * * * * * * * * * * * * * * * * * * * * * * * //

dimensions      [0 0 0 1 0 0 0];


internalField   nonuniform List<scalar> 
4000
(
0.003487899
0.003487899
0.003487899
0.003487899
0.003487899
0.003487899
0.003487899
0.003487899
0.003487899
0.003487899
0.003487899
0.003487899
0.003487899
0.003487899
0.003487899
0.003487899
0.003487899
0.003487899
0.003487899
0.003487899
0.003487899
0.003487899
0.003487899
0.003487899
0.003487899
0.003487899
0.003487899
0.003487899
0.003487899
0.003487899
0.003487899
0.003487899
0.003487899
0.003487899
0.003487899
0.003487899
0.003487899
0.003487899
0.003487899
0.003487899
0.003487899
0.003487899
0.003487899
0.003487899
0.003487899
0.003487899
0.003487899
0.003487899
0.003487899
0.003487899
0.003487899
0.003487899
0.003487899
0.003487899
0.003487899
0.003487899
0.003487899
0.003487899
0.003487899
0.003487899
0.003487899
0.003487899
0.003487899
0.003487899
0.003487899
0.003487899
0.003487899
0.003487899
0.003487899
0.003487899
0.003487899
0.003487899
0.003487899
0.003487899
0.003487899
0.003487899
0.003487899
0.003487899
0.003487899
0.003487899
0.003487899
0.003487899
0.003487899
0.003487899
0.003487899
0.003487899
0.003487899
0.003487899
0.003487899
0.003487899
0.003487899
0.003487899
0.003487899
0.003487899
0.003487899
0.003487899
0.003487899
0.003487899
0.003487899
0.003487899
0.003487899
0.003487899
0.003487899
0.003487899
0.003487899
0.003487899
0.003487899
0.003487899
0.003487899
0.003487899
0.003487899
0.003487899
0.003487899
0.003487899
0.003487899
0.003487899
0.003487899
0.003487899
0.003487899
0.003487899
0.003487899
0.003487899
0.003487899
0.003487899
0.003487899
0.003487899
0.003487899
0.003487899
0.003487899
0.003487899
0.003487899
0.003487899
0.003487899
0.003487899
0.003487899
0.003487899
0.003487899
0.003487899
0.003487899
0.003487899
0.003487899
0.003487899
0.003487899
0.003487899
0.003487899
0.003487899
0.003487899
0.003487899
0.003487899
0.003487899
0.003487899
0.003487899
0.003487899
0.003487899
0.003487899
0.003487899
0.003487899
0.003487899
0.003487899
0.003487899
0.003487899
0.003487899
0.003487899
0.003487899
0.003487899
0.003487899
0.003487899
0.003487899
0.003487899
0.003487899
0.003487899
0.003487899
0.003487899
0.003487899
0.003487899
0.003487899
0.003487899
0.003487899
0.003487899
0.003487899
0.003487899
0.003487899
0.003487899
0.003487899
0.003487899
0.003487899
0.003487899
0.003487899
0.003487899
0.003487899
0.003487899
0.003487899
0.003487899
0.003487899
0.003487899
0.003487899
0.003487899
0.003487899
0.003487899
0.003487899
0.003487899
0.003487899
0.003487899
0.003487899
0.003487899
0.003487899
0.003487899
0.003487899
0.003487899
0.003487899
0.003487899
0.003487899
0.003487899
0.003487899
0.003487899
0.003487899
0.003487899
0.003487899
0.003487899
0.003487899
0.003487899
0.003487899
0.003487899
0.003487899
0.003487899
0.003487899
0.003487899
0.003487899
0.003487899
0.003487899
0.003487899
0.003487899
0.003487899
0.003487899
0.003487899
0.003487899
0.003487899
0.003487899
0.003487899
0.003487899
0.003487899
0.003487899
0.003487899
0.003487899
0.003487899
0.003487899
0.003487899
0.003487899
0.003487899
0.003487899
0.003487899
0.003487899
0.003487899
0.003487899
0.003487899
0.003487899
0.003487899
0.003487899
0.003487899
0.003487899
0.003487899
0.003487899
0.003487899
0.003487899
0.003487899
0.003487899
0.003487899
0.003487899
0.003487899
0.003487899
0.003487899
0.003487899
0.003487899
0.003487899
0.003487899
0.003487899
0.003487899
0.003487899
0.003487899
0.003487899
0.003487899
0.003487899
0.003487899
0.003487899
0.003487899
0.003487899
0.003487899
0.003487899
0.003487899
0.003487899
0.003487899
0.003487899
0.003487899
0.003487899
0.003487899
0.003487899
0.003487899
0.003487899
0.003487899
0.003487899
0.003487899
0.003487899
0.003487899
0.003487899
0.003487899
0.003487899
0.003487899
0.003487899
0.003487899
0.003487899
0.003487899
0.003487899
0.003487899
0.003487899
0.003487899
0.003487899
0.003487899
0.003487899
0.003487899
0.003487899
0.003487899
0.003487899
0.003487899
0.003487899
0.003487899
0.003487899
0.003487899
0.003487899
0.003487899
0.003487899
0.003487899
0.003487899
0.003487899
0.003487899
0.003487899
0.003487899
0.003487899
0.003487899
0.003487899
0.003487899
0.003487899
0.003487899
0.003487899
0.003487899
0.003487899
0.003487899
0.003487899
0.003487899
0.003487899
0.003487899
0.003487899
0.003487899
0.003487899
0.003487899
0.003487899
0.003487899
0.003487899
0.003487899
0.003487899
0.003487899
0.003487899
0.003487899
0.003487899
0.003487899
0.003487899
0.003487899
0.003487899
0.003487899
0.003487899
0.003487899
0.003487899
0.003487899
0.003487899
0.003487899
0.003487899
0.003487899
0.003487899
0.003487899
0.003487899
0.003487899
0.003487899
0.003487899
0.003487899
0.003487899
0.003487899
0.003487899
0.003487899
0.003487899
0.003487899
0.003487899
0.003487899
0.003487899
0.003487899
0.003487899
0.003487899
0.003487899
0.003487899
0.003487899
0.003487899
0.003487899
0.003487899
0.003487899
0.003487899
0.003487899
0.003487899
0.003487899
0.003487899
0.003487899
0.003487899
0.003487899
0.003487899
0.003487899
0.003487899
0.003487899
0.003487899
0.003487899
0.003487899
0.003487899
0.003487899
0.003487899
0.003487899
0.003487899
0.003487899
0.003487899
0.003487899
0.003487899
0.003487899
0.003487899
0.003487899
0.003487899
0.003487899
0.003487899
0.003487899
0.003487899
0.003487899
0.003487899
0.003487899
0.003487899
0.003487899
0.003487899
0.003487899
0.003487899
0.003487899
0.003487899
0.003487899
0.003487899
0.003487899
0.003487899
0.003487899
0.003487899
0.003487899
0.003487899
0.003487899
0.003487899
0.003487899
0.003487899
0.003487899
0.003487899
0.003487899
0.003487899
0.003487899
0.003487899
0.003487899
0.003487899
0.003487899
0.003487899
0.003487899
0.003487899
0.003487899
0.003487899
0.003487899
0.003487899
0.003487899
0.003487899
0.003487899
0.003487899
0.003487899
0.003487899
0.003487899
0.003487899
0.003487899
0.003487899
0.003487899
0.003487899
0.003487899
0.003487899
0.003487899
0.003487899
0.003487899
0.003487899
0.003487899
0.003487899
0.003487899
0.003487899
0.003487899
0.003487899
0.003487899
0.003487899
0.003487899
0.003487899
0.003487899
0.003487899
0.003487899
0.003487899
0.003487899
0.003487899
0.003487899
0.003487899
0.003487899
0.003487899
0.003487899
0.003487899
0.003487899
0.003487899
0.003487899
0.003487899
0.003487899
0.003487899
0.003487899
0.003487899
0.003487899
0.003487899
0.003487899
0.003487899
0.003487899
0.003487899
0.003487899
0.003487899
0.003487899
0.003487899
0.003487899
0.003487899
0.003487899
0.003487899
0.003487899
0.003487899
0.003487899
0.003487899
0.003487899
0.003487899
0.003487899
0.003487899
0.003487899
0.003487899
0.003487899
0.003487899
0.003487899
0.003487899
0.003487899
0.003487899
0.003487899
0.003487899
0.003487899
0.003487899
0.003487899
0.003487899
0.003487899
0.003487899
0.003487899
0.003487899
0.003487899
0.003487899
0.003487899
0.003487899
0.003487899
0.003487899
0.003487899
0.003487899
0.003487899
0.003487899
0.003487899
0.003487899
0.003487899
0.003487899
0.003487899
0.003487899
0.003487899
0.003487899
0.003487899
0.003487899
0.003487899
0.003487899
0.003487899
0.003487899
0.003487899
0.003487899
0.003487899
0.003487899
0.003487899
0.003487899
0.003487899
0.003487899
0.003487899
0.003487899
0.003487899
0.003487899
0.003487899
0.003487899
0.003487899
0.003487899
0.003487899
0.003487899
0.003487899
0.003487899
0.003487899
0.003487899
0.003487899
0.003487899
0.003487899
0.003487899
0.003487899
0.003487899
0.003487899
0.003487899
0.003487899
0.003487899
0.003487899
0.003487899
0.003487899
0.003487899
0.003487899
0.003487899
0.003487899
0.003487899
0.003487899
0.003487899
0.003487899
0.003487899
0.003487899
0.003487899
0.003487899
0.003487899
0.003487899
0.003487899
0.003487899
0.003487899
0.003487899
0.003487899
0.003487899
0.003487899
0.003487899
0.003487899
0.003487899
0.003487899
0.003487899
0.003487899
0.003487899
0.003487899
0.003487899
0.003487899
0.003487899
0.003487899
0.003487899
0.003487899
0.003487899
0.003487899
0.003487899
0.003487899
0.003487899
0.003487899
0.003487899
0.003487899
0.003487899
0.003487899
0.003487899
0.003487899
0.003487899
0.003487899
0.003487899
0.003487899
0.003487899
0.003487899
0.003487899
0.003487899
0.003487899
0.003487899
0.003487899
0.003487899
0.003487899
0.003487899
0.003487899
0.003487899
0.003487899
0.003487899
0.003487899
0.003487899
0.003487899
0.003487899
0.003487899
0.003487899
0.003487899
0.003487899
0.003487899
0.003487899
0.003487899
0.003487899
0.003487899
0.003487899
0.003487899
0.003487899
0.003487899
0.003487899
0.003487899
0.003487899
0.003487899
0.003487899
0.003487899
0.003487899
0.003487899
0.003487899
0.003487899
0.003487899
0.003487899
0.003487899
0.003487899
0.003487899
0.003487899
0.003487899
0.003487899
0.003487899
0.003487899
0.003487899
0.003487899
0.003487899
0.003487899
0.003487899
0.003487899
0.003487899
0.003487899
0.003487899
0.003487899
0.003487899
0.003487899
0.003487899
0.003487899
0.003487899
0.003487899
0.003487899
0.003487899
0.003487899
0.003487899
0.003487899
0.003487899
0.003487899
0.003487899
0.003487899
0.003487899
0.003487899
0.003487899
0.003487899
0.003487899
0.003487899
0.003487899
0.003487899
0.003487899
0.003487899
0.003487899
0.003487899
0.003487899
0.003487899
0.003487899
0.003487899
0.003487899
0.003487899
0.003487899
0.003487899
0.003487899
0.003487899
0.003487899
0.003487899
0.003487899
0.003487899
0.003487899
0.003487899
0.003487899
0.003487899
0.003487899
0.003487899
0.003487899
0.003487899
0.003487899
0.003487899
0.003487899
0.003487899
0.003487899
0.003487899
0.003487899
0.003487899
0.003487899
0.003487899
0.003487899
0.003487899
0.003487899
0.003487899
0.003487899
0.003487899
0.003487899
0.003487899
0.003487899
0.003487899
0.003487899
0.003487899
0.003487899
0.003487899
0.003487899
0.003487899
0.003487899
0.003487899
0.003487899
0.003487899
0.003487899
0.003487899
0.003487899
0.003487899
0.003487899
0.003487899
0.003487899
0.003487899
0.003487899
0.003487899
0.003487899
0.003487899
0.003487899
0.003487899
0.003487899
0.003487899
0.003487899
0.003487899
0.003487899
0.003487899
0.003487899
0.003487899
0.003487899
0.003487899
0.003487899
0.003487899
0.003487899
0.003487899
0.003487899
0.003487899
0.003487899
0.003487899
0.003487899
0.003487899
0.003487899
0.003487899
0.003487899
0.003487899
0.003487899
0.003487899
0.003487899
0.003487899
0.003487899
0.003487899
0.003487899
0.003487899
0.003487899
0.003487899
0.003487899
0.003487899
0.003487899
0.003487899
0.003487899
0.003487899
0.003487899
0.003487899
0.003487899
0.003487899
0.003487899
0.003487899
0.003487899
0.003487899
0.003487899
0.003487899
0.003487899
0.003487899
0.003487899
0.003487899
0.003487899
0.003487899
0.003487899
0.003487899
0.003487899
0.003487899
0.003487899
0.003487899
0.003487899
0.003487899
0.003487899
0.003487899
0.003487899
0.003487899
0.003487899
0.003487899
0.003487899
0.003487899
0.003487899
0.003487899
0.003487899
0.003487899
0.003487899
0.003487899
0.003487899
0.003487899
0.003487899
0.003487899
0.003487899
0.003487899
0.003487899
0.003487899
0.003487899
0.003487899
0.003487899
0.003487899
0.003487899
0.003487899
0.003487899
0.003487899
0.003487899
0.003487899
0.003487899
0.003487899
0.003487899
0.003487899
0.003487899
0.003487899
0.003487899
0.003487899
0.003487899
0.003487899
0.003487899
0.003487899
0.003487899
0.003487899
0.003487899
0.003487899
0.003487899
0.003487899
0.003487899
0.003487899
0.003487899
0.003487899
0.003487899
0.003487899
0.003487899
0.003487899
0.003487899
0.003487899
0.003487899
0.003487899
0.003487899
0.003487899
0.003487899
0.003487899
0.003487899
0.003487899
0.003487899
0.003487899
0.003487899
0.003487899
0.003487899
0.003487899
0.003487899
0.003487899
0.003487899
0.003487899
0.003487899
0.003487899
0.003487898999
0.003487898999
0.003487898998
0.003487898998
0.003487898997
0.003487898995
0.003487898993
0.00348789899
0.003487898985
0.003487898979
0.00348789897
0.003487898958
0.003487898941
0.003487898917
0.003487898885
0.003487898842
0.003487898783
0.003487898704
0.003487898598
0.003487898457
0.00348789827
0.003487898025
0.003487897703
0.003487897284
0.003487896741
0.00348789604
0.003487895143
0.003487893997
0.003487892544
0.00348789071
0.003487888407
0.00348788553
0.003487881955
0.003487877536
0.0034878721
0.00348786545
0.003487857354
0.00348784755
0.003487835735
0.003487821569
0.003487804671
0.003487784612
0.003487760921
0.003487733077
0.00348770051
0.003487662606
0.0034876187
0.003487568084
0.003487510006
0.003487443678
0.003487368273
0.003487282938
0.003487186796
0.003487078955
0.003486958514
0.00348682457
0.00348667623
0.003486512614
0.003486332869
0.003486136172
0.003485921743
0.003485688845
0.003485436799
0.00348516498
0.003484872831
0.003484559862
0.003484225651
0.00348386985
0.003483492185
0.003483092452
0.003482670522
0.003482226335
0.003481759897
0.003481271281
0.003480760619
0.003480228103
0.003479673974
0.003479098522
0.003478502083
0.003477885028
0.003477247764
0.003476590726
0.003475914377
0.003475219197
0.003474505684
0.00347377435
0.003473025715
0.003472260306
0.003471478651
0.003470681281
0.003469868724
0.003469041505
0.00346820014
0.00346734514
0.003466477008
0.003465596233
0.003464703297
0.003463798668
0.003462882801
0.003461956138
0.00346101911
0.003460072131
0.003459115604
0.003458149916
0.003457175441
0.003456192541
0.00345520156
0.003454202835
0.003453196684
0.003452183417
0.003451163327
0.0034501367
0.003449103806
0.003448064906
0.003447020248
0.003445970073
0.003444914608
0.003443854072
0.003442788674
0.003441718615
0.003440644086
0.00343956527
0.003438482342
0.003437395469
0.003436304812
0.003435210524
0.003434112752
0.003433011634
0.003431907306
0.003430799894
0.003429689523
0.003428576308
0.003427460362
0.003426341793
0.003425220702
0.003424097189
0.003422971346
0.003421843265
0.003420713032
0.003419580728
0.003418446433
0.003417310224
0.003416172172
0.003415032348
0.003413890817
0.003412747645
0.003411602892
0.003410456618
0.003409308879
0.00340815973
0.003407009222
0.003405857406
0.00340470433
0.003403550039
0.003402394579
0.003401237993
0.00340008032
0.003398921601
0.003397761874
0.003396601175
0.00339543954
0.003394277002
0.003393113594
0.003391949347
0.003390784292
0.003389618458
0.003388451873
0.003387284565
0.003386116558
0.003384947879
0.003383778552
0.0033826086
0.003381438047
0.003380266913
0.00337909522
0.003377922989
0.00337675024
0.00337557699
0.00337440326
0.003373229066
0.003372054426
0.003370879356
0.003369703874
0.003368527994
0.003367351731
0.0033661751
0.003364998116
0.003363820792
0.003362643141
0.003361465176
0.00336028691
0.003359108355
0.003357929523
0.003356750425
0.003355571071
0.003354391474
0.003353211642
0.003352031587
0.003350851319
0.003349670845
0.003348490177
0.003347309322
0.00334612829
0.003344947089
0.003343765728
0.003342584213
0.003341402554
0.003340220757
0.003339038831
0.003337856781
0.003336674616
0.003335492342
0.003334309965
0.003333127492
0.003331944929
0.003330762283
0.003329579559
0.003328396763
0.0033272139
0.003326030977
0.003324847998
0.003323664969
0.003322481894
0.00332129878
0.003320115629
0.003318932448
0.003317749241
0.003316566012
0.003315382766
0.003314199507
0.003313016239
0.003311832966
0.003310649693
0.003309466422
0.003308283158
0.003307099905
0.003305916665
0.003304733444
0.003303550243
0.003302367067
0.003301183919
0.003300000801
0.003298817718
0.003297634672
0.003296451666
0.003295268703
0.003294085786
0.003292902918
0.003291720102
0.003290537339
0.003289354634
0.003288171988
0.003286989404
0.003285806884
0.003284624432
0.003283442048
0.003282259736
0.003281077498
0.003279895336
0.003278713252
0.003277531249
0.003276349328
0.003275167491
0.003273985741
0.00327280408
0.003271622508
0.003270441029
0.003269259644
0.003268078356
0.003266897164
0.003265716073
0.003264535082
0.003263354194
0.003262173411
0.003260992734
0.003259812165
0.003258631705
0.003257451356
0.003256271119
0.003255090996
0.003253910988
0.003252731096
0.003251551323
0.003250371669
0.003249192136
0.003248012725
0.003246833437
0.003245654274
0.003244475236
0.003243296326
0.003242117544
0.003240938892
0.00323976037
0.00323858198
0.003237403723
0.0032362256
0.003235047612
0.00323386976
0.003232692045
0.003231514469
0.003230337032
0.003229159735
0.003227982579
0.003226805566
0.003225628696
0.00322445197
0.003223275388
0.003222098953
0.003220922665
0.003219746524
0.003218570532
0.003217394689
0.003216218996
0.003215043455
0.003213868065
0.003212692828
0.003211517744
0.003210342814
0.00320916804
0.003207993421
0.003206818958
0.003205644653
0.003204470505
0.003203296517
0.003202122687
0.003200949017
0.003199775508
0.00319860216
0.003197428974
0.003196255951
0.003195083091
0.003193910394
0.003192737862
0.003191565495
0.003190393294
0.003189221259
0.00318804939
0.003186877689
0.003185706156
0.003184534792
0.003183363596
0.00318219257
0.003181021715
0.003179851029
0.003178680515
0.003177510173
0.003176340003
0.003175170005
0.003174000181
0.00317283053
0.003171661053
0.003170491751
0.003169322624
0.003168153672
0.003166984896
0.003165816297
0.003164647874
0.003163479629
0.003162311561
0.003161143672
0.003159975961
0.003158808429
0.003157641076
0.003156473903
0.00315530691
0.003154140098
0.003152973467
0.003151807017
0.003150640748
0.003149474662
0.003148308758
0.003147143037
0.003145977499
0.003144812144
0.003143646974
0.003142481987
0.003141317185
0.003140152568
0.003138988136
0.003137823889
0.003136659829
0.003135495954
0.003134332266
0.003133168765
0.003132005451
0.003130842324
0.003129679385
0.003128516634
0.003127354071
0.003126191697
0.003125029512
0.003123867516
0.003122705709
0.003121544092
0.003120382665
0.003119221429
0.003118060383
0.003116899527
0.003115738863
0.00311457839
0.003113418109
0.003112258019
0.003111098122
0.003109938417
0.003108778904
0.003107619584
0.003106460458
0.003105301524
0.003104142784
0.003102984238
0.003101825886
0.003100667729
0.003099509765
0.003098351997
0.003097194423
0.003096037044
0.003094879861
0.003093722873
0.003092566081
0.003091409485
0.003090253085
0.003089096881
0.003087940874
0.003086785064
0.003085629451
0.003084474035
0.003083318816
0.003082163795
0.003081008972
0.003079854347
0.003078699919
0.00307754569
0.00307639166
0.003075237828
0.003074084195
0.003072930761
0.003071777527
0.003070624492
0.003069471656
0.00306831902
0.003067166584
0.003066014348
0.003064862312
0.003063710477
0.003062558842
0.003061407408
0.003060256175
0.003059105142
0.003057954312
0.003056803682
0.003055653254
0.003054503027
0.003053353003
0.00305220318
0.00305105356
0.003049904141
0.003048754925
0.003047605912
0.003046457101
0.003045308494
0.003044160089
0.003043011887
0.003041863889
0.003040716094
0.003039568502
0.003038421114
0.00303727393
0.00303612695
0.003034980174
0.003033833602
0.003032687234
0.003031541071
0.003030395112
0.003029249358
0.003028103809
0.003026958465
0.003025813326
0.003024668392
0.003023523663
0.00302237914
0.003021234822
0.00302009071
0.003018946804
0.003017803104
0.003016659609
0.003015516321
0.003014373239
0.003013230363
0.003012087694
0.003010945231
0.003009802975
0.003008660926
0.003007519084
0.003006377449
0.00300523602
0.003004094799
0.003002953785
0.003001812979
0.00300067238
0.002999531989
0.002998391805
0.00299725183
0.002996112062
0.002994972502
0.00299383315
0.002992694007
0.002991555071
0.002990416344
0.002989277826
0.002988139516
0.002987001415
0.002985863523
0.002984725839
0.002983588365
0.002982451099
0.002981314043
0.002980177195
0.002979040557
0.002977904129
0.00297676791
0.0029756319
0.0029744961
0.00297336051
0.00297222513
0.002971089959
0.002969954999
0.002968820249
0.002967685708
0.002966551378
0.002965417258
0.002964283349
0.00296314965
0.002962016162
0.002960882884
0.002959749817
0.002958616961
0.002957484315
0.002956351881
0.002955219657
0.002954087645
0.002952955844
0.002951824254
0.002950692875
0.002949561708
0.002948430752
0.002947300007
0.002946169474
0.002945039153
0.002943909044
0.002942779146
0.00294164946
0.002940519986
0.002939390725
0.002938261675
0.002937132837
0.002936004212
0.002934875799
0.002933747598
0.002932619609
0.002931491833
0.00293036427
0.002929236919
0.002928109781
0.002926982855
0.002925856143
0.002924729643
0.002923603356
0.002922477282
0.002921351421
0.002920225774
0.002919100339
0.002917975117
0.002916850109
0.002915725314
0.002914600733
0.002913476365
0.002912352211
0.00291122827
0.002910104542
0.002908981029
0.002907857729
0.002906734643
0.002905611771
0.002904489112
0.002903366668
0.002902244438
0.002901122421
0.002900000619
0.002898879031
0.002897757657
0.002896636498
0.002895515553
0.002894394822
0.002893274306
0.002892154004
0.002891033916
0.002889914044
0.002888794386
0.002887674942
0.002886555714
0.0028854367
0.002884317901
0.002883199316
0.002882080947
0.002880962793
0.002879844854
0.00287872713
0.00287760962
0.002876492327
0.002875375248
0.002874258385
0.002873141736
0.002872025304
0.002870909086
0.002869793084
0.002868677298
0.002867561727
0.002866446372
0.002865331232
0.002864216308
0.002863101599
0.002861987107
0.00286087283
0.002859758769
0.002858644924
0.002857531294
0.002856417881
0.002855304684
0.002854191702
0.002853078937
0.002851966388
0.002850854055
0.002849741938
0.002848630037
0.002847518353
0.002846406885
0.002845295633
0.002844184598
0.002843073779
0.002841963176
0.00284085279
0.002839742621
0.002838632668
0.002837522932
0.002836413412
0.002835304109
0.002834195022
0.002833086153
0.0028319775
0.002830869064
0.002829760844
0.002828652842
0.002827545057
0.002826437488
0.002825330136
0.002824223002
0.002823116084
0.002822009383
0.0028209029
0.002819796634
0.002818690584
0.002817584752
0.002816479137
0.00281537374
0.002814268559
0.002813163596
0.002812058851
0.002810954322
0.002809850011
0.002808745918
0.002807642042
0.002806538383
0.002805434942
0.002804331718
0.002803228712
0.002802125923
0.002801023352
0.002799920999
0.002798818863
0.002797716945
0.002796615244
0.002795513762
0.002794412497
0.00279331145
0.00279221062
0.002791110009
0.002790009615
0.002788909439
0.002787809481
0.002786709741
0.002785610219
0.002784510914
0.002783411828
0.00278231296
0.002781214309
0.002780115877
0.002779017663
0.002777919667
0.002776821889
0.002775724329
0.002774626987
0.002773529863
0.002772432958
0.00277133627
0.002770239801
0.00276914355
0.002768047517
0.002766951703
0.002765856106
0.002764760728
0.002763665569
0.002762570627
0.002761475904
0.002760381399
0.002759287113
0.002758193045
0.002757099195
0.002756005564
0.002754912151
0.002753818957
0.002752725981
0.002751633224
0.002750540684
0.002749448364
0.002748356262
0.002747264378
0.002746172713
0.002745081267
0.002743990039
0.002742899029
0.002741808238
0.002740717666
0.002739627312
0.002738537177
0.00273744726
0.002736357562
0.002735268083
0.002734178822
0.00273308978
0.002732000956
0.002730912351
0.002729823965
0.002728735798
0.002727647849
0.002726560118
0.002725472607
0.002724385314
0.00272329824
0.002722211384
0.002721124748
0.00272003833
0.00271895213
0.00271786615
0.002716780388
0.002715694845
0.00271460952
0.002713524414
0.002712439528
0.002711354859
0.00271027041
0.002709186179
0.002708102167
0.002707018374
0.0027059348
0.002704851444
0.002703768307
0.002702685389
0.00270160269
0.00270052021
0.002699437948
0.002698355905
0.002697274081
0.002696192475
0.002695111089
0.002694029921
0.002692948972
0.002691868242
0.00269078773
0.002689707437
0.002688627364
0.002687547509
0.002686467872
0.002685388455
0.002684309256
0.002683230276
0.002682151515
0.002681072972
0.002679994649
0.002678916544
0.002677838658
0.00267676099
0.002675683542
0.002674606312
0.002673529301
0.002672452508
0.002671375935
0.00267029958
0.002669223444
0.002668147526
0.002667071827
0.002665996347
0.002664921086
0.002663846043
0.002662771219
0.002661696614
0.002660622227
0.002659548059
0.00265847411
0.002657400379
0.002656326867
0.002655253573
0.002654180498
0.002653107642
0.002652035004
0.002650962585
0.002649890384
0.002648818402
0.002647746638
0.002646675092
0.002645603766
0.002644532657
0.002643461767
0.002642391095
0.002641320642
0.002640250406
0.002639180389
0.002638110591
0.00263704101
0.002635971648
0.002634902504
0.002633833578
0.00263276487
0.00263169638
0.002630628109
0.002629560055
0.002628492219
0.0026274246
0.0026263572
0.002625290018
0.002624223053
0.002623156306
0.002622089776
0.002621023464
0.002619957369
0.002618891492
0.002617825832
0.00261676039
0.002615695165
0.002614630156
0.002613565365
0.002612500791
0.002611436434
0.002610372294
0.00260930837
0.002608244663
0.002607181173
0.002606117899
0.002605054841
0.002603992
0.002602929375
0.002601866965
0.002600804772
0.002599742795
0.002598681033
0.002597619487
0.002596558156
0.002595497041
0.00259443614
0.002593375455
0.002592314985
0.002591254729
0.002590194688
0.002589134861
0.002588075248
0.00258701585
0.002585956665
0.002584897694
0.002583838937
0.002582780393
0.002581722062
0.002580663944
0.002579606038
0.002578548345
0.002577490865
0.002576433596
0.002575376538
0.002574319693
0.002573263058
0.002572206635
0.002571150421
0.002570094419
0.002569038626
0.002567983043
0.002566927669
0.002565872504
0.002564817547
0.002563762799
0.002562708259
0.002561653926
0.002560599799
0.002559545879
0.002558492166
0.002557438657
0.002556385353
0.002555332254
0.002554279358
0.002553226666
0.002552174176
0.002551121887
0.002550069799
0.002549017912
0.002547966224
0.002546914734
0.002545863442
0.002544812346
0.002543761446
0.002542710739
0.002541660226
0.002540609905
0.002539559774
0.002538509831
0.002537460076
0.002536410506
0.00253536112
0.002534311916
0.002533262891
0.002532214042
0.002531165369
0.002530116867
0.002529068533
0.002528020365
0.002526972359
0.002525924509
0.002524876813
0.002523829266
0.002522781861
0.002521734593
0.002520687456
0.002519640443
0.002518593544
0.002517546752
0.002516500057
0.002515453446
0.002514406908
0.002513360428
0.002512313991
0.002511267577
0.002510221167
0.002509174736
0.002508128256
0.002507081697
0.00250603502
0.002504988184
0.002503941135
0.002502893815
0.002501846149
0.002500798051
0.002499749411
0.002498700097
0.002497649942
0.002496598733
0.002495546197
0.002494491975
0.00249343559
0.002492376401
0.00249131354
0.002490245847
0.002489171832
0.002488089786
0.002486998313
0.002485897913
0.00248479555
0.00248371455
0.00248271056
0.002481880557
0.002481321397
0.002481028736
0.002480891621
0.002480817063
0.002480768765
0.002480744434
0.002480741473
0.00248074267
0.002480752463
0.00248078883
0.002480877892
0.002481035414
0.002481204035
0.002481269168
0.002481275799
0.002481275896
0.002481276967
0.002481281499
0.002481295017
0.002481326111
0.002481385282
0.002481480091
0.002481585347
0.002481644188
0.002481643952
0.002481642071
0.002481637209
0.00248162634
0.002481607666
0.002481602854
0.002481603359
0.002481606073
0.002481615423
0.002481632474
0.00248163795
0.00248163986
0.002481638558
0.002481632116
0.002481620345
0.002481615057
0.002481613642
0.002481612736
0.002481612666
0.002481612473
0.002481611377
0.002481607936
0.002481601089
0.002481594312
0.002481591947
0.002481591868
0.002481591665
0.002481590581
0.002481587413
0.002481581711
0.002481575917
0.002481574276
0.002481573787
0.002481573019
0.002481571066
0.002481567002
0.002481561351
0.002481556754
0.002481556742
0.002481556686
0.002481555967
0.002481553224
0.002481547653
0.002481542856
0.002481541003
0.002481540591
0.002481540112
0.002481538647
0.002481535044
0.002481530041
0.002481528262
0.002481528176
0.002481527866
0.002481526727
0.002481524129
0.002481520166
0.002481516615
0.00248151623
0.002481516197
0.002481515705
0.002481513597
0.002481509157
0.002481505437
0.002481504166
0.002481503878
0.002481503754
0.002481503249
0.002481501574
0.002481498799
0.002481496737
0.002481496165
0.002481495802
0.002481495141
0.002481493638
0.002481490738
0.002481487249
0.002481485809
0.002481485987
0.002481486449
0.002481486433
0.002481486073
0.002481485188
0.002481483665
0.002481481527
0.00248147904
0.002481476656
0.002481474872
0.002481473847
0.002481473312
0.002481472877
0.002481472318
0.002481471574
0.002481470776
0.002481470069
0.002481469396
0.002481468593
0.002481467644
0.002481466839
0.002481466453
0.002481466153
0.002481465515
0.002481464043
0.002481461907
0.002481460593
0.002481460535
0.002481460467
0.002481460129
0.002481459134
0.002481457249
0.002481455132
0.002481455163
0.002481455273
0.002481455455
0.002481455401
0.002481455116
0.002481454373
0.002481453047
0.002481451466
0.002481450331
0.0024814498
0.002481449817
0.002481449856
0.002481449769
0.002481449455
0.002481448748
0.002481447533
0.002481446076
0.002481445013
0.002481444675
0.002481444603
0.002481444494
0.002481444234
0.002481443702
0.00248144281
0.002481441769
0.002481441044
0.002481441071
0.002481441133
0.002481441034
0.002481440624
0.002481439636
0.002481438198
0.002481437247
0.002481437313
0.002481437398
0.002481437446
0.002481437371
0.002481437077
0.002481436352
0.002481435081
0.002481433658
0.002481432901
0.00248143298
0.002481433177
0.00248143344
0.002481433644
0.002481433787
0.002481433502
0.002481432659
0.002481431203
0.002481429779
0.002481429259
0.002481429296
0.002481429355
0.002481429306
0.002481429161
0.002481428914
0.002481428622
0.002481428331
0.002481428019
0.002481427685
0.002481427384
0.002481427145
0.002481426904
0.002481426541
0.00248142593
0.002481425163
0.00248142471
0.002481424776
0.002481424898
0.002481425024
0.002481425085
0.002481424688
0.002481423556
0.002481422122
0.002481421376
0.00248142147
0.00248142168
0.002481421984
0.002481422215
0.002481422351
0.002481422021
0.002481421157
0.00248142009
0.002481419974
0.002481420052
0.002481420254
0.002481420442
0.002481420299
0.002481419779
0.002481418873
0.00248141813
0.002481418219
0.0024814184
0.00248141857
0.002481418739
0.002481418512
0.00248141782
0.002481416764
0.002481416024
0.00248141611
0.002481416302
0.002481416603
0.002481416841
0.002481417035
0.002481416867
0.002481416316
0.002481415425
0.002481414856
0.00248141492
0.002481415022
0.002481415101
0.002481414995
0.002481414807
0.002481414706
0.002481414633
0.002481414463
0.002481414059
0.002481413403
0.002481412783
0.002481412819
0.002481412899
0.002481413011
0.002481413206
0.002481413054
0.002481412429
0.002481412467
0.002481412605
0.002481412951
0.002481413318
0.002481413272
0.002481412798
0.002481411996
0.002481412076
0.002481412235
0.002481412398
0.002481412509
0.002481412036
0.002481411056
0.002481411102
0.002481411243
0.002481411476
0.002481411586
0.002481411104
0.00248141014
0.002481410212
0.002481410389
0.002481410669
0.002481410935
0.002481410864
0.002481410462
0.002481409878
0.002481409948
0.002481410062
0.002481410193
0.002481410462
0.002481410358
0.002481409884
0.002481409876
0.002481409988
0.002481410291
0.00248141021
0.002481409773
0.002481409526
0.00248140964
0.002481409948
0.002481409941
0.002481409467
0.002481409104
0.002481409233
0.002481409601
0.002481409831
0.002481409531
0.002481409352
0.002481409479
0.002481409786
0.00248140994
0.002481409447
0.002481409036
0.002481409173
0.00248140954
0.0024814098
0.002481409988
0.002481409592
0.002481408943
0.002481408908
0.002481408957
0.002481408957
0.002481408994
0.002481409136
0.002481409517
0.002481409847
0.002481410032
0.002481409586
0.002481408888
0.00248140901
0.002481409286
0.002481409555
0.002481409896
0.002481409826
0.002481409246
0.002481409313
0.002481409531
0.002481410073
0.00248141057
0.002481410759
0.002481410165
0.002481409148
0.002481409261
0.002481409508
0.002481409838
0.002481410176
0.00248141036
0.002481409809
0.002481409875
0.002481410111
0.002481410672
0.002481411144
0.002481411443
0.002481411083
0.002481410318
0.002481409799
0.002481409895
0.002481410082
0.00248141044
0.00248141075
0.002481411025
0.002481411272
0.002481411558
0.00248141143
0.002481411289
0.002481411372
0.002481411556
0.002481411982
0.002481411908
0.002481411353
0.002481411446
0.002481411791
0.002481412485
0.002481412962
0.002481413227
0.002481412752
0.002481412127
0.002481412241
0.002481412466
0.002481412874
0.002481413234
0.00248141349
0.002481413757
0.00248141349
0.002481413126
0.002481413272
0.002481413627
0.002481414184
0.00248141464
0.002481414985
0.002481414603
0.002481413828
0.002481413943
0.002481414204
0.002481414832
0.002481415379
0.002481415746
0.002481415677
0.002481415502
0.00248141564
0.002481415981
0.002481416337
0.002481416667
0.002481416387
0.002481416271
0.002481416451
0.002481416927
0.002481417358
0.00248141764
0.002481417868
0.002481418184
0.00248141799
0.002481417538
0.002481417643
0.002481417911
0.002481418644
0.002481419292
0.002481419737
0.002481419459
0.002481418917
0.002481419004
0.002481419243
0.002481419788
0.002481420221
0.002481420622
0.002481420644
0.00248142085
0.002481421442
0.002481421959
0.002481422249
0.002481421549
0.002481421589
0.002481421826
0.002481422442
0.002481422992
0.002481423397
0.002481423769
0.00248142408
0.002481424361
0.002481424795
0.002481424636
0.002481423995
0.00248142407
0.002481424346
0.002481425239
0.002481426024
0.002481426515
0.002481426439
0.002481426054
0.00248142617
0.002481426491
0.002481427263
0.002481427967
0.002481428488
0.00248142823
0.002481427943
0.00248142815
0.002481428816
0.002481429507
0.002481429922
0.002481430083
0.002481429709
0.002481429894
0.002481430554
0.002481431287
0.002481431721
0.002481431967
0.002481431712
0.002481431933
0.002481432782
0.00248143361
0.002481434262
0.002481434078
0.002481433861
0.002481434093
0.002481434823
0.002481435531
0.002481436119
0.002481436159
0.002481436419
0.002481436937
0.002481437453
0.002481437163
0.0024814374
0.002481438244
0.002481439048
0.002481439543
0.002481438839
0.00248143901
0.002481439494
0.002481440411
0.002481441277
0.002481441753
0.002481442141
0.002481442705
0.002481443176
0.002481443347
0.002481443003
0.00248144321
0.002481443805
0.002481444758
0.002481445478
0.002481446181
0.002481446153
0.002481446456
0.002481447205
0.002481447754
0.002481448323
0.002481448177
0.002481448485
0.002481449257
0.002481449875
0.002481450381
0.002481450905
0.002481451584
0.002481452123
0.002481452745
0.00248145267
0.002481453014
0.002481453847
0.002481454477
0.00248145494
0.002481455359
0.002481456054
0.002481456658
0.002481457183
0.002481457548
0.002481458024
0.002481458849
0.002481459458
0.002481459849
0.002481460331
0.002481461154
0.002481461755
0.002481462236
0.002481462737
0.002481463604
0.002481464272
0.002481464807
0.002481465409
0.002481465517
0.002481465972
0.002481467038
0.002481467959
0.002481468598
0.002481469169
0.002481469499
0.002481470052
0.002481471115
0.002481471847
0.002481472457
0.002481472758
0.00248147331
0.002481474374
0.002481475133
0.002481475714
0.002481476288
0.002481477215
0.002481478072
0.002481478813
0.002481479407
0.002481480017
0.002481481035
0.002481481914
0.002481482688
0.002481483363
0.002481484067
0.002481485051
0.002481485927
0.00248148673
0.002481487396
0.002481488106
0.002481489155
0.002481490075
0.002481490928
0.002481491687
0.002481492353
0.002481493077
0.00248149418
0.002481495177
0.002481496071
0.002481496936
0.002481497799
0.002481498649
0.00248149947
0.002481500218
0.002481501042
0.002481502167
0.002481503209
0.002481504184
0.002481505078
0.002481505931
0.002481506897
0.002481508052
0.002481509131
0.002481510152
0.002481511125
0.002481512075
0.002481513149
0.002481514334
0.002481515448
0.002481516481
0.002481517464
0.002481518564
0.002481519832
0.002481521018
0.002481522118
0.002481523156
0.002481524297
0.002481525627
0.002481526869
0.002481528026
0.002481529137
0.00248153036
0.002481531748
0.002481533054
0.002481534268
0.002481535455
0.00248153678
0.002481538218
0.002481539577
0.002481540813
0.002481542098
0.002481543576
0.002481545021
0.002481546431
0.002481547771
0.002481549176
0.002481550763
0.002481552271
0.002481553688
0.002481555139
0.002481556721
0.002481558315
0.002481559892
0.002481561399
0.002481562995
0.0024815647
0.002481566337
0.002481567898
0.002481569558
0.00248157134
0.002481573045
0.002481574668
0.002481576391
0.002481578249
0.002481580029
0.002481581722
0.002481583518
0.002481585463
0.002481587334
0.002481589107
0.00248159097
0.002481593008
0.002481594991
0.002481596915
0.002481598845
0.002481600874
0.002481602989
0.002481605046
0.002481607006
0.002481609083
0.002481611373
0.002481613599
0.002481615743
0.002481617906
0.002481620234
0.002481622621
0.002481625008
0.002481627357
0.002481629688
0.002481632134
0.002481634705
0.002481637256
0.002481639775
0.002481642273
0.002481644887
0.002481647638
0.002481650373
0.00248165307
0.002481655754
0.002481658568
0.002481661507
0.002481664424
0.002481667298
0.002481670173
0.002481673202
0.002481676357
0.002481679495
0.00248168259
0.002481685716
0.002481689015
0.002481692402
0.002481695799
0.002481699161
0.00248170253
0.002481706065
0.002481709755
0.002481713462
0.002481717188
0.002481720941
0.002481724708
0.002481728608
0.002481732667
0.002481736756
0.002481740871
0.002481745009
0.00248174921
0.00248175357
0.002481758038
0.002481762531
0.002481767012
0.002481771563
0.002481776277
0.002481781096
0.002481785949
0.002481790816
0.002481795822
0.002481800988
0.002481806175
0.002481811365
0.00248181673
0.002481822292
0.002481827894
0.002481833497
0.002481839263
0.002481845271
0.002481851384
0.002481857606
0.002481863951
0.002481870557
0.002481877474
0.002481884603
0.002481891973
0.002481899764
0.002481908156
0.002481917165
0.002481926943
0.002481937693
0.002481949834
0.00248196372
0.002481979706
0.002481998365
0.002482020628
0.002482047523
0.002482080111
0.002482119924
0.00248216889
0.002482229438
0.002482304541
0.002482397702
0.002482513279
0.002482656609
0.002482834119
0.002483053459
0.002483323762
0.002483655886
0.002484062652
0.002484559077
0.002485162638
0.002485893573
0.002486775193
0.002487834166
0.002489100789
0.002490609295
0.002492398145
0.002494510194
0.00249699285
0.002499898251
0.002503283377
0.002507210021
0.002511744634
0.002516958172
0.002522925856
0.002529726759
0.002537443247
0.002546160161
0.00255596487
0.002566944779
0.002579188117
0.00259278184
0.002607810079
0.002624354193
0.002642489238
0.002662284908
0.002683801322
0.002707090122
0.002732189975
0.002759127491
0.002787913982
0.002818543537
0.002850993506
0.002885220572
0.002921161073
0.002958730212
0.002997820032
0.003038300411
0.003080018668
0.003122800018
0.003166449169
0.003210751657
0.003255476656
0.003300379699
0.003345206869
0.003389697157
0.00343359
0.003476626529
0.003518558326
0.003559149156
0.003598182788
0.003635464723
0.003670828626
0.003704136535
0.003735284687
0.003764200664
0.003790847249
0.003815218483
0.00383734056
0.003857267548
0.003875079158
0.003890876291
0.003904777114
0.003916912724
0.003927423065
0.003936452929
0.003944148273
0.003950653049
0.003956106415
0.003960640514
0.003964378921
0.003967435367
0.003969913026
0.003971904263
0.003973490704
0.003974743578
0.003975724289
0.003976485144
0.003977070176
0.003977516025
0.003977852821
0.003978105052
0.003978292388
0.003978430443
0.003978531473
0.003978604983
0.003978658261
0.003978696827
0.003978724815
0.003978745282
0.003978760438
0.003978771836
0.003978780587
0.00397878746
0.003978793011
0.003978797631
0.003978801588
0.00397880508
0.003978808263
0.003978811195
0.00397881386
0.003978816283
0.003978818475
0.003978820446
0.003978822207
0.003978823775
0.003978825173
0.003978826428
0.003978827568
0.003978828589
0.003978829473
0.003978830221
0.003978830843
0.00397883135
0.003978831761
0.00397883209
0.003978832348
0.003978832536
0.003978832673
0.003978832765
0.003978832819
0.003978832818
0.003978832807
0.003978832772
0.003978832712
0.003978832635
0.003978832547
0.003978832453
0.003978832353
0.00397883224
0.003978832106
0.003978831949
0.003978831778
0.003978831608
0.003978831465
0.003978831362
0.003978831273
0.003978831178
0.003978831054
0.003978830899
0.003978830718
0.003978830526
0.003978830337
0.003978830173
0.003978830046
0.003978829945
0.003978829844
0.003978829718
0.003978829553
0.003978829364
0.00397882917
0.003978828988
0.003978828836
0.003978828715
0.003978828611
0.003978828506
0.003978828385
0.003978828242
0.003978828079
0.003978827905
0.003978827732
0.003978827568
0.003978827417
0.003978827276
0.003978827137
0.003978826991
0.003978826829
0.003978826645
0.003978826443
0.003978826232
0.003978826024
0.003978825839
0.003978825688
0.003978825557
0.003978825421
0.003978825254
0.003978825035
0.003978824781
0.003978824513
0.003978824254
0.00397882404
0.003978823883
0.003978823754
0.003978823603
0.00397882341
0.003978823174
0.003978822917
0.003978822656
0.003978822405
0.003978822181
0.003978821994
0.003978821831
0.003978821672
0.003978821503
0.003978821315
0.003978821112
0.003978820904
0.003978820698
0.003978820499
0.003978820309
0.003978820125
0.003978819944
0.003978819764
0.00397881958
0.00397881939
0.003978819194
0.003978818996
0.003978818803
0.003978818625
0.003978818471
0.003978818337
0.003978818208
0.003978818065
0.00397881789
0.003978817684
0.003978817464
0.003978817253
0.003978817088
0.003978816985
0.003978816902
0.003978816811
0.003978816679
0.003978816505
0.003978816306
0.0039788161
0.003978815906
0.003978815746
0.003978815623
0.00397881552
0.003978815413
0.003978815285
0.003978815138
0.003978814984
0.003978814836
0.003978814705
0.003978814595
0.003978814501
0.003978814416
0.00397881433
0.003978814234
0.003978814119
0.003978813981
0.003978813825
0.003978813664
0.003978813512
0.003978813396
0.003978813336
0.003978813301
0.003978813266
0.003978813196
0.003978813071
0.003978812903
0.003978812721
0.003978812551
0.003978812442
0.003978812408
0.003978812387
0.003978812358
0.003978812278
0.00397881214
0.003978811975
0.003978811807
0.003978811673
0.003978811617
0.003978811599
0.003978811609
0.003978811606
0.003978811557
0.003978811435
0.00397881128
0.003978811125
0.003978811004
0.00397881094
0.003978810911
0.003978810885
0.003978810846
0.003978810787
0.003978810715
0.003978810638
0.003978810566
0.003978810503
0.003978810452
0.003978810412
0.003978810378
0.003978810345
0.003978810305
0.003978810253
0.003978810185
0.003978810106
0.003978810024
0.003978809953
0.003978809916
0.003978809932
0.003978809964
0.003978809998
0.003978809965
0.003978809882
0.003978809771
0.003978809653
0.003978809554
0.003978809515
0.003978809538
0.003978809582
0.003978809651
0.003978809639
0.003978809562
0.003978809437
0.003978809313
0.003978809215
0.003978809177
0.003978809192
0.003978809216
0.003978809213
0.003978809192
0.003978809149
0.003978809093
0.003978809038
0.003978808995
0.003978808971
0.003978808971
0.003978808973
0.003978808968
0.003978808948
0.003978808903
0.003978808832
0.003978808744
0.003978808654
0.003978808579
0.003978808536
0.00397880855
0.00397880858
0.003978808631
0.003978808694
0.00397880864
0.003978808524
0.00397880839
0.003978808266
0.003978808195
0.00397880822
0.003978808269
0.003978808341
0.003978808286
0.00397880818
0.003978808047
0.003978807922
0.003978807849
0.003978807877
0.003978807938
0.003978808025
0.003978808118
0.003978808065
0.003978807957
0.003978807834
0.003978807709
0.003978807627
0.003978807633
0.003978807649
0.00397880767
0.003978807678
0.003978807663
0.003978807633
0.003978807596
0.003978807557
0.00397880752
0.003978807487
0.003978807461
0.003978807469
0.003978807501
0.003978807562
0.003978807659
0.003978807649
0.003978807586
0.003978807472
0.003978807369
0.003978807361
0.003978807401
0.003978807493
0.003978807627
0.003978807673
0.003978807601
0.003978807477
0.00397880736
0.003978807304
0.003978807343
0.003978807421
0.00397880756
0.003978807702
0.003978807721
0.003978807657
0.00397880755
0.003978807441
0.003978807454
0.003978807506
0.003978807589
0.00397880774
0.003978807876
0.00397880782
0.003978807731
0.003978807677
0.003978807702
0.003978807741
0.003978807761
0.003978807754
0.003978807762
0.003978807798
0.003978807864
0.003978807942
0.003978807985
0.003978807964
0.003978807938
0.003978807952
0.003978807998
0.003978808078
0.003978808182
0.00397880827
0.003978808243
0.003978808199
0.003978808151
0.003978808105
0.003978808115
0.003978808161
0.003978808253
0.003978808422
0.003978808595
0.003978808647
0.003978808579
0.003978808478
0.003978808389
0.003978808429
0.003978808522
0.003978808683
0.00397880885
0.003978808942
0.00397880887
0.003978808763
0.003978808664
0.00397880868
0.003978808733
0.00397880882
0.003978808928
0.003978809061
0.003978809168
0.003978809141
0.003978809112
0.003978809086
0.003978809061
0.003978809054
0.003978809076
0.003978809139
0.003978809242
0.003978809401
0.003978809595
0.003978809596
0.003978809531
0.003978809433
0.003978809335
0.003978809366
0.003978809452
0.003978809574
0.00397880977
0.003978809965
0.003978809947
0.003978809871
0.00397880978
0.003978809692
0.003978809729
0.003978809828
0.003978809989
0.003978810191
0.003978810349
0.003978810278
0.003978810173
0.003978810096
0.003978810134
0.003978810216
0.003978810317
0.003978810429
0.003978810523
0.00397881058
0.003978810617
0.003978810653
0.00397881069
0.003978810727
0.003978810764
0.003978810808
0.003978810868
0.003978810947
0.003978811043
0.003978811144
0.003978811226
0.003978811255
0.003978811242
0.003978811237
0.003978811259
0.003978811328
0.003978811447
0.003978811613
0.003978811849
0.003978811978
0.003978811897
0.003978811795
0.003978811712
0.003978811779
0.003978811918
0.003978812151
0.003978812378
0.003978812565
0.003978812497
0.003978812393
0.003978812314
0.003978812357
0.003978812461
0.003978812607
0.003978812856
0.003978813094
0.003978813114
0.003978813056
0.003978812986
0.003978813033
0.003978813129
0.00397881324
0.00397881332
0.003978813377
0.003978813459
0.003978813594
0.003978813783
0.003978814009
0.003978813983
0.003978813915
0.003978813846
0.003978813897
0.003978814022
0.003978814238
0.003978814507
0.003978814766
0.00397881472
0.003978814632
0.003978814557
0.00397881459
0.003978814672
0.003978814812
0.003978815022
0.003978815298
0.003978815508
0.003978815437
0.003978815341
0.003978815301
0.003978815376
0.003978815527
0.0039788157
0.003978815873
0.003978815979
0.003978816043
0.003978816092
0.003978816149
0.003978816224
0.003978816323
0.003978816444
0.003978816577
0.003978816706
0.003978816817
0.003978816917
0.003978817023
0.003978817136
0.003978817233
0.003978817282
0.003978817304
0.003978817356
0.003978817477
0.003978817667
0.003978817964
0.003978818224
0.003978818184
0.0039788181
0.003978818128
0.003978818215
0.003978818341
0.00397881849
0.003978818679
0.003978818928
0.003978819215
0.003978819205
0.003978819112
0.003978819049
0.003978819131
0.003978819297
0.003978819507
0.003978819791
0.003978820083
0.003978820201
0.003978820131
0.003978820082
0.003978820151
0.003978820292
0.003978820452
0.003978820598
0.003978820761
0.00397882096
0.003978821179
0.003978821295
0.003978821283
0.003978821314
0.003978821407
0.003978821543
0.003978821674
0.003978821793
0.003978821962
0.003978822197
0.003978822534
0.003978822693
0.003978822621
0.003978822592
0.003978822679
0.003978822845
0.003978823023
0.003978823212
0.003978823454
0.003978823783
0.003978823912
0.003978823821
0.003978823728
0.003978823815
0.00397882401
0.003978824276
0.003978824596
0.003978824845
0.00397882484
0.003978824901
0.003978824947
0.003978824996
0.003978825119
0.003978825351
0.003978825737
0.003978826024
0.003978825997
0.003978826077
0.003978826258
0.003978826447
0.003978826434
0.003978826491
0.003978826674
0.003978827006
0.003978827264
0.003978827214
0.003978827289
0.003978827521
0.003978827934
0.003978828044
0.003978827952
0.003978828032
0.003978828264
0.003978828669
0.003978828904
0.003978828898
0.003978829107
0.003978829509
0.003978829523
0.003978829375
0.00397882941
0.003978829646
0.003978830221
0.003978830596
0.003978830509
0.003978830393
0.003978830611
0.003978831019
0.003978830907
0.003978830572
0.003978830754
0.003978831571
0.003978832494
0.003978832373
0.003978831584
0.003978831658
0.003978832768
0.003978833491
0.003978832894
0.003978831363
0.003978830728
0.003978832397
0.003978831057
0.003978824852
0.003978815353
0.003978799042
0.0039787555
0.003978656738
0.003978443869
0.003977969803
0.00397691853
0.003974597813
0.003969462759
0.003958137603
0.003933331307
0.003879695589
0.003767686655
0.003553569245
0.003224038114
0.002923337434
0.002810516149
0.002792449442
0.002790527069
0.002790339314
0.002790320985
0.002790319194
0.002790319019
0.002790319002
0.002790319
0.002790319
0.002790319
0.002790319
0.002790319
0.002790319
0.002790319
0.002790319
0.002790319
0.002790319
0.002790319
0.002790319
0.002790319
0.002790319
0.002790319
0.002790319
0.002790319
0.002790319
0.002790319
0.002790319
0.002790319
0.002790319
0.002790319
0.002790319
0.002790319
0.002790319
0.002790319
0.002790319
0.002790319
0.002790319
0.002790319
0.002790319
0.002790319
0.002790319
0.002790319
0.002790319
0.002790319
0.002790319
0.002790319
0.002790319
0.002790319
0.002790319
0.002790319
0.002790319
0.002790319
0.002790319
0.002790319
0.002790319
0.002790319
0.002790319
0.002790319
0.002790319
0.002790319
0.002790319
0.002790319
0.002790319
0.002790319
0.002790319
0.002790319
0.002790319
0.002790319
0.002790319
0.002790319
0.002790319
0.002790319
0.002790319
0.002790319
0.002790319
0.002790319
0.002790319
0.002790319
0.002790319
0.002790319
0.002790319
0.002790319
0.002790319
0.002790319
0.002790319
0.002790319
0.002790319
0.002790319
0.002790319
0.002790319
0.002790319
0.002790319
0.002790319
0.002790319
0.002790319
0.002790319
0.002790319
0.002790319
0.002790319
0.002790319
0.002790319
0.002790319
0.002790319
0.002790319
0.002790319
0.002790319
0.002790319
0.002790319
0.002790319
0.002790319
0.002790319
0.002790319
0.002790319
0.002790319
0.002790319
0.002790319
0.002790319
0.002790319
0.002790319
0.002790319
0.002790319
0.002790319
0.002790319
0.002790319
0.002790319
0.002790319
0.002790319
0.002790319
0.002790319
0.002790319
0.002790319
0.002790319
0.002790319
0.002790319
0.002790319
0.002790319
0.002790319
0.002790319
0.002790319
0.002790319
0.002790319
0.002790319
0.002790319
0.002790319
0.002790319
0.002790319
0.002790319
0.002790319
0.002790319
0.002790319
0.002790319
0.002790319
0.002790319
0.002790319
0.002790319
0.002790319
0.002790319
0.002790319
0.002790319
0.002790319
0.002790319
0.002790319
0.002790319
0.002790319
0.002790319
0.002790319
0.002790319
0.002790319
0.002790319
0.002790319
0.002790319
0.002790319
0.002790319
0.002790319
0.002790319
0.002790319
0.002790319
0.002790319
0.002790319
0.002790319
0.002790319
0.002790319
0.002790319
0.002790319
0.002790319
0.002790319
0.002790319
0.002790319
0.002790319
0.002790319
0.002790319
0.002790319
0.002790319
0.002790319
0.002790319
0.002790319
0.002790319
0.002790319
0.002790319
0.002790319
0.002790319
0.002790319
0.002790319
0.002790319
0.002790319
0.002790319
0.002790319
0.002790319
0.002790319
0.002790319
0.002790319
0.002790319
0.002790319
0.002790319
0.002790319
0.002790319
0.002790319
0.002790319
0.002790319
0.002790319
0.002790319
0.002790319
0.002790319
0.002790319
0.002790319
0.002790319
0.002790319
0.002790319
0.002790319
0.002790319
0.002790319
0.002790319
0.002790319
0.002790319
0.002790319
0.002790319
0.002790319
0.002790319
0.002790319
0.002790319
0.002790319
0.002790319
0.002790319
0.002790319
0.002790319
0.002790319
0.002790319
0.002790319
0.002790319
0.002790319
0.002790319
0.002790319
0.002790319
0.002790319
0.002790319
0.002790319
0.002790319
0.002790319
0.002790319
0.002790319
0.002790319
0.002790319
0.002790319
0.002790319
0.002790319
0.002790319
0.002790319
0.002790319
0.002790319
0.002790319
0.002790319
0.002790319
0.002790319
0.002790319
0.002790319
0.002790319
0.002790319
0.002790319
0.002790319
0.002790319
0.002790319
0.002790319
0.002790319
0.002790319
0.002790319
0.002790319
0.002790319
0.002790319
0.002790319
0.002790319
0.002790319
0.002790319
0.002790319
0.002790319
0.002790319
0.002790319
0.002790319
0.002790319
0.002790319
0.002790319
0.002790319
0.002790319
0.002790319
0.002790319
0.002790319
0.002790319
0.002790319
0.002790319
0.002790319
0.002790319
0.002790319
0.002790319
0.002790319
0.002790319
0.002790319
0.002790319
0.002790319
0.002790319
0.002790319
0.002790319
0.002790319
0.002790319
0.002790319
0.002790319
0.002790319
0.002790319
0.002790319
0.002790319
0.002790319
0.002790319
0.002790319
0.002790319
0.002790319
0.002790319
0.002790319
0.002790319
0.002790319
0.002790319
0.002790319
0.002790319
0.002790319
0.002790319
0.002790319
0.002790319
0.002790319
0.002790319
0.002790319
0.002790319
0.002790319
0.002790319
0.002790319
0.002790319
0.002790319
0.002790319
0.002790319
0.002790319
0.002790319
0.002790319
0.002790319
0.002790319
0.002790319
0.002790319
0.002790319
0.002790319
0.002790319
0.002790319
0.002790319
0.002790319
0.002790319
0.002790319
0.002790319
0.002790319
0.002790319
0.002790319
0.002790319
0.002790319
0.002790319
0.002790319
0.002790319
0.002790319
0.002790319
0.002790319
0.002790319
0.002790319
0.002790319
0.002790319
0.002790319
0.002790319
0.002790319
0.002790319
0.002790319
0.002790319
0.002790319
0.002790319
0.002790319
0.002790319
0.002790319
0.002790319
0.002790319
0.002790319
0.002790319
0.002790319
0.002790319
0.002790319
0.002790319
0.002790319
0.002790319
0.002790319
0.002790319
0.002790319
0.002790319
0.002790319
0.002790319
0.002790319
0.002790319
0.002790319
0.002790319
0.002790319
0.002790319
0.002790319
0.002790319
0.002790319
0.002790319
0.002790319
0.002790319
0.002790319
0.002790319
0.002790319
0.002790319
0.002790319
0.002790319
0.002790319
0.002790319
0.002790319
0.002790319
0.002790319
0.002790319
0.002790319
0.002790319
0.002790319
0.002790319
0.002790319
0.002790319
0.002790319
0.002790319
0.002790319
0.002790319
0.002790319
0.002790319
0.002790319
0.002790319
0.002790319
0.002790319
0.002790319
0.002790319
0.002790319
0.002790319
0.002790319
0.002790319
0.002790319
0.002790319
0.002790319
0.002790319
0.002790319
0.002790319
0.002790319
0.002790319
0.002790319
0.002790319
0.002790319
0.002790319
0.002790319
0.002790319
0.002790319
0.002790319
0.002790319
0.002790319
0.002790319
0.002790319
0.002790319
0.002790319
0.002790319
0.002790319
0.002790319
0.002790319
0.002790319
0.002790319
0.002790319
0.002790319
0.002790319
0.002790319
0.002790319
0.002790319
0.002790319
0.002790319
0.002790319
0.002790319
0.002790319
0.002790319
0.002790319
0.002790319
0.002790319
0.002790319
0.002790319
0.002790319
0.002790319
0.002790319
0.002790319
0.002790319
0.002790319
0.002790319
0.002790319
0.002790319
0.002790319
0.002790319
0.002790319
0.002790319
0.002790319
0.002790319
0.002790319
0.002790319
0.002790319
0.002790319
0.002790319
0.002790319
0.002790319
0.002790319
0.002790319
0.002790319
0.002790319
0.002790319
0.002790319
0.002790319
0.002790319
0.002790319
0.002790319
0.002790319
0.002790319
0.002790319
0.002790319
0.002790319
0.002790319
0.002790319
0.002790319
0.002790319
0.002790319
0.002790319
0.002790319
0.002790319
0.002790319
0.002790319
0.002790319
0.002790319
0.002790319
0.002790319
0.002790319
0.002790319
0.002790319
0.002790319
0.002790319
0.002790319
0.002790319
0.002790319
0.002790319
0.002790319
0.002790319
0.002790319
0.002790319
0.002790319
0.002790319
0.002790319
0.002790319
0.002790319
0.002790319
0.002790319
0.002790319
0.002790319
0.002790319
0.002790319
0.002790319
0.002790319
0.002790319
0.002790319
0.002790319
0.002790319
0.002790319
0.002790319
0.002790319
0.002790319
0.002790319
0.002790319
0.002790319
0.002790319
0.002790319
0.002790319
0.002790319
0.002790319
0.002790319
0.002790319
)
;

boundaryField
{
    sides
    {
        type            zeroGradient;
    }
    empty
    {
        type            empty;
    }
}


// ************************************************************************* //
