/*--------------------------------*- C++ -*----------------------------------*\
| =========                 |                                                 |
| \\      /  F ield         | OpenFOAM: The Open Source CFD Toolbox           |
|  \\    /   O peration     | Version:  v1812                                 |
|   \\  /    A nd           | Web:      www.OpenFOAM.com                      |
|    \\/     M anipulation  |                                                 |
\*---------------------------------------------------------------------------*/
FoamFile
{
    version     2.0;
    format      ascii;
    class       volVectorField;
    location    "0.2";
    object      U;
}
// * * * * * * * * * * * * * * * * * * * * * * * * * * * * * * * * * * * * * //

dimensions      [0 1 -1 0 0 0 0];


internalField   nonuniform List<vector> 
4000
(
(-2.669707238e-16 0 0)
(-2.322446551e-16 0 0)
(-5.608705855e-16 0 0)
(-9.467325662e-16 0 0)
(-1.178861561e-15 0 0)
(-1.308275185e-15 0 0)
(-1.394196434e-15 0 0)
(-1.401637219e-15 0 0)
(-1.393427068e-15 0 0)
(-1.036179091e-15 0 0)
(-7.947649153e-16 0 0)
(-7.859370242e-16 0 0)
(-7.557924306e-16 0 0)
(-8.278092785e-16 0 0)
(-5.661473289e-16 0 0)
(-1.421440265e-16 0 0)
(-2.576446148e-16 0 0)
(-4.075388455e-16 0 0)
(-2.123330917e-16 0 0)
(-3.334925764e-16 0 0)
(-9.057951775e-16 0 0)
(-6.190980684e-16 0 0)
(-1.280971139e-16 0 0)
(6.870549836e-17 0 0)
(6.94427395e-16 0 0)
(1.200591481e-15 0 0)
(1.685208877e-15 0 0)
(1.797242549e-15 0 0)
(1.777334806e-15 0 0)
(2.059341285e-15 0 0)
(2.343108066e-15 0 0)
(2.695123718e-15 0 0)
(2.995203766e-15 0 0)
(2.714393213e-15 0 0)
(2.553409494e-15 0 0)
(2.871228332e-15 0 0)
(3.358020317e-15 0 0)
(3.151427858e-15 0 0)
(2.787715469e-15 0 0)
(2.961724451e-15 0 0)
(3.099294098e-15 0 0)
(2.917258385e-15 0 0)
(2.43482481e-15 0 0)
(2.475503431e-15 0 0)
(2.300223306e-15 0 0)
(1.923471106e-15 0 0)
(1.52714798e-15 0 0)
(5.718025376e-16 0 0)
(-3.085504129e-16 0 0)
(-2.928907543e-16 0 0)
(-1.786494463e-16 0 0)
(-3.643492265e-16 0 0)
(-3.843745248e-16 0 0)
(-1.148114764e-16 0 0)
(6.20928337e-17 0 0)
(3.815414095e-16 0 0)
(4.385522657e-16 0 0)
(2.724771122e-16 0 0)
(7.434506017e-17 0 0)
(-8.956127718e-17 0 0)
(-3.651260465e-16 0 0)
(-2.653156098e-16 0 0)
(-6.169429496e-16 0 0)
(-7.152327269e-16 0 0)
(-1.162976639e-15 0 0)
(-1.743650799e-15 0 0)
(-1.956392659e-15 0 0)
(-1.880728518e-15 0 0)
(-1.855631411e-15 0 0)
(-1.844229196e-15 0 0)
(-2.178620847e-15 0 0)
(-2.598010462e-15 0 0)
(-2.653472147e-15 0 0)
(-2.709694831e-15 0 0)
(-3.189493596e-15 0 0)
(-3.739555893e-15 0 0)
(-4.109505896e-15 0 0)
(-4.705468508e-15 0 0)
(-4.959623328e-15 0 0)
(-5.240893336e-15 0 0)
(-5.356667358e-15 0 0)
(-5.157252449e-15 0 0)
(-5.256414059e-15 0 0)
(-3.565301722e-15 0 0)
(-2.000044759e-15 0 0)
(-1.079419232e-15 0 0)
(-6.786062407e-16 0 0)
(1.502403266e-16 0 0)
(1.269531505e-15 0 0)
(2.115382356e-15 0 0)
(2.601481992e-15 0 0)
(2.404009296e-15 0 0)
(2.499207456e-15 0 0)
(2.732211887e-15 0 0)
(2.506421367e-15 0 0)
(2.342878545e-15 0 0)
(2.372024241e-15 0 0)
(2.569928657e-15 0 0)
(2.802967882e-15 0 0)
(2.677687151e-15 0 0)
(2.937052908e-15 0 0)
(3.71378877e-15 0 0)
(4.295645047e-15 0 0)
(4.109962904e-15 0 0)
(3.707763074e-15 0 0)
(2.624627727e-15 0 0)
(1.467722043e-15 0 0)
(-6.893503854e-17 0 0)
(-9.363060875e-16 0 0)
(-7.400359541e-16 0 0)
(-7.075871561e-16 0 0)
(-7.455212299e-16 0 0)
(-9.294980407e-16 0 0)
(-7.327151806e-16 0 0)
(-5.974685409e-16 0 0)
(-2.907277645e-18 0 0)
(-7.518868918e-16 0 0)
(-1.68267021e-15 0 0)
(-2.476165402e-15 0 0)
(-3.967958741e-15 0 0)
(-4.481934849e-15 0 0)
(-4.819279874e-15 0 0)
(-4.74712369e-15 0 0)
(-4.790545705e-15 0 0)
(-5.034544656e-15 0 0)
(-5.264674362e-15 0 0)
(-5.717767846e-15 0 0)
(-5.680347603e-15 0 0)
(-5.488230084e-15 0 0)
(-5.135421545e-15 0 0)
(-5.228372568e-15 0 0)
(-5.126406603e-15 0 0)
(-4.89453587e-15 0 0)
(-5.03894584e-15 0 0)
(-4.813744481e-15 0 0)
(-4.71428301e-15 0 0)
(-4.839244229e-15 0 0)
(-5.036744284e-15 0 0)
(-5.008952844e-15 0 0)
(-5.069992225e-15 0 0)
(-5.27126886e-15 0 0)
(-5.029947417e-15 0 0)
(-4.747606049e-15 0 0)
(-4.462368702e-15 0 0)
(-4.559324198e-15 0 0)
(-4.599508457e-15 0 0)
(-4.300165803e-15 0 0)
(-4.312626635e-15 0 0)
(-4.177656552e-15 0 0)
(-3.987155726e-15 0 0)
(-3.750589907e-15 0 0)
(-2.493741283e-15 0 0)
(-2.076599122e-15 0 0)
(-1.754887618e-15 0 0)
(-1.39575727e-15 0 0)
(-1.0242072e-15 0 0)
(-7.475988512e-16 0 0)
(-1.035539755e-15 0 0)
(-7.820321476e-16 0 0)
(-5.530460302e-16 0 0)
(-6.963243276e-16 0 0)
(-8.423948289e-16 0 0)
(-8.242296458e-16 0 0)
(-7.062495905e-16 0 0)
(-6.259090258e-16 0 0)
(-8.402321039e-16 0 0)
(-6.839329641e-16 0 0)
(-8.800646391e-16 0 0)
(-6.779582359e-16 0 0)
(-2.402595176e-17 0 0)
(3.62272019e-16 0 0)
(3.570181629e-16 0 0)
(1.915233186e-16 0 0)
(5.906024893e-16 0 0)
(3.3111366e-16 0 0)
(-6.762520435e-16 0 0)
(-1.615764641e-15 0 0)
(-2.205282287e-15 0 0)
(-1.989701922e-15 0 0)
(-1.563083126e-15 0 0)
(-1.280317568e-15 0 0)
(-1.319479138e-15 0 0)
(-1.319910248e-15 0 0)
(-8.528756502e-16 0 0)
(-5.35827691e-16 0 0)
(-4.901047475e-16 0 0)
(-6.57452982e-16 0 0)
(-9.946026642e-16 0 0)
(-1.134605852e-15 0 0)
(-1.537677114e-15 0 0)
(-1.650222694e-15 0 0)
(-1.936320303e-15 0 0)
(-1.380715936e-15 0 0)
(-9.002361818e-16 0 0)
(-3.369675111e-16 0 0)
(2.903432165e-16 0 0)
(6.16476607e-16 0 0)
(9.886361377e-16 0 0)
(4.626212532e-16 0 0)
(4.376041619e-16 0 0)
(4.593739438e-16 0 0)
(-6.597871022e-16 0 0)
(-9.713689794e-16 0 0)
(-7.806882916e-16 0 0)
(-7.163326387e-16 0 0)
(-6.105119788e-17 0 0)
(9.343362242e-16 0 0)
(2.055953634e-15 0 0)
(3.183979682e-15 0 0)
(3.949056993e-15 0 0)
(4.475927776e-15 0 0)
(5.50946003e-15 0 0)
(6.282079057e-15 0 0)
(6.434898191e-15 0 0)
(6.506591357e-15 0 0)
(7.053936439e-15 0 0)
(7.663125191e-15 0 0)
(8.00315851e-15 0 0)
(7.888872023e-15 0 0)
(7.964294696e-15 0 0)
(7.931249115e-15 0 0)
(7.945372316e-15 0 0)
(8.059499434e-15 0 0)
(7.834551343e-15 0 0)
(7.719264126e-15 0 0)
(7.212341835e-15 0 0)
(6.731465492e-15 0 0)
(6.053365397e-15 0 0)
(4.657107296e-15 0 0)
(3.553925045e-15 0 0)
(3.072266051e-15 0 0)
(2.373585963e-15 0 0)
(1.452301019e-15 0 0)
(8.024175843e-16 0 0)
(6.375253445e-16 0 0)
(3.714615673e-16 0 0)
(3.504830364e-16 0 0)
(3.898589614e-16 0 0)
(6.112751164e-16 0 0)
(3.356403343e-16 0 0)
(1.540697273e-16 0 0)
(1.309842235e-16 0 0)
(-2.654171324e-16 0 0)
(-4.871502697e-16 0 0)
(-2.057993692e-16 0 0)
(-3.755765278e-16 0 0)
(-9.30596736e-16 0 0)
(-7.580909735e-16 0 0)
(-4.166300133e-16 0 0)
(-6.971834785e-16 0 0)
(-7.439641276e-16 0 0)
(-3.921892968e-16 0 0)
(6.782007724e-16 0 0)
(1.428241845e-15 0 0)
(1.927154579e-15 0 0)
(2.894861838e-15 0 0)
(3.143542673e-15 0 0)
(3.300634035e-15 0 0)
(3.633735427e-15 0 0)
(3.69014596e-15 0 0)
(3.990253576e-15 0 0)
(4.269663324e-15 0 0)
(4.222681575e-15 0 0)
(4.037749208e-15 0 0)
(4.319929207e-15 0 0)
(4.453024095e-15 0 0)
(4.678160788e-15 0 0)
(4.657712838e-15 0 0)
(4.825115971e-15 0 0)
(5.170800415e-15 0 0)
(5.085369447e-15 0 0)
(4.938862079e-15 0 0)
(4.733634658e-15 0 0)
(4.447391077e-15 0 0)
(4.236980971e-15 0 0)
(3.887138398e-15 0 0)
(3.778914447e-15 0 0)
(3.849234051e-15 0 0)
(3.560955877e-15 0 0)
(3.551308159e-15 0 0)
(3.724866386e-15 0 0)
(4.357092363e-15 0 0)
(4.66990762e-15 0 0)
(4.199904764e-15 0 0)
(3.822964511e-15 0 0)
(4.004810444e-15 0 0)
(4.240676372e-15 0 0)
(4.123024991e-15 0 0)
(4.332707882e-15 0 0)
(4.457319941e-15 0 0)
(4.134250881e-15 0 0)
(4.136408244e-15 0 0)
(4.416451539e-15 0 0)
(4.286405848e-15 0 0)
(3.852684656e-15 0 0)
(2.291522258e-15 0 0)
(1.419760332e-15 0 0)
(1.14498097e-15 0 0)
(1.232726227e-15 0 0)
(9.57034251e-16 0 0)
(5.397647236e-16 0 0)
(5.305783413e-16 0 0)
(2.267846215e-16 0 0)
(1.572933459e-16 0 0)
(6.959602871e-17 0 0)
(-6.212560683e-17 0 0)
(-2.810141913e-16 0 0)
(-5.423849567e-16 0 0)
(-8.819896446e-16 0 0)
(-1.288364628e-15 0 0)
(-1.581019624e-15 0 0)
(-1.780455076e-15 0 0)
(-1.704792797e-15 0 0)
(-1.571377343e-15 0 0)
(-1.7346569e-15 0 0)
(-1.757089473e-15 0 0)
(-1.695432534e-15 0 0)
(-1.851791104e-15 0 0)
(-1.678377805e-15 0 0)
(-1.004698441e-15 0 0)
(-3.229207462e-16 0 0)
(5.17576303e-16 0 0)
(1.010858163e-15 0 0)
(1.422410351e-15 0 0)
(2.194673133e-15 0 0)
(2.46959913e-15 0 0)
(2.645134176e-15 0 0)
(2.586773931e-15 0 0)
(2.371975901e-15 0 0)
(2.647152452e-15 0 0)
(2.907803257e-15 0 0)
(2.71024479e-15 0 0)
(2.751143439e-15 0 0)
(3.090231235e-15 0 0)
(3.013201049e-15 0 0)
(2.846130163e-15 0 0)
(2.665906633e-15 0 0)
(2.576279054e-15 0 0)
(2.670237322e-15 0 0)
(2.700553914e-15 0 0)
(2.62489151e-15 0 0)
(2.355738073e-15 0 0)
(2.165991767e-15 0 0)
(2.433407639e-15 0 0)
(2.737689076e-15 0 0)
(2.959591997e-15 0 0)
(3.458041198e-15 0 0)
(3.519794151e-15 0 0)
(3.496095457e-15 0 0)
(3.58723056e-15 0 0)
(3.449918738e-15 0 0)
(3.364297964e-15 0 0)
(3.370870075e-15 0 0)
(3.262120611e-15 0 0)
(3.33899415e-15 0 0)
(3.288773832e-15 0 0)
(2.797388024e-15 0 0)
(2.686650375e-15 0 0)
(2.632820758e-15 0 0)
(2.815828008e-15 0 0)
(2.987392886e-15 0 0)
(2.884740864e-15 0 0)
(3.078468523e-15 0 0)
(2.999146408e-15 0 0)
(3.023263315e-15 0 0)
(3.283262181e-15 0 0)
(3.030145696e-15 0 0)
(2.763884147e-15 0 0)
(2.717533478e-15 0 0)
(2.646090509e-15 0 0)
(2.789736419e-15 0 0)
(2.984703436e-15 0 0)
(3.091253682e-15 0 0)
(2.593274912e-15 0 0)
(2.117219545e-15 0 0)
(2.08685155e-15 0 0)
(2.037439007e-15 0 0)
(1.684411486e-15 0 0)
(1.631352224e-15 0 0)
(8.44111589e-16 0 0)
(-1.162991758e-16 0 0)
(-6.135421534e-16 0 0)
(-5.235799942e-16 0 0)
(-8.266120957e-16 0 0)
(-1.107196127e-15 0 0)
(-1.361251146e-15 0 0)
(-1.165109446e-15 0 0)
(-1.221629217e-15 0 0)
(-1.415022966e-15 0 0)
(-1.61076677e-15 0 0)
(-1.691544329e-15 0 0)
(-1.414770044e-15 0 0)
(-1.135243519e-15 0 0)
(-1.280520922e-15 0 0)
(-1.313658209e-15 0 0)
(-1.070358389e-15 0 0)
(-9.712117798e-16 0 0)
(-9.101886736e-16 0 0)
(-1.46949761e-15 0 0)
(-1.600894823e-15 0 0)
(-1.586894769e-15 0 0)
(-1.855571658e-15 0 0)
(-1.791822666e-15 0 0)
(-1.326205315e-15 0 0)
(-9.791045854e-16 0 0)
(-1.062872914e-15 0 0)
(-9.505814957e-16 0 0)
(-4.568251067e-16 0 0)
(-4.872652007e-16 0 0)
(-3.627308769e-16 0 0)
(7.793983757e-16 0 0)
(1.169577291e-15 0 0)
(1.742375409e-15 0 0)
(2.124561481e-15 0 0)
(2.385276883e-15 0 0)
(2.223933088e-15 0 0)
(2.041505883e-15 0 0)
(1.969560493e-15 0 0)
(1.856005994e-15 0 0)
(1.992267906e-15 0 0)
(2.196716382e-15 0 0)
(2.21215642e-15 0 0)
(2.091371965e-15 0 0)
(2.161308446e-15 0 0)
(2.049519684e-15 0 0)
(1.957779498e-15 0 0)
(2.354888631e-15 0 0)
(2.806609886e-15 0 0)
(2.701670095e-15 0 0)
(2.664435098e-15 0 0)
(2.472770352e-15 0 0)
(2.157812194e-15 0 0)
(2.178374815e-15 0 0)
(2.393782196e-15 0 0)
(2.327310215e-15 0 0)
(2.74481254e-15 0 0)
(3.158828485e-15 0 0)
(3.27551015e-15 0 0)
(3.261152874e-15 0 0)
(3.143410211e-15 0 0)
(3.11242753e-15 0 0)
(3.455969794e-15 0 0)
(3.569986125e-15 0 0)
(3.351571732e-15 0 0)
(3.329337559e-15 0 0)
(3.590804994e-15 0 0)
(3.528403721e-15 0 0)
(3.131191793e-15 0 0)
(1.85570797e-15 0 0)
(1.174033549e-15 0 0)
(1.215973404e-15 0 0)
(9.821669246e-16 0 0)
(4.427809995e-16 0 0)
(-4.256960652e-16 0 0)
(-1.230645486e-15 0 0)
(-1.935046198e-15 0 0)
(-2.140751442e-15 0 0)
(-2.229172198e-15 0 0)
(-2.516938147e-15 0 0)
(-2.950540571e-15 0 0)
(-2.978038449e-15 0 0)
(-3.155850023e-15 0 0)
(-3.258509558e-15 0 0)
(-3.289257492e-15 0 0)
(-3.530270036e-15 0 0)
(-3.98123593e-15 0 0)
(-3.847997999e-15 0 0)
(-3.30697591e-15 0 0)
(-2.222332378e-15 0 0)
(-2.135758997e-15 0 0)
(-2.038512964e-15 0 0)
(-1.44738233e-15 0 0)
(-8.88693302e-16 0 0)
(-9.048804568e-16 0 0)
(-5.87661743e-16 0 0)
(-5.044068884e-16 0 0)
(-6.867944631e-16 0 0)
(-8.367119342e-16 0 0)
(-6.063824691e-16 0 0)
(-3.52953214e-16 0 0)
(-4.333040973e-16 0 0)
(-3.454309447e-16 0 0)
(-3.13972964e-16 0 0)
(-3.52070029e-16 0 0)
(2.910174433e-19 0 0)
(4.620627302e-17 0 0)
(3.564272364e-16 0 0)
(-5.711987388e-17 0 0)
(-4.072852054e-16 0 0)
(-1.847965003e-16 0 0)
(-2.778468538e-17 0 0)
(-3.315729381e-16 0 0)
(-1.315175185e-15 0 0)
(-1.370835267e-15 0 0)
(-1.244694232e-15 0 0)
(-6.096493892e-16 0 0)
(-5.916777917e-16 0 0)
(-9.519742163e-16 0 0)
(-8.059835645e-16 0 0)
(-6.522858827e-16 0 0)
(-3.113117954e-16 0 0)
(3.439471251e-17 0 0)
(3.248639826e-16 0 0)
(1.009639682e-15 0 0)
(1.788684577e-15 0 0)
(1.990692732e-15 0 0)
(2.024696772e-15 0 0)
(2.845557867e-15 0 0)
(3.77418654e-15 0 0)
(3.421653059e-15 0 0)
(3.047667128e-15 0 0)
(3.062009868e-15 0 0)
(3.242704459e-15 0 0)
(3.179494378e-15 0 0)
(2.728866906e-15 0 0)
(1.490546288e-15 0 0)
(1.97050458e-16 0 0)
(-6.876804008e-16 0 0)
(-9.888127381e-16 0 0)
(-1.061414868e-15 0 0)
(-1.350266728e-15 0 0)
(-1.06882013e-15 0 0)
(-1.335425674e-15 0 0)
(-1.399638413e-15 0 0)
(-9.687446167e-16 0 0)
(-8.227348418e-16 0 0)
(-1.180922774e-15 0 0)
(-1.388498733e-15 0 0)
(-1.236371608e-15 0 0)
(-1.164236612e-15 0 0)
(-6.880742644e-16 0 0)
(-4.572845612e-17 0 0)
(-1.903209377e-16 0 0)
(-9.258593791e-16 0 0)
(-7.940557693e-16 0 0)
(-6.343616053e-16 0 0)
(-4.989418513e-16 0 0)
(-5.251906744e-16 0 0)
(-5.919928504e-16 0 0)
(-3.626008048e-16 0 0)
(-7.740658382e-16 0 0)
(-1.157701918e-15 0 0)
(-1.179921525e-15 0 0)
(-9.610778606e-16 0 0)
(-1.709920968e-16 0 0)
(3.74590591e-16 0 0)
(1.433070195e-15 0 0)
(1.50536984e-15 0 0)
(2.364465364e-15 0 0)
(3.512061674e-15 0 0)
(3.925097438e-15 0 0)
(3.797434168e-15 0 0)
(3.751373745e-15 0 0)
(3.983476753e-15 0 0)
(3.946643994e-15 0 0)
(4.002069928e-15 0 0)
(4.112703302e-15 0 0)
(3.88859127e-15 0 0)
(3.602867614e-15 0 0)
(3.861101673e-15 0 0)
(3.842662463e-15 0 0)
(3.830298461e-15 0 0)
(4.019116299e-15 0 0)
(4.234255676e-15 0 0)
(4.415461474e-15 0 0)
(4.535346714e-15 0 0)
(4.219228987e-15 0 0)
(3.884808342e-15 0 0)
(3.536505304e-15 0 0)
(3.562696153e-15 0 0)
(3.748878507e-15 0 0)
(3.567035674e-15 0 0)
(3.152256822e-15 0 0)
(2.89580586e-15 0 0)
(2.541286039e-15 0 0)
(2.661404563e-15 0 0)
(2.513982972e-15 0 0)
(1.94603471e-15 0 0)
(1.321101196e-15 0 0)
(8.555363974e-16 0 0)
(4.673761133e-16 0 0)
(3.837936427e-17 0 0)
(-5.955082757e-16 0 0)
(-9.16403576e-16 0 0)
(-1.117015106e-15 0 0)
(-1.073403065e-15 0 0)
(-1.036210917e-15 0 0)
(-1.304898526e-15 0 0)
(-1.304764387e-15 0 0)
(-1.125340847e-15 0 0)
(-9.089900103e-16 0 0)
(-6.420976142e-16 0 0)
(-5.461539117e-16 0 0)
(-5.058771881e-16 0 0)
(-4.966688697e-16 0 0)
(-1.019410181e-15 0 0)
(-1.126957184e-15 0 0)
(-9.779159004e-16 0 0)
(-1.343238222e-15 0 0)
(-1.509396666e-15 0 0)
(-1.465094618e-15 0 0)
(-1.494943776e-15 0 0)
(-1.553836911e-15 0 0)
(-1.532548947e-15 0 0)
(-1.460281771e-15 0 0)
(-1.320888273e-15 0 0)
(-1.294923643e-15 0 0)
(-8.926145763e-16 0 0)
(-6.400072436e-16 0 0)
(-8.591052274e-16 0 0)
(-1.027471258e-15 0 0)
(-7.936081724e-16 0 0)
(-7.362432517e-16 0 0)
(-2.101452129e-16 0 0)
(7.893452081e-17 0 0)
(8.070230996e-16 0 0)
(1.142030411e-15 0 0)
(1.624720199e-15 0 0)
(1.640244994e-15 0 0)
(1.99847214e-15 0 0)
(2.503402363e-15 0 0)
(2.868944268e-15 0 0)
(2.700204833e-15 0 0)
(2.647776606e-15 0 0)
(2.628572965e-15 0 0)
(2.618623618e-15 0 0)
(2.862914653e-15 0 0)
(2.985360324e-15 0 0)
(3.129043668e-15 0 0)
(3.20301466e-15 0 0)
(3.220797955e-15 0 0)
(3.179801789e-15 0 0)
(3.387843741e-15 0 0)
(3.387354741e-15 0 0)
(3.283768733e-15 0 0)
(3.443910608e-15 0 0)
(3.560616806e-15 0 0)
(3.36158272e-15 0 0)
(3.110487224e-15 0 0)
(3.070101918e-15 0 0)
(2.932334473e-15 0 0)
(2.645115724e-15 0 0)
(2.612927787e-15 0 0)
(2.473863061e-15 0 0)
(2.432619313e-15 0 0)
(2.574782601e-15 0 0)
(2.154673279e-15 0 0)
(1.293838362e-15 0 0)
(4.250558136e-16 0 0)
(-1.006178494e-16 0 0)
(-1.044361346e-16 0 0)
(-4.188580006e-16 0 0)
(-9.147743163e-16 0 0)
(-1.443939701e-15 0 0)
(-1.638463841e-15 0 0)
(-1.547555766e-15 0 0)
(-1.329153589e-15 0 0)
(-1.239298243e-15 0 0)
(-1.51950969e-15 0 0)
(-1.317845106e-15 0 0)
(-9.739447106e-16 0 0)
(-9.330886724e-16 0 0)
(-8.993153583e-16 0 0)
(-5.812815995e-16 0 0)
(-4.16093736e-18 0 0)
(3.344414433e-17 0 0)
(1.98146347e-16 0 0)
(7.523545282e-16 0 0)
(1.039395271e-15 0 0)
(1.480644348e-15 0 0)
(1.467257662e-15 0 0)
(1.576355503e-15 0 0)
(1.971799012e-15 0 0)
(2.520533165e-15 0 0)
(2.866883861e-15 0 0)
(2.944590432e-15 0 0)
(2.656346987e-15 0 0)
(2.679617664e-15 0 0)
(2.614489588e-15 0 0)
(2.858091098e-15 0 0)
(3.221650693e-15 0 0)
(3.110213727e-15 0 0)
(2.602319216e-15 0 0)
(2.31931929e-15 0 0)
(2.00162438e-15 0 0)
(1.81710866e-15 0 0)
(1.528177575e-15 0 0)
(1.557254569e-15 0 0)
(1.703944704e-15 0 0)
(1.744310989e-15 0 0)
(5.033155395e-16 0 0)
(-2.418582427e-16 0 0)
(-1.103950538e-15 0 0)
(-1.777266718e-15 0 0)
(-1.854585747e-15 0 0)
(-2.65747927e-15 0 0)
(-3.929938e-15 0 0)
(-5.074672155e-15 0 0)
(-5.196041713e-15 0 0)
(-4.770139682e-15 0 0)
(-4.700918761e-15 0 0)
(-5.163225994e-15 0 0)
(-5.570925389e-15 0 0)
(-5.444478431e-15 0 0)
(-5.651189747e-15 0 0)
(-5.638586687e-15 0 0)
(-5.591142397e-15 0 0)
(-5.570149402e-15 0 0)
(-5.596828002e-15 0 0)
(-5.981070044e-15 0 0)
(-6.136311233e-15 0 0)
(-6.286894012e-15 0 0)
(-6.001618907e-15 0 0)
(-5.398141479e-15 0 0)
(-4.882424397e-15 0 0)
(-4.865077581e-15 0 0)
(-4.15708731e-15 0 0)
(-3.773448805e-15 0 0)
(-2.779398098e-15 0 0)
(-2.048634113e-15 0 0)
(-1.272942112e-15 0 0)
(-2.759736459e-16 0 0)
(-7.175561074e-17 0 0)
(2.189189562e-16 0 0)
(9.828797082e-16 0 0)
(6.421584031e-16 0 0)
(2.990428573e-16 0 0)
(2.512363853e-16 0 0)
(8.745758121e-16 0 0)
(1.465090333e-15 0 0)
(1.86782618e-15 0 0)
(1.849495956e-15 0 0)
(1.784860001e-15 0 0)
(2.046587532e-15 0 0)
(2.152010705e-15 0 0)
(2.149851523e-15 0 0)
(2.360802473e-15 0 0)
(2.520168937e-15 0 0)
(2.77048504e-15 0 0)
(2.870261675e-15 0 0)
(2.709489181e-15 0 0)
(2.202865542e-15 0 0)
(1.69402683e-15 0 0)
(2.055160933e-15 0 0)
(2.22360512e-15 0 0)
(2.166909011e-15 0 0)
(2.327595286e-15 0 0)
(2.157058551e-15 0 0)
(1.797679443e-15 0 0)
(2.031357083e-15 0 0)
(2.225930706e-15 0 0)
(1.846676457e-15 0 0)
(1.235023267e-15 0 0)
(7.101846998e-16 0 0)
(3.339213262e-16 0 0)
(2.209258144e-16 0 0)
(4.170941592e-16 0 0)
(8.535572335e-16 0 0)
(9.587528735e-16 0 0)
(6.576882082e-16 0 0)
(3.762874324e-17 0 0)
(5.221508421e-16 0 0)
(2.857133762e-16 0 0)
(-7.817230805e-16 0 0)
(-1.083494495e-15 0 0)
(-1.600469753e-15 0 0)
(-1.903737767e-15 0 0)
(-1.531357987e-15 0 0)
(-1.017957987e-15 0 0)
(-8.032078383e-16 0 0)
(-3.274492324e-16 0 0)
(-3.138262842e-16 0 0)
(-3.110932067e-16 0 0)
(8.963345271e-16 0 0)
(1.455241707e-15 0 0)
(1.883731534e-15 0 0)
(1.932207307e-15 0 0)
(2.018085869e-15 0 0)
(1.666929719e-15 0 0)
(1.994813831e-15 0 0)
(2.274672521e-15 0 0)
(2.316802225e-15 0 0)
(2.477584163e-15 0 0)
(2.551472214e-15 0 0)
(1.993661518e-15 0 0)
(9.288185636e-16 0 0)
(1.263831835e-16 0 0)
(1.722043019e-16 0 0)
(4.573094022e-16 0 0)
(5.48120422e-16 0 0)
(1.043000094e-15 0 0)
(1.165850407e-15 0 0)
(1.224908534e-15 0 0)
(2.117999042e-15 0 0)
(2.318208498e-15 0 0)
(2.18374633e-15 0 0)
(2.192235534e-15 0 0)
(2.031855176e-15 0 0)
(2.099759082e-15 0 0)
(1.689758045e-15 0 0)
(1.496949723e-15 0 0)
(1.767968932e-15 0 0)
(1.714140103e-15 0 0)
(1.719281465e-15 0 0)
(1.622131525e-15 0 0)
(1.30313043e-15 0 0)
(8.572911273e-16 0 0)
(3.629691496e-16 0 0)
(2.684645999e-16 0 0)
(5.430134012e-16 0 0)
(7.518827947e-16 0 0)
(4.839199313e-16 0 0)
(-9.075233534e-17 0 0)
(-7.884218362e-17 0 0)
(-7.923199024e-16 0 0)
(-1.421117173e-15 0 0)
(-1.763599085e-15 0 0)
(-2.064601825e-15 0 0)
(-2.506490483e-15 0 0)
(-2.908685116e-15 0 0)
(-2.689124921e-15 0 0)
(-2.702699995e-15 0 0)
(-2.862319564e-15 0 0)
(-2.685362593e-15 0 0)
(-2.9765769e-15 0 0)
(-3.145281786e-15 0 0)
(-3.418987523e-15 0 0)
(-3.483878773e-15 0 0)
(-3.546605007e-15 0 0)
(-3.303790814e-15 0 0)
(-3.055456543e-15 0 0)
(-2.798388088e-15 0 0)
(-2.654597848e-15 0 0)
(-2.223395334e-15 0 0)
(-1.587932887e-15 0 0)
(-1.768915821e-15 0 0)
(-2.21419275e-15 0 0)
(-1.889449373e-15 0 0)
(-1.189344354e-15 0 0)
(-5.002629242e-16 0 0)
(3.133193269e-16 0 0)
(7.712248702e-16 0 0)
(1.038513869e-15 0 0)
(1.087998949e-15 0 0)
(9.639489423e-16 0 0)
(8.882265681e-16 0 0)
(1.190013042e-15 0 0)
(1.265224667e-15 0 0)
(1.028495663e-15 0 0)
(1.05384028e-15 0 0)
(1.309214012e-15 0 0)
(1.56061592e-15 0 0)
(1.858358691e-15 0 0)
(2.453759427e-15 0 0)
(2.469349105e-15 0 0)
(2.973541812e-15 0 0)
(3.615444267e-15 0 0)
(3.914839005e-15 0 0)
(3.582702078e-15 0 0)
(3.189008458e-15 0 0)
(3.069951311e-15 0 0)
(2.590562731e-15 0 0)
(2.554556415e-15 0 0)
(1.670232862e-15 0 0)
(9.546683997e-16 0 0)
(2.845132101e-16 0 0)
(-6.045058591e-16 0 0)
(-8.090199031e-16 0 0)
(-3.270529976e-16 0 0)
(1.208839087e-16 0 0)
(-6.088472354e-17 0 0)
(2.004155981e-16 0 0)
(1.41319036e-16 0 0)
(-3.274930255e-16 0 0)
(-4.711169848e-16 0 0)
(-6.4921132e-16 0 0)
(-1.531885885e-15 0 0)
(-2.088051587e-15 0 0)
(-2.66711015e-15 0 0)
(-2.870411908e-15 0 0)
(-2.405342684e-15 0 0)
(-2.091213408e-15 0 0)
(-2.362732554e-15 0 0)
(-2.250687612e-15 0 0)
(-1.851163794e-15 0 0)
(-1.584147312e-15 0 0)
(-1.957684023e-15 0 0)
(-1.970657778e-15 0 0)
(-1.392770188e-15 0 0)
(-8.296947758e-16 0 0)
(-2.437695187e-16 0 0)
(7.365553903e-17 0 0)
(7.71756444e-16 0 0)
(1.465487909e-15 0 0)
(1.667435697e-15 0 0)
(1.293408919e-15 0 0)
(9.912534418e-16 0 0)
(1.245399522e-15 0 0)
(1.008502033e-15 0 0)
(7.485418107e-16 0 0)
(7.606465638e-16 0 0)
(2.350411873e-16 0 0)
(-7.711765116e-16 0 0)
(-2.139685561e-15 0 0)
(-2.850265721e-15 0 0)
(-3.382941764e-15 0 0)
(-2.935615577e-15 0 0)
(-1.996791897e-15 0 0)
(-1.769848584e-15 0 0)
(-1.885582739e-15 0 0)
(-1.758063565e-15 0 0)
(-1.680577036e-15 0 0)
(-1.961824237e-15 0 0)
(-2.031775504e-15 0 0)
(-1.96759704e-15 0 0)
(-2.101951994e-15 0 0)
(-2.188628402e-15 0 0)
(-2.326734208e-15 0 0)
(-2.346419779e-15 0 0)
(-2.399535084e-15 0 0)
(-3.17377217e-15 0 0)
(-3.092097019e-15 0 0)
(-2.976355491e-15 0 0)
(-3.174552114e-15 0 0)
(-3.143546931e-15 0 0)
(-3.224282117e-15 0 0)
(-3.495111522e-15 0 0)
(-2.919653714e-15 0 0)
(-2.144912559e-15 0 0)
(-1.93153951e-15 0 0)
(-1.66501062e-15 0 0)
(-1.45442201e-15 0 0)
(-1.39781384e-15 0 0)
(-1.039648698e-15 0 0)
(-4.098430489e-16 0 0)
(-1.925046826e-16 0 0)
(-1.467609606e-16 0 0)
(3.638899493e-16 0 0)
(1.035268103e-15 0 0)
(1.19335066e-15 0 0)
(1.201653259e-15 0 0)
(2.344318975e-15 0 0)
(3.871907722e-15 0 0)
(6.177675775e-15 0 0)
(9.887875901e-15 0 0)
(1.639929309e-14 0 0)
(2.725450302e-14 0 0)
(4.542675092e-14 0 0)
(7.524356236e-14 0 0)
(1.249418065e-13 0 0)
(2.061812712e-13 0 0)
(3.372907405e-13 0 0)
(5.492503336e-13 0 0)
(8.897036563e-13 0 0)
(1.432685697e-12 0 0)
(2.295914502e-12 0 0)
(3.658679797e-12 0 0)
(5.798155273e-12 0 0)
(9.139495237e-12 0 0)
(1.432711333e-11 0 0)
(2.233831653e-11 0 0)
(3.463965689e-11 0 0)
(5.342319837e-11 0 0)
(8.194596624e-11 0 0)
(1.250149685e-10 0 0)
(1.896856632e-10 0 0)
(2.862532513e-10 0 0)
(4.296457134e-10 0 0)
(6.413854432e-10 0 0)
(9.523113919e-10 0 0)
(1.406351572e-09 0 0)
(2.065708518e-09 0 0)
(3.017927038e-09 0 0)
(4.385487998e-09 0 0)
(6.338723449e-09 0 0)
(9.113093059e-09 0 0)
(1.303213786e-08 0 0)
(1.853776384e-08 0 0)
(2.62299229e-08 0 0)
(3.691825016e-08 0 0)
(5.168877905e-08 0 0)
(7.198953614e-08 0 0)
(9.973956823e-08 0 0)
(1.374668169e-07 0 0)
(1.884811941e-07 0 0)
(2.57090238e-07 0 0)
(3.488658069e-07 0 0)
(4.709713708e-07 0 0)
(6.325605372e-07 0 0)
(8.452584876e-07 0 0)
(1.12373885e-06 0 0)
(1.486409198e-06 0 0)
(1.956218706e-06 0 0)
(2.56160139e-06 0 0)
(3.337567716e-06 0 0)
(4.326956082e-06 0 0)
(5.581853557e-06 0 0)
(7.165192308e-06 0 0)
(9.152524141e-06 0 0)
(1.163397059e-05 0 0)
(1.471633984e-05 0 0)
(1.852539478e-05 0 0)
(2.32082481e-05 0 0)
(2.893585202e-05 0 0)
(3.590554024e-05 0 0)
(4.434357084e-05 0 0)
(5.450760892e-05 0 0)
(6.668907978e-05 0 0)
(8.121531569e-05 0 0)
(9.845141404e-05 0 0)
(0.0001188017215 0 0)
(0.0001427108586 0 0)
(0.0001706642024 0 0)
(0.0002031877511 0 0)
(0.0002408473067 0 0)
(0.0002842469224 0 0)
(0.000334026585 0 0)
(0.0003908591156 0 0)
(0.0004554463025 0 0)
(0.0005285142971 0 0)
(0.0006108083341 0 0)
(0.0007030868553 0 0)
(0.0008061151417 0 0)
(0.0009206585746 0 0)
(0.001047475661 0 0)
(0.001187310966 0 0)
(0.00134088811 0 0)
(0.001508902962 0 0)
(0.001692017187 0 0)
(0.001890852266 0 0)
(0.002105984107 0 0)
(0.002337938345 0 0)
(0.002587186389 0 0)
(0.002854142292 0 0)
(0.00313916044 0 0)
(0.003442534097 0 0)
(0.003764494755 0 0)
(0.004105212285 0 0)
(0.00446479581 0 0)
(0.004843295257 0 0)
(0.005240703496 0 0)
(0.005656958989 0 0)
(0.006091948873 0 0)
(0.006545512377 0 0)
(0.007017444493 0 0)
(0.007507499831 0 0)
(0.008015396564 0 0)
(0.008540820413 0 0)
(0.009083428599 0 0)
(0.009642853715 0 0)
(0.01021870747 0 0)
(0.01081058429 0 0)
(0.01141806468 0 0)
(0.01204071845 0 0)
(0.01267810764 0 0)
(0.01332978924 0 0)
(0.01399531771 0 0)
(0.01467424717 0 0)
(0.01536613346 0 0)
(0.0160705359 0 0)
(0.01678701885 0 0)
(0.01751515308 0 0)
(0.01825451696 0 0)
(0.01900469739 0 0)
(0.01976529067 0 0)
(0.02053590316 0 0)
(0.02131615181 0 0)
(0.02210566453 0 0)
(0.02290408057 0 0)
(0.02371105063 0 0)
(0.02452623701 0 0)
(0.02534931363 0 0)
(0.026179966 0 0)
(0.02701789113 0 0)
(0.02786279739 0 0)
(0.02871440429 0 0)
(0.02957244232 0 0)
(0.03043665267 0 0)
(0.03130678695 0 0)
(0.03218260692 0 0)
(0.03306388421 0 0)
(0.03395039997 0 0)
(0.03484194455 0 0)
(0.03573831725 0 0)
(0.0366393259 0 0)
(0.03754478661 0 0)
(0.03845452342 0 0)
(0.03936836801 0 0)
(0.04028615936 0 0)
(0.04120774349 0 0)
(0.04213297311 0 0)
(0.04306170739 0 0)
(0.04399381165 0 0)
(0.04492915711 0 0)
(0.0458676206 0 0)
(0.04680908433 0 0)
(0.04775343568 0 0)
(0.04870056689 0 0)
(0.0496503749 0 0)
(0.05060276113 0 0)
(0.05155763125 0 0)
(0.052514895 0 0)
(0.05347446599 0 0)
(0.05443626154 0 0)
(0.0554002025 0 0)
(0.05636621306 0 0)
(0.05733422065 0 0)
(0.05830415574 0 0)
(0.05927595172 0 0)
(0.06024954475 0 0)
(0.06122487368 0 0)
(0.06220187984 0 0)
(0.063180507 0 0)
(0.06416070124 0 0)
(0.0651424108 0 0)
(0.06612558606 0 0)
(0.06711017936 0 0)
(0.06809614497 0 0)
(0.06908343898 0 0)
(0.07007201919 0 0)
(0.0710618451 0 0)
(0.07205287777 0 0)
(0.07304507978 0 0)
(0.07403841515 0 0)
(0.07503284929 0 0)
(0.07602834892 0 0)
(0.07702488204 0 0)
(0.07802241783 0 0)
(0.07902092665 0 0)
(0.08002037994 0 0)
(0.08102075021 0 0)
(0.08202201098 0 0)
(0.08302413673 0 0)
(0.08402710287 0 0)
(0.08503088569 0 0)
(0.08603546234 0 0)
(0.08704081077 0 0)
(0.08804690972 0 0)
(0.08905373866 0 0)
(0.09006127779 0 0)
(0.091069508 0 0)
(0.09207841082 0 0)
(0.09308796842 0 0)
(0.09409816359 0 0)
(0.09510897967 0 0)
(0.09612040057 0 0)
(0.09713241076 0 0)
(0.0981449952 0 0)
(0.09915813933 0 0)
(0.1001718291 0 0)
(0.1011860509 0 0)
(0.1022007915 0 0)
(0.1032160383 0 0)
(0.1042317788 0 0)
(0.1052480011 0 0)
(0.1062646936 0 0)
(0.1072818451 0 0)
(0.1082994447 0 0)
(0.1093174819 0 0)
(0.1103359464 0 0)
(0.1113548284 0 0)
(0.1123741183 0 0)
(0.1133938067 0 0)
(0.1144138846 0 0)
(0.1154343432 0 0)
(0.116455174 0 0)
(0.1174763687 0 0)
(0.1184979193 0 0)
(0.1195198181 0 0)
(0.1205420573 0 0)
(0.1215646298 0 0)
(0.1225875282 0 0)
(0.1236107457 0 0)
(0.1246342756 0 0)
(0.1256581112 0 0)
(0.1266822461 0 0)
(0.1277066742 0 0)
(0.1287313895 0 0)
(0.1297563859 0 0)
(0.1307816579 0 0)
(0.1318071999 0 0)
(0.1328330063 0 0)
(0.133859072 0 0)
(0.1348853919 0 0)
(0.1359119608 0 0)
(0.136938774 0 0)
(0.1379658267 0 0)
(0.1389931143 0 0)
(0.1400206322 0 0)
(0.141048376 0 0)
(0.1420763416 0 0)
(0.1431045247 0 0)
(0.1441329212 0 0)
(0.1451615271 0 0)
(0.1461903387 0 0)
(0.1472193521 0 0)
(0.1482485635 0 0)
(0.1492779695 0 0)
(0.1503075666 0 0)
(0.1513373512 0 0)
(0.15236732 0 0)
(0.1533974698 0 0)
(0.1544277974 0 0)
(0.1554582996 0 0)
(0.1564889735 0 0)
(0.157519816 0 0)
(0.1585508243 0 0)
(0.1595819954 0 0)
(0.1606133267 0 0)
(0.1616448153 0 0)
(0.1626764588 0 0)
(0.1637082544 0 0)
(0.1647401996 0 0)
(0.165772292 0 0)
(0.1668045291 0 0)
(0.1678369086 0 0)
(0.1688694281 0 0)
(0.1699020853 0 0)
(0.1709348782 0 0)
(0.1719678043 0 0)
(0.1730008618 0 0)
(0.1740340484 0 0)
(0.1750673621 0 0)
(0.1761008009 0 0)
(0.1771343629 0 0)
(0.1781680462 0 0)
(0.1792018488 0 0)
(0.180235769 0 0)
(0.181269805 0 0)
(0.1823039549 0 0)
(0.183338217 0 0)
(0.1843725898 0 0)
(0.1854070714 0 0)
(0.1864416603 0 0)
(0.1874763549 0 0)
(0.1885111537 0 0)
(0.189546055 0 0)
(0.1905810574 0 0)
(0.1916161594 0 0)
(0.1926513596 0 0)
(0.1936866565 0 0)
(0.1947220488 0 0)
(0.1957575351 0 0)
(0.1967931141 0 0)
(0.1978287844 0 0)
(0.1988645448 0 0)
(0.1999003939 0 0)
(0.2009363307 0 0)
(0.2019723537 0 0)
(0.2030084619 0 0)
(0.2040446541 0 0)
(0.2050809291 0 0)
(0.2061172857 0 0)
(0.2071537229 0 0)
(0.2081902397 0 0)
(0.2092268348 0 0)
(0.2102635072 0 0)
(0.211300256 0 0)
(0.2123370801 0 0)
(0.2133739785 0 0)
(0.2144109502 0 0)
(0.2154479943 0 0)
(0.2164851097 0 0)
(0.2175222957 0 0)
(0.2185595512 0 0)
(0.2195968754 0 0)
(0.2206342673 0 0)
(0.2216717262 0 0)
(0.2227092511 0 0)
(0.2237468412 0 0)
(0.2247844957 0 0)
(0.2258222138 0 0)
(0.2268599946 0 0)
(0.2278978374 0 0)
(0.2289357415 0 0)
(0.2299737059 0 0)
(0.2310117301 0 0)
(0.2320498132 0 0)
(0.2330879546 0 0)
(0.2341261535 0 0)
(0.2351644091 0 0)
(0.236202721 0 0)
(0.2372410882 0 0)
(0.2382795103 0 0)
(0.2393179864 0 0)
(0.240356516 0 0)
(0.2413950985 0 0)
(0.2424337331 0 0)
(0.2434724193 0 0)
(0.2445111565 0 0)
(0.245549944 0 0)
(0.2465887813 0 0)
(0.2476276678 0 0)
(0.2486666029 0 0)
(0.2497055861 0 0)
(0.2507446168 0 0)
(0.2517836943 0 0)
(0.2528228183 0 0)
(0.2538619882 0 0)
(0.2549012034 0 0)
(0.2559404634 0 0)
(0.2569797678 0 0)
(0.2580191159 0 0)
(0.2590585074 0 0)
(0.2600979417 0 0)
(0.2611374184 0 0)
(0.2621769369 0 0)
(0.2632164968 0 0)
(0.2642560976 0 0)
(0.265295739 0 0)
(0.2663354204 0 0)
(0.2673751413 0 0)
(0.2684149015 0 0)
(0.2694547003 0 0)
(0.2704945375 0 0)
(0.2715344125 0 0)
(0.2725743251 0 0)
(0.2736142747 0 0)
(0.2746542609 0 0)
(0.2756942834 0 0)
(0.2767343418 0 0)
(0.2777744357 0 0)
(0.2788145647 0 0)
(0.2798547284 0 0)
(0.2808949265 0 0)
(0.2819351586 0 0)
(0.2829754243 0 0)
(0.2840157233 0 0)
(0.2850560552 0 0)
(0.2860964197 0 0)
(0.2871368164 0 0)
(0.288177245 0 0)
(0.2892177052 0 0)
(0.2902581967 0 0)
(0.291298719 0 0)
(0.2923392719 0 0)
(0.2933798551 0 0)
(0.2944204683 0 0)
(0.2954611111 0 0)
(0.2965017832 0 0)
(0.2975424844 0 0)
(0.2985832143 0 0)
(0.2996239726 0 0)
(0.3006647591 0 0)
(0.3017055735 0 0)
(0.3027464155 0 0)
(0.3037872847 0 0)
(0.304828181 0 0)
(0.3058691041 0 0)
(0.3069100536 0 0)
(0.3079510293 0 0)
(0.308992031 0 0)
(0.3100330583 0 0)
(0.3110741111 0 0)
(0.3121151891 0 0)
(0.3131562919 0 0)
(0.3141974195 0 0)
(0.3152385715 0 0)
(0.3162797476 0 0)
(0.3173209477 0 0)
(0.3183621715 0 0)
(0.3194034188 0 0)
(0.3204446893 0 0)
(0.3214859828 0 0)
(0.3225272991 0 0)
(0.3235686379 0 0)
(0.3246099991 0 0)
(0.3256513824 0 0)
(0.3266927876 0 0)
(0.3277342144 0 0)
(0.3287756628 0 0)
(0.3298171323 0 0)
(0.330858623 0 0)
(0.3319001344 0 0)
(0.3329416665 0 0)
(0.3339832191 0 0)
(0.3350247919 0 0)
(0.3360663847 0 0)
(0.3371079974 0 0)
(0.3381496297 0 0)
(0.3391912815 0 0)
(0.3402329525 0 0)
(0.3412746427 0 0)
(0.3423163517 0 0)
(0.3433580795 0 0)
(0.3443998258 0 0)
(0.3454415904 0 0)
(0.3464833733 0 0)
(0.3475251741 0 0)
(0.3485669928 0 0)
(0.3496088291 0 0)
(0.350650683 0 0)
(0.3516925541 0 0)
(0.3527344424 0 0)
(0.3537763477 0 0)
(0.3548182698 0 0)
(0.3558602086 0 0)
(0.3569021639 0 0)
(0.3579441355 0 0)
(0.3589861234 0 0)
(0.3600281272 0 0)
(0.3610701469 0 0)
(0.3621121824 0 0)
(0.3631542334 0 0)
(0.3641962999 0 0)
(0.3652383816 0 0)
(0.3662804785 0 0)
(0.3673225903 0 0)
(0.368364717 0 0)
(0.3694068584 0 0)
(0.3704490143 0 0)
(0.3714911847 0 0)
(0.3725333693 0 0)
(0.3735755681 0 0)
(0.3746177809 0 0)
(0.3756600076 0 0)
(0.376702248 0 0)
(0.377744502 0 0)
(0.3787867694 0 0)
(0.3798290503 0 0)
(0.3808713443 0 0)
(0.3819136514 0 0)
(0.3829559715 0 0)
(0.3839983044 0 0)
(0.38504065 0 0)
(0.3860830082 0 0)
(0.3871253789 0 0)
(0.3881677619 0 0)
(0.3892101572 0 0)
(0.3902525645 0 0)
(0.3912949839 0 0)
(0.3923374151 0 0)
(0.3933798581 0 0)
(0.3944223127 0 0)
(0.3954647788 0 0)
(0.3965072564 0 0)
(0.3975497453 0 0)
(0.3985922453 0 0)
(0.3996347565 0 0)
(0.4006772786 0 0)
(0.4017198116 0 0)
(0.4027623553 0 0)
(0.4038049097 0 0)
(0.4048474746 0 0)
(0.40589005 0 0)
(0.4069326358 0 0)
(0.4079752317 0 0)
(0.4090178378 0 0)
(0.4100604539 0 0)
(0.41110308 0 0)
(0.4121457159 0 0)
(0.4131883615 0 0)
(0.4142310168 0 0)
(0.4152736816 0 0)
(0.4163163559 0 0)
(0.4173590395 0 0)
(0.4184017324 0 0)
(0.4194444344 0 0)
(0.4204871455 0 0)
(0.4215298655 0 0)
(0.4225725945 0 0)
(0.4236153322 0 0)
(0.4246580787 0 0)
(0.4257008337 0 0)
(0.4267435973 0 0)
(0.4277863693 0 0)
(0.4288291497 0 0)
(0.4298719383 0 0)
(0.4309147351 0 0)
(0.4319575399 0 0)
(0.4330003528 0 0)
(0.4340431736 0 0)
(0.4350860023 0 0)
(0.4361288387 0 0)
(0.4371716827 0 0)
(0.4382145344 0 0)
(0.4392573935 0 0)
(0.4403002601 0 0)
(0.441343134 0 0)
(0.4423860152 0 0)
(0.4434289036 0 0)
(0.4444717991 0 0)
(0.4455147016 0 0)
(0.4465576111 0 0)
(0.4476005274 0 0)
(0.4486434506 0 0)
(0.4496863805 0 0)
(0.450729317 0 0)
(0.4517722601 0 0)
(0.4528152097 0 0)
(0.4538581658 0 0)
(0.4549011282 0 0)
(0.4559440969 0 0)
(0.4569870718 0 0)
(0.4580300528 0 0)
(0.4590730399 0 0)
(0.460116033 0 0)
(0.4611590321 0 0)
(0.462202037 0 0)
(0.4632450477 0 0)
(0.4642880641 0 0)
(0.4653310861 0 0)
(0.4663741138 0 0)
(0.467417147 0 0)
(0.4684601856 0 0)
(0.4695032297 0 0)
(0.470546279 0 0)
(0.4715893336 0 0)
(0.4726323934 0 0)
(0.4736754583 0 0)
(0.4747185283 0 0)
(0.4757616033 0 0)
(0.4768046832 0 0)
(0.477847768 0 0)
(0.4788908577 0 0)
(0.479933952 0 0)
(0.4809770511 0 0)
(0.4820201548 0 0)
(0.483063263 0 0)
(0.4841063758 0 0)
(0.485149493 0 0)
(0.4861926146 0 0)
(0.4872357405 0 0)
(0.4882788707 0 0)
(0.4893220052 0 0)
(0.4903651437 0 0)
(0.4914082864 0 0)
(0.4924514331 0 0)
(0.4934945838 0 0)
(0.4945377384 0 0)
(0.4955808969 0 0)
(0.4966240592 0 0)
(0.4976672252 0 0)
(0.498710395 0 0)
(0.4997535684 0 0)
(0.5007967454 0 0)
(0.501839926 0 0)
(0.50288311 0 0)
(0.5039262975 0 0)
(0.5049694884 0 0)
(0.5060126826 0 0)
(0.50705588 0 0)
(0.5080990807 0 0)
(0.5091422846 0 0)
(0.5101854916 0 0)
(0.5112287016 0 0)
(0.5122719147 0 0)
(0.5133151308 0 0)
(0.5143583498 0 0)
(0.5154015716 0 0)
(0.5164447963 0 0)
(0.5174880237 0 0)
(0.5185312539 0 0)
(0.5195744867 0 0)
(0.5206177222 0 0)
(0.5216609602 0 0)
(0.5227042008 0 0)
(0.5237474439 0 0)
(0.5247906894 0 0)
(0.5258339373 0 0)
(0.5268771875 0 0)
(0.5279204401 0 0)
(0.5289636949 0 0)
(0.5300069519 0 0)
(0.5310502111 0 0)
(0.5320934724 0 0)
(0.5331367357 0 0)
(0.5341800011 0 0)
(0.5352232685 0 0)
(0.5362665378 0 0)
(0.5373098091 0 0)
(0.5383530822 0 0)
(0.539396357 0 0)
(0.5404396337 0 0)
(0.5414829121 0 0)
(0.5425261922 0 0)
(0.5435694739 0 0)
(0.5446127572 0 0)
(0.5456560421 0 0)
(0.5466993286 0 0)
(0.5477426165 0 0)
(0.5487859058 0 0)
(0.5498291965 0 0)
(0.5508724886 0 0)
(0.5519157821 0 0)
(0.5529590768 0 0)
(0.5540023727 0 0)
(0.5550456698 0 0)
(0.5560889682 0 0)
(0.5571322676 0 0)
(0.5581755681 0 0)
(0.5592188697 0 0)
(0.5602621723 0 0)
(0.5613054759 0 0)
(0.5623487804 0 0)
(0.5633920859 0 0)
(0.5644353922 0 0)
(0.5654786993 0 0)
(0.5665220072 0 0)
(0.5675653159 0 0)
(0.5686086253 0 0)
(0.5696519354 0 0)
(0.5706952461 0 0)
(0.5717385575 0 0)
(0.5727818695 0 0)
(0.573825182 0 0)
(0.574868495 0 0)
(0.5759118085 0 0)
(0.5769551225 0 0)
(0.5779984369 0 0)
(0.5790417517 0 0)
(0.5800850668 0 0)
(0.5811283822 0 0)
(0.582171698 0 0)
(0.583215014 0 0)
(0.5842583302 0 0)
(0.5853016466 0 0)
(0.5863449632 0 0)
(0.5873882799 0 0)
(0.5884315967 0 0)
(0.5894749136 0 0)
(0.5905182306 0 0)
(0.5915615475 0 0)
(0.5926048645 0 0)
(0.5936481813 0 0)
(0.5946914982 0 0)
(0.5957348149 0 0)
(0.5967781315 0 0)
(0.5978214479 0 0)
(0.5988647641 0 0)
(0.5999080801 0 0)
(0.6009513959 0 0)
(0.6019947114 0 0)
(0.6030380266 0 0)
(0.6040813415 0 0)
(0.6051246561 0 0)
(0.6061679702 0 0)
(0.607211284 0 0)
(0.6082545973 0 0)
(0.6092979102 0 0)
(0.6103412226 0 0)
(0.6113845345 0 0)
(0.6124278459 0 0)
(0.6134711567 0 0)
(0.614514467 0 0)
(0.6155577766 0 0)
(0.6166010857 0 0)
(0.6176443941 0 0)
(0.6186877018 0 0)
(0.6197310088 0 0)
(0.6207743151 0 0)
(0.6218176207 0 0)
(0.6228609255 0 0)
(0.6239042295 0 0)
(0.6249475328 0 0)
(0.6259908352 0 0)
(0.6270341368 0 0)
(0.6280774375 0 0)
(0.6291207373 0 0)
(0.6301640362 0 0)
(0.6312073342 0 0)
(0.6322506312 0 0)
(0.6332939273 0 0)
(0.6343372224 0 0)
(0.6353805165 0 0)
(0.6364238096 0 0)
(0.6374671016 0 0)
(0.6385103926 0 0)
(0.6395536825 0 0)
(0.6405969713 0 0)
(0.641640259 0 0)
(0.6426835456 0 0)
(0.643726831 0 0)
(0.6447701153 0 0)
(0.6458133983 0 0)
(0.6468566802 0 0)
(0.6478999609 0 0)
(0.6489432404 0 0)
(0.6499865186 0 0)
(0.6510297955 0 0)
(0.6520730712 0 0)
(0.6531163456 0 0)
(0.6541596188 0 0)
(0.6552028905 0 0)
(0.656246161 0 0)
(0.6572894301 0 0)
(0.6583326979 0 0)
(0.6593759643 0 0)
(0.6604192293 0 0)
(0.661462493 0 0)
(0.6625057552 0 0)
(0.663549016 0 0)
(0.6645922754 0 0)
(0.6656355333 0 0)
(0.6666787898 0 0)
(0.6677220448 0 0)
(0.6687652984 0 0)
(0.6698085504 0 0)
(0.670851801 0 0)
(0.6718950501 0 0)
(0.6729382976 0 0)
(0.6739815437 0 0)
(0.6750247881 0 0)
(0.6760680311 0 0)
(0.6771112725 0 0)
(0.6781545123 0 0)
(0.6791977506 0 0)
(0.6802409872 0 0)
(0.6812842223 0 0)
(0.6823274558 0 0)
(0.6833706877 0 0)
(0.684413918 0 0)
(0.6854571467 0 0)
(0.6865003737 0 0)
(0.6875435992 0 0)
(0.6885868229 0 0)
(0.6896300451 0 0)
(0.6906732655 0 0)
(0.6917164844 0 0)
(0.6927597015 0 0)
(0.693802917 0 0)
(0.6948461308 0 0)
(0.695889343 0 0)
(0.6969325534 0 0)
(0.6979757622 0 0)
(0.6990189693 0 0)
(0.7000621747 0 0)
(0.7011053784 0 0)
(0.7021485803 0 0)
(0.7031917806 0 0)
(0.7042349791 0 0)
(0.705278176 0 0)
(0.7063213711 0 0)
(0.7073645645 0 0)
(0.7084077562 0 0)
(0.7094509461 0 0)
(0.7104941343 0 0)
(0.7115373208 0 0)
(0.7125805055 0 0)
(0.7136236885 0 0)
(0.7146668698 0 0)
(0.7157100493 0 0)
(0.7167532271 0 0)
(0.7177964032 0 0)
(0.7188395775 0 0)
(0.71988275 0 0)
(0.7209259209 0 0)
(0.7219690899 0 0)
(0.7230122573 0 0)
(0.7240554228 0 0)
(0.7250985867 0 0)
(0.7261417488 0 0)
(0.7271849092 0 0)
(0.7282280678 0 0)
(0.7292712247 0 0)
(0.7303143798 0 0)
(0.7313575333 0 0)
(0.732400685 0 0)
(0.7334438349 0 0)
(0.7344869832 0 0)
(0.7355301297 0 0)
(0.7365732745 0 0)
(0.7376164176 0 0)
(0.738659559 0 0)
(0.7397026987 0 0)
(0.7407458367 0 0)
(0.741788973 0 0)
(0.7428321076 0 0)
(0.7438752405 0 0)
(0.7449183718 0 0)
(0.7459615014 0 0)
(0.7470046293 0 0)
(0.7480477556 0 0)
(0.7490908803 0 0)
(0.7501340033 0 0)
(0.7511771248 0 0)
(0.7522202446 0 0)
(0.7532633628 0 0)
(0.7543064795 0 0)
(0.7553495946 0 0)
(0.7563927081 0 0)
(0.7574358201 0 0)
(0.7584789306 0 0)
(0.7595220396 0 0)
(0.7605651471 0 0)
(0.7616082531 0 0)
(0.7626513577 0 0)
(0.7636944609 0 0)
(0.7647375626 0 0)
(0.765780663 0 0)
(0.766823762 0 0)
(0.7678668597 0 0)
(0.7689099561 0 0)
(0.7699530512 0 0)
(0.770996145 0 0)
(0.7720392377 0 0)
(0.7730823291 0 0)
(0.7741254194 0 0)
(0.7751685086 0 0)
(0.7762115967 0 0)
(0.7772546837 0 0)
(0.7782977698 0 0)
(0.7793408549 0 0)
(0.780383939 0 0)
(0.7814270223 0 0)
(0.7824701048 0 0)
(0.7835131864 0 0)
(0.7845562674 0 0)
(0.7855993477 0 0)
(0.7866424273 0 0)
(0.7876855064 0 0)
(0.788728585 0 0)
(0.7897716631 0 0)
(0.7908147409 0 0)
(0.7918578184 0 0)
(0.7929008956 0 0)
(0.7939439726 0 0)
(0.7949870496 0 0)
(0.7960301265 0 0)
(0.7970732035 0 0)
(0.7981162806 0 0)
(0.7991593579 0 0)
(0.8002024356 0 0)
(0.8012455137 0 0)
(0.8022885923 0 0)
(0.8033316714 0 0)
(0.8043747513 0 0)
(0.805417832 0 0)
(0.8064609136 0 0)
(0.8075039963 0 0)
(0.8085470801 0 0)
(0.8095901651 0 0)
(0.8106332516 0 0)
(0.8116763396 0 0)
(0.8127194292 0 0)
(0.8137625206 0 0)
(0.814805614 0 0)
(0.8158487094 0 0)
(0.816891807 0 0)
(0.8179349071 0 0)
(0.8189780097 0 0)
(0.820021115 0 0)
(0.8210642232 0 0)
(0.8221073344 0 0)
(0.823150449 0 0)
(0.8241935669 0 0)
(0.8252366885 0 0)
(0.8262798139 0 0)
(0.8273229435 0 0)
(0.8283660772 0 0)
(0.8294092155 0 0)
(0.8304523585 0 0)
(0.8314955065 0 0)
(0.8325386598 0 0)
(0.8335818185 0 0)
(0.834624983 0 0)
(0.8356681536 0 0)
(0.8367113305 0 0)
(0.837754514 0 0)
(0.8387977046 0 0)
(0.8398409024 0 0)
(0.8408841079 0 0)
(0.8419273214 0 0)
(0.8429705433 0 0)
(0.844013774 0 0)
(0.8450570138 0 0)
(0.8461002633 0 0)
(0.8471435228 0 0)
(0.8481867929 0 0)
(0.849230074 0 0)
(0.8502733666 0 0)
(0.8513166714 0 0)
(0.8523599888 0 0)
(0.8534033195 0 0)
(0.8544466641 0 0)
(0.8554900233 0 0)
(0.8565333978 0 0)
(0.8575767883 0 0)
(0.8586201957 0 0)
(0.8596636207 0 0)
(0.8607070643 0 0)
(0.8617505275 0 0)
(0.8627940112 0 0)
(0.8638375165 0 0)
(0.8648810446 0 0)
(0.8659245967 0 0)
(0.8669681741 0 0)
(0.8680117783 0 0)
(0.8690554106 0 0)
(0.8700990728 0 0)
(0.8711427667 0 0)
(0.872186494 0 0)
(0.8732302568 0 0)
(0.8742740573 0 0)
(0.8753178979 0 0)
(0.8763617812 0 0)
(0.87740571 0 0)
(0.8784496874 0 0)
(0.8794937167 0 0)
(0.8805378017 0 0)
(0.8815819463 0 0)
(0.8826261551 0 0)
(0.8836704329 0 0)
(0.884714785 0 0)
(0.8857592173 0 0)
(0.8868037364 0 0)
(0.8878483496 0 0)
(0.888893065 0 0)
(0.8899378915 0 0)
(0.8909828392 0 0)
(0.8920279194 0 0)
(0.8930731448 0 0)
(0.8941185297 0 0)
(0.8951640903 0 0)
(0.896209845 0 0)
(0.8972558147 0 0)
(0.8983020234 0 0)
(0.8993484989 0 0)
(0.9003952731 0 0)
(0.9014423832 0 0)
(0.9024898728 0 0)
(0.9035377934 0 0)
(0.904586206 0 0)
(0.9056351841 0 0)
(0.9066848163 0 0)
(0.9077352111 0 0)
(0.9087865027 0 0)
(0.9098388593 0 0)
(0.9108924946 0 0)
(0.9119476841 0 0)
(0.9130047891 0 0)
(0.9140642897 0 0)
(0.9151268318 0 0)
(0.9161932882 0 0)
(0.9172648252 0 0)
(0.9183429378 0 0)
(0.919429337 0 0)
(0.9205254115 0 0)
(0.9216305974 0 0)
(0.9227378154 0 0)
(0.9238234727 0 0)
(0.9248314937 0 0)
(0.9256645625 0 0)
(0.9262257842 0 0)
(0.9265198129 0 0)
(0.9266572699 0 0)
(0.9267322782 0 0)
(0.9267810192 0 0)
(0.9268050275 0 0)
(0.9268095561 0 0)
(0.9268087456 0 0)
(0.926799494 0 0)
(0.9267633276 0 0)
(0.9266738089 0 0)
(0.9265156633 0 0)
(0.9263439519 0 0)
(0.9262768595 0 0)
(0.9262752376 0 0)
(0.9262743823 0 0)
(0.9262724413 0 0)
(0.9262669189 0 0)
(0.9262524225 0 0)
(0.9262207272 0 0)
(0.9261615649 0 0)
(0.9260673545 0 0)
(0.9259605488 0 0)
(0.9259077036 0 0)
(0.9259041103 0 0)
(0.9259047889 0 0)
(0.9259079649 0 0)
(0.9259179372 0 0)
(0.9259359247 0 0)
(0.9259453093 0 0)
(0.9259455096 0 0)
(0.925943069 0 0)
(0.925933225 0 0)
(0.9259160258 0 0)
(0.9259073309 0 0)
(0.9259072785 0 0)
(0.9259089971 0 0)
(0.9259161571 0 0)
(0.9259283741 0 0)
(0.9259354757 0 0)
(0.9259354297 0 0)
(0.9259353313 0 0)
(0.9259349598 0 0)
(0.9259350486 0 0)
(0.9259360963 0 0)
(0.92593972 0 0)
(0.9259469502 0 0)
(0.9259542632 0 0)
(0.9259566474 0 0)
(0.925956959 0 0)
(0.925957351 0 0)
(0.9259587042 0 0)
(0.9259622516 0 0)
(0.9259684324 0 0)
(0.9259745095 0 0)
(0.9259768826 0 0)
(0.9259772301 0 0)
(0.9259777218 0 0)
(0.9259792868 0 0)
(0.9259829927 0 0)
(0.9259885882 0 0)
(0.9259926031 0 0)
(0.9259934526 0 0)
(0.9259939259 0 0)
(0.9259950097 0 0)
(0.9259980368 0 0)
(0.926003775 0 0)
(0.9260088345 0 0)
(0.9260099517 0 0)
(0.9260102063 0 0)
(0.9260107211 0 0)
(0.9260124037 0 0)
(0.9260164403 0 0)
(0.926021779 0 0)
(0.9260243805 0 0)
(0.9260247382 0 0)
(0.9260250322 0 0)
(0.9260259602 0 0)
(0.9260282736 0 0)
(0.9260321365 0 0)
(0.9260354216 0 0)
(0.9260363609 0 0)
(0.9260367878 0 0)
(0.9260376275 0 0)
(0.9260400389 0 0)
(0.9260447187 0 0)
(0.9260487119 0 0)
(0.9260491934 0 0)
(0.926049291 0 0)
(0.9260494535 0 0)
(0.9260501738 0 0)
(0.9260521939 0 0)
(0.9260553645 0 0)
(0.9260577631 0 0)
(0.9260585443 0 0)
(0.9260588771 0 0)
(0.9260594369 0 0)
(0.9260608282 0 0)
(0.9260636828 0 0)
(0.9260671775 0 0)
(0.9260690474 0 0)
(0.9260690224 0 0)
(0.9260689713 0 0)
(0.9260691753 0 0)
(0.9260697969 0 0)
(0.926070901 0 0)
(0.9260725416 0 0)
(0.9260746559 0 0)
(0.9260770092 0 0)
(0.9260792307 0 0)
(0.926080908 0 0)
(0.9260819351 0 0)
(0.926082596 0 0)
(0.926083204 0 0)
(0.9260839498 0 0)
(0.9260848721 0 0)
(0.9260858165 0 0)
(0.9260866274 0 0)
(0.9260873865 0 0)
(0.9260882914 0 0)
(0.9260893829 0 0)
(0.9260903552 0 0)
(0.9260909545 0 0)
(0.9260914458 0 0)
(0.9260922669 0 0)
(0.926093927 0 0)
(0.9260962903 0 0)
(0.9260976553 0 0)
(0.9260977834 0 0)
(0.9260979127 0 0)
(0.9260983376 0 0)
(0.9260994601 0 0)
(0.9261015594 0 0)
(0.9261035851 0 0)
(0.9261041553 0 0)
(0.9261042345 0 0)
(0.9261042567 0 0)
(0.9261043891 0 0)
(0.9261047448 0 0)
(0.9261055239 0 0)
(0.9261068541 0 0)
(0.9261084072 0 0)
(0.9261095638 0 0)
(0.926110083 0 0)
(0.9261102442 0 0)
(0.9261103753 0 0)
(0.9261106366 0 0)
(0.9261111375 0 0)
(0.9261120483 0 0)
(0.9261134841 0 0)
(0.9261151536 0 0)
(0.9261163768 0 0)
(0.9261168813 0 0)
(0.9261170563 0 0)
(0.9261172062 0 0)
(0.9261174787 0 0)
(0.9261180125 0 0)
(0.92611892 0 0)
(0.9261200524 0 0)
(0.9261207932 0 0)
(0.9261209821 0 0)
(0.9261211179 0 0)
(0.926121395 0 0)
(0.9261220021 0 0)
(0.9261232147 0 0)
(0.9261248941 0 0)
(0.9261259553 0 0)
(0.9261261578 0 0)
(0.9261262158 0 0)
(0.9261262697 0 0)
(0.9261264129 0 0)
(0.9261267808 0 0)
(0.9261275937 0 0)
(0.9261289622 0 0)
(0.9261304879 0 0)
(0.9261314284 0 0)
(0.9261314421 0 0)
(0.9261313759 0 0)
(0.9261312653 0 0)
(0.9261311779 0 0)
(0.9261312294 0 0)
(0.9261316457 0 0)
(0.9261326507 0 0)
(0.9261342763 0 0)
(0.9261358883 0 0)
(0.9261365272 0 0)
(0.9261366056 0 0)
(0.9261366685 0 0)
(0.9261368113 0 0)
(0.9261370672 0 0)
(0.9261374456 0 0)
(0.9261378812 0 0)
(0.9261383277 0 0)
(0.9261388076 0 0)
(0.9261393161 0 0)
(0.9261397909 0 0)
(0.9261402037 0 0)
(0.9261406106 0 0)
(0.9261411355 0 0)
(0.9261419105 0 0)
(0.9261428677 0 0)
(0.9261434267 0 0)
(0.9261435464 0 0)
(0.9261435472 0 0)
(0.9261435565 0 0)
(0.9261436212 0 0)
(0.926144158 0 0)
(0.9261454398 0 0)
(0.9261470204 0 0)
(0.9261480163 0 0)
(0.9261480134 0 0)
(0.9261479422 0 0)
(0.926147801 0 0)
(0.9261476711 0 0)
(0.9261477251 0 0)
(0.926148195 0 0)
(0.926149237 0 0)
(0.9261503429 0 0)
(0.9261508553 0 0)
(0.9261508518 0 0)
(0.9261507401 0 0)
(0.9261507703 0 0)
(0.9261510242 0 0)
(0.9261516881 0 0)
(0.926152782 0 0)
(0.9261536658 0 0)
(0.9261537684 0 0)
(0.9261537398 0 0)
(0.9261537238 0 0)
(0.9261537714 0 0)
(0.9261541355 0 0)
(0.9261550004 0 0)
(0.9261562583 0 0)
(0.9261571909 0 0)
(0.9261572357 0 0)
(0.9261571766 0 0)
(0.9261570223 0 0)
(0.9261568541 0 0)
(0.9261568953 0 0)
(0.9261571876 0 0)
(0.9261578996 0 0)
(0.926158994 0 0)
(0.9261597258 0 0)
(0.9261598366 0 0)
(0.9261598974 0 0)
(0.9261600015 0 0)
(0.9261602861 0 0)
(0.9261606611 0 0)
(0.9261609554 0 0)
(0.9261612129 0 0)
(0.9261615634 0 0)
(0.9261621527 0 0)
(0.9261630147 0 0)
(0.9261637278 0 0)
(0.9261639222 0 0)
(0.9261640166 0 0)
(0.9261640927 0 0)
(0.9261641289 0 0)
(0.9261644136 0 0)
(0.9261650972 0 0)
(0.9261654796 0 0)
(0.9261654746 0 0)
(0.9261652768 0 0)
(0.9261651363 0 0)
(0.9261652595 0 0)
(0.9261659446 0 0)
(0.926166861 0 0)
(0.9261670438 0 0)
(0.9261670339 0 0)
(0.9261670424 0 0)
(0.9261671181 0 0)
(0.9261677818 0 0)
(0.9261687605 0 0)
(0.9261691541 0 0)
(0.9261691639 0 0)
(0.9261691088 0 0)
(0.9261691858 0 0)
(0.9261698611 0 0)
(0.9261708531 0 0)
(0.9261712061 0 0)
(0.9261712039 0 0)
(0.9261710991 0 0)
(0.926171114 0 0)
(0.9261712712 0 0)
(0.9261718687 0 0)
(0.9261726571 0 0)
(0.926172809 0 0)
(0.9261728736 0 0)
(0.9261729423 0 0)
(0.9261729422 0 0)
(0.9261731724 0 0)
(0.9261737613 0 0)
(0.92617421 0 0)
(0.9261742202 0 0)
(0.926174181 0 0)
(0.9261743857 0 0)
(0.9261750083 0 0)
(0.9261756023 0 0)
(0.9261755935 0 0)
(0.926175493 0 0)
(0.9261756056 0 0)
(0.9261763132 0 0)
(0.9261770386 0 0)
(0.9261770202 0 0)
(0.9261767739 0 0)
(0.9261768354 0 0)
(0.9261773116 0 0)
(0.9261778498 0 0)
(0.9261778414 0 0)
(0.9261777063 0 0)
(0.9261777929 0 0)
(0.9261784983 0 0)
(0.9261792991 0 0)
(0.9261792833 0 0)
(0.9261790826 0 0)
(0.9261790676 0 0)
(0.9261791468 0 0)
(0.9261797654 0 0)
(0.9261805991 0 0)
(0.9261809268 0 0)
(0.9261810998 0 0)
(0.9261813094 0 0)
(0.926181535 0 0)
(0.926181587 0 0)
(0.9261814141 0 0)
(0.92618127 0 0)
(0.9261813584 0 0)
(0.926182035 0 0)
(0.9261829364 0 0)
(0.9261830917 0 0)
(0.9261830289 0 0)
(0.9261829625 0 0)
(0.9261829708 0 0)
(0.9261831851 0 0)
(0.9261838751 0 0)
(0.9261842525 0 0)
(0.9261842172 0 0)
(0.9261839016 0 0)
(0.9261835959 0 0)
(0.9261836969 0 0)
(0.9261845485 0 0)
(0.9261856911 0 0)
(0.9261859518 0 0)
(0.9261859241 0 0)
(0.926185832 0 0)
(0.9261857638 0 0)
(0.9261858568 0 0)
(0.9261865449 0 0)
(0.9261869383 0 0)
(0.9261868914 0 0)
(0.9261865798 0 0)
(0.9261862791 0 0)
(0.9261863617 0 0)
(0.9261869508 0 0)
(0.9261879872 0 0)
(0.926188732 0 0)
(0.9261889522 0 0)
(0.9261890013 0 0)
(0.9261888881 0 0)
(0.9261888532 0 0)
(0.9261888588 0 0)
(0.9261888795 0 0)
(0.9261889527 0 0)
(0.9261893074 0 0)
(0.9261897038 0 0)
(0.9261899214 0 0)
(0.9261899852 0 0)
(0.9261899258 0 0)
(0.9261901387 0 0)
(0.9261908585 0 0)
(0.9261912207 0 0)
(0.9261910936 0 0)
(0.926190669 0 0)
(0.9261904 0 0)
(0.9261905043 0 0)
(0.9261912649 0 0)
(0.9261921332 0 0)
(0.9261923782 0 0)
(0.926192422 0 0)
(0.9261922861 0 0)
(0.926192247 0 0)
(0.9261922937 0 0)
(0.926192408 0 0)
(0.9261929465 0 0)
(0.9261935982 0 0)
(0.9261937771 0 0)
(0.9261936829 0 0)
(0.9261934254 0 0)
(0.9261931697 0 0)
(0.9261932601 0 0)
(0.9261939228 0 0)
(0.9261948597 0 0)
(0.9261952868 0 0)
(0.9261953014 0 0)
(0.9261950002 0 0)
(0.9261946918 0 0)
(0.9261947509 0 0)
(0.9261950036 0 0)
(0.9261955087 0 0)
(0.9261957769 0 0)
(0.9261957137 0 0)
(0.9261956395 0 0)
(0.926195724 0 0)
(0.9261962437 0 0)
(0.9261968523 0 0)
(0.9261968713 0 0)
(0.926196678 0 0)
(0.926196552 0 0)
(0.926196613 0 0)
(0.9261967077 0 0)
(0.926196821 0 0)
(0.9261972896 0 0)
(0.9261979584 0 0)
(0.9261983615 0 0)
(0.9261983671 0 0)
(0.9261979833 0 0)
(0.9261975812 0 0)
(0.9261976783 0 0)
(0.9261982499 0 0)
(0.9261990053 0 0)
(0.9261994188 0 0)
(0.9261994964 0 0)
(0.9261992756 0 0)
(0.9261991851 0 0)
(0.9261992689 0 0)
(0.9261996142 0 0)
(0.9261997144 0 0)
(0.9261994432 0 0)
(0.9261992621 0 0)
(0.9261993998 0 0)
(0.9262003062 0 0)
(0.9262009591 0 0)
(0.9262009796 0 0)
(0.9262007157 0 0)
(0.9262005157 0 0)
(0.9262005293 0 0)
(0.9262005654 0 0)
(0.9262006402 0 0)
(0.9262007336 0 0)
(0.9262008216 0 0)
(0.9262012309 0 0)
(0.9262020791 0 0)
(0.9262028318 0 0)
(0.9262028388 0 0)
(0.9262023083 0 0)
(0.9262017988 0 0)
(0.9262018804 0 0)
(0.9262021931 0 0)
(0.9262029446 0 0)
(0.926203494 0 0)
(0.9262034896 0 0)
(0.9262031423 0 0)
(0.9262027536 0 0)
(0.9262028587 0 0)
(0.9262034428 0 0)
(0.9262041532 0 0)
(0.9262043295 0 0)
(0.926204023 0 0)
(0.9262036394 0 0)
(0.9262037142 0 0)
(0.9262039652 0 0)
(0.9262047999 0 0)
(0.9262051862 0 0)
(0.9262049093 0 0)
(0.9262045466 0 0)
(0.9262046265 0 0)
(0.9262048679 0 0)
(0.9262056242 0 0)
(0.9262058934 0 0)
(0.9262054526 0 0)
(0.9262049027 0 0)
(0.9262050102 0 0)
(0.9262055467 0 0)
(0.9262062469 0 0)
(0.9262064852 0 0)
(0.9262061704 0 0)
(0.9262058391 0 0)
(0.926205941 0 0)
(0.9262063424 0 0)
(0.9262065651 0 0)
(0.9262064525 0 0)
(0.9262065834 0 0)
(0.9262073397 0 0)
(0.9262076369 0 0)
(0.926207223 0 0)
(0.9262067957 0 0)
(0.9262069643 0 0)
(0.926208018 0 0)
(0.9262086108 0 0)
(0.9262085236 0 0)
(0.9262080878 0 0)
(0.9262076535 0 0)
(0.9262077609 0 0)
(0.9262079753 0 0)
(0.9262079161 0 0)
(0.9262080023 0 0)
(0.9262083083 0 0)
(0.9262091656 0 0)
(0.9262096077 0 0)
(0.9262094441 0 0)
(0.9262090224 0 0)
(0.9262087078 0 0)
(0.9262088382 0 0)
(0.9262094453 0 0)
(0.9262096479 0 0)
(0.9262093495 0 0)
(0.9262093898 0 0)
(0.9262095695 0 0)
(0.9262103342 0 0)
(0.9262105089 0 0)
(0.9262101587 0 0)
(0.9262101733 0 0)
(0.9262102562 0 0)
(0.9262103435 0 0)
(0.926210253 0 0)
(0.926210314 0 0)
(0.9262105162 0 0)
(0.9262112996 0 0)
(0.9262114474 0 0)
(0.9262110951 0 0)
(0.926211146 0 0)
(0.9262113072 0 0)
(0.9262115925 0 0)
(0.9262114589 0 0)
(0.9262114968 0 0)
(0.9262116211 0 0)
(0.9262118968 0 0)
(0.9262120932 0 0)
(0.9262118558 0 0)
(0.9262119576 0 0)
(0.9262122314 0 0)
(0.9262124607 0 0)
(0.9262122472 0 0)
(0.9262123428 0 0)
(0.9262125366 0 0)
(0.9262127544 0 0)
(0.9262124965 0 0)
(0.9262125633 0 0)
(0.9262127213 0 0)
(0.9262129623 0 0)
(0.9262136296 0 0)
(0.9262138081 0 0)
(0.9262133879 0 0)
(0.92621322 0 0)
(0.9262133508 0 0)
(0.9262135823 0 0)
(0.9262140854 0 0)
(0.9262142078 0 0)
(0.9262137813 0 0)
(0.9262138495 0 0)
(0.9262140483 0 0)
(0.926214549 0 0)
(0.9262147263 0 0)
(0.9262143349 0 0)
(0.9262144249 0 0)
(0.9262146451 0 0)
(0.9262149445 0 0)
(0.9262147708 0 0)
(0.9262147815 0 0)
(0.9262148852 0 0)
(0.9262151116 0 0)
(0.9262154212 0 0)
(0.9262152004 0 0)
(0.9262152545 0 0)
(0.9262153891 0 0)
(0.9262156027 0 0)
(0.9262158173 0 0)
(0.9262156857 0 0)
(0.9262157077 0 0)
(0.9262157958 0 0)
(0.9262160001 0 0)
(0.9262162306 0 0)
(0.92621607 0 0)
(0.9262161057 0 0)
(0.9262161863 0 0)
(0.9262163441 0 0)
(0.9262165949 0 0)
(0.926216838 0 0)
(0.9262166684 0 0)
(0.9262166363 0 0)
(0.9262166945 0 0)
(0.9262167982 0 0)
(0.9262169282 0 0)
(0.9262170759 0 0)
(0.9262172567 0 0)
(0.9262175024 0 0)
(0.9262177185 0 0)
(0.926217579 0 0)
(0.9262175843 0 0)
(0.92621764 0 0)
(0.9262177726 0 0)
(0.9262179721 0 0)
(0.9262180989 0 0)
(0.9262180029 0 0)
(0.9262180377 0 0)
(0.926218122 0 0)
(0.9262182568 0 0)
(0.9262184367 0 0)
(0.9262184946 0 0)
(0.926218432 0 0)
(0.9262184785 0 0)
(0.9262186088 0 0)
(0.9262188015 0 0)
(0.9262189087 0 0)
(0.9262188203 0 0)
(0.9262188685 0 0)
(0.9262189985 0 0)
(0.926219192 0 0)
(0.9262193197 0 0)
(0.9262192182 0 0)
(0.9262192677 0 0)
(0.9262193993 0 0)
(0.9262195858 0 0)
(0.9262196927 0 0)
(0.9262196064 0 0)
(0.9262196593 0 0)
(0.9262198035 0 0)
(0.9262199968 0 0)
(0.9262200573 0 0)
(0.9262200006 0 0)
(0.9262200621 0 0)
(0.9262202372 0 0)
(0.9262204259 0 0)
(0.9262203746 0 0)
(0.9262204056 0 0)
(0.9262204901 0 0)
(0.9262206539 0 0)
(0.9262207884 0 0)
(0.9262207002 0 0)
(0.9262207541 0 0)
(0.9262208999 0 0)
(0.9262210555 0 0)
(0.9262210622 0 0)
(0.9262210769 0 0)
(0.9262211426 0 0)
(0.9262212894 0 0)
(0.9262213647 0 0)
(0.9262213367 0 0)
(0.926221405 0 0)
(0.926221571 0 0)
(0.9262216572 0 0)
(0.9262216213 0 0)
(0.926221692 0 0)
(0.9262218647 0 0)
(0.9262219593 0 0)
(0.9262219146 0 0)
(0.9262219855 0 0)
(0.9262221605 0 0)
(0.9262222595 0 0)
(0.926222201 0 0)
(0.926222265 0 0)
(0.9262224341 0 0)
(0.9262225602 0 0)
(0.9262224874 0 0)
(0.9262225306 0 0)
(0.9262226445 0 0)
(0.9262227808 0 0)
(0.9262228436 0 0)
(0.9262228368 0 0)
(0.9262229153 0 0)
(0.9262231168 0 0)
(0.9262232542 0 0)
(0.9262231545 0 0)
(0.9262232015 0 0)
(0.9262233385 0 0)
(0.9262235142 0 0)
(0.9262235151 0 0)
(0.9262235011 0 0)
(0.9262235323 0 0)
(0.9262236258 0 0)
(0.9262237722 0 0)
(0.9262238507 0 0)
(0.9262238084 0 0)
(0.9262238411 0 0)
(0.926223933 0 0)
(0.9262240767 0 0)
(0.9262241588 0 0)
(0.9262241121 0 0)
(0.9262241486 0 0)
(0.9262242539 0 0)
(0.9262244105 0 0)
(0.9262244786 0 0)
(0.9262244365 0 0)
(0.9262244775 0 0)
(0.9262245942 0 0)
(0.9262247638 0 0)
(0.9262248209 0 0)
(0.9262247795 0 0)
(0.9262248212 0 0)
(0.9262249404 0 0)
(0.9262251033 0 0)
(0.9262251114 0 0)
(0.9262250931 0 0)
(0.9262251301 0 0)
(0.9262252442 0 0)
(0.9262254175 0 0)
(0.9262254841 0 0)
(0.9262254354 0 0)
(0.9262254582 0 0)
(0.9262255176 0 0)
(0.926225609 0 0)
(0.926225742 0 0)
(0.9262258307 0 0)
(0.9262257933 0 0)
(0.9262258152 0 0)
(0.9262258736 0 0)
(0.9262259742 0 0)
(0.9262261072 0 0)
(0.9262261311 0 0)
(0.9262261204 0 0)
(0.9262261589 0 0)
(0.926226268 0 0)
(0.9262264012 0 0)
(0.9262264178 0 0)
(0.9262264193 0 0)
(0.9262264657 0 0)
(0.9262265851 0 0)
(0.9262266516 0 0)
(0.9262266337 0 0)
(0.926226692 0 0)
(0.926226842 0 0)
(0.926226919 0 0)
(0.9262268749 0 0)
(0.9262269203 0 0)
(0.9262270562 0 0)
(0.9262271892 0 0)
(0.9262271546 0 0)
(0.9262271794 0 0)
(0.9262272491 0 0)
(0.9262273727 0 0)
(0.926227449 0 0)
(0.9262274062 0 0)
(0.9262274411 0 0)
(0.9262275458 0 0)
(0.9262276635 0 0)
(0.9262276498 0 0)
(0.9262276679 0 0)
(0.9262277269 0 0)
(0.9262278558 0 0)
(0.9262278914 0 0)
(0.9262278616 0 0)
(0.9262279113 0 0)
(0.926228053 0 0)
(0.9262281569 0 0)
(0.9262280997 0 0)
(0.9262281265 0 0)
(0.9262281965 0 0)
(0.9262282997 0 0)
(0.9262284041 0 0)
(0.9262284167 0 0)
(0.9262284557 0 0)
(0.9262285313 0 0)
(0.9262286059 0 0)
(0.9262286405 0 0)
(0.9262286725 0 0)
(0.9262287225 0 0)
(0.9262287902 0 0)
(0.9262288577 0 0)
(0.9262289091 0 0)
(0.9262289553 0 0)
(0.926229009 0 0)
(0.9262290668 0 0)
(0.9262291268 0 0)
(0.9262292089 0 0)
(0.9262293248 0 0)
(0.9262294432 0 0)
(0.9262295486 0 0)
(0.9262296828 0 0)
(0.9262298764 0 0)
(0.926230128 0 0)
(0.9262304221 0 0)
(0.9262307789 0 0)
(0.9262312646 0 0)
(0.9262318608 0 0)
(0.9262326032 0 0)
(0.9262335459 0 0)
(0.9262346966 0 0)
(0.9262360953 0 0)
(0.9262378481 0 0)
(0.9262399518 0 0)
(0.9262424076 0 0)
(0.926245364 0 0)
(0.9262488078 0 0)
(0.9262527978 0 0)
(0.9262573717 0 0)
(0.9262625921 0 0)
(0.9262684376 0 0)
(0.9262749472 0 0)
(0.9262820941 0 0)
(0.9262898309 0 0)
(0.9262982197 0 0)
(0.9263071714 0 0)
(0.9263165295 0 0)
(0.9263263757 0 0)
(0.9263364893 0 0)
(0.9263467349 0 0)
(0.9263570908 0 0)
(0.9263673711 0 0)
(0.9263774543 0 0)
(0.9263872336 0 0)
(0.9263965663 0 0)
(0.9264053713 0 0)
(0.9264135256 0 0)
(0.9264209455 0 0)
(0.926427605 0 0)
(0.9264334901 0 0)
(0.9264385822 0 0)
(0.9264428725 0 0)
(0.9264464453 0 0)
(0.9264492795 0 0)
(0.9264515245 0 0)
(0.9264531731 0 0)
(0.9264544026 0 0)
(0.9264551394 0 0)
(0.9264556459 0 0)
(0.9264557942 0 0)
(0.926455853 0 0)
(0.9264557945 0 0)
(0.9264556223 0 0)
(0.9264554031 0 0)
(0.9264551613 0 0)
(0.9264549129 0 0)
(0.9264546753 0 0)
(0.9264544951 0 0)
(0.9264543635 0 0)
(0.926454287 0 0)
(0.9264542462 0 0)
(0.9264542522 0 0)
(0.9264542687 0 0)
(0.9264543051 0 0)
(0.9264543285 0 0)
(0.9264543454 0 0)
(0.9264543675 0 0)
(0.9264543986 0 0)
(0.9264544407 0 0)
(0.9264544941 0 0)
(0.9264545549 0 0)
(0.9264546169 0 0)
(0.9264546729 0 0)
(0.926454717 0 0)
(0.9264547492 0 0)
(0.9264547772 0 0)
(0.9264548094 0 0)
(0.9264548527 0 0)
(0.9264549107 0 0)
(0.9264549807 0 0)
(0.9264550554 0 0)
(0.9264551226 0 0)
(0.9264551653 0 0)
(0.92645518 0 0)
(0.9264551944 0 0)
(0.9264552262 0 0)
(0.9264552844 0 0)
(0.9264553666 0 0)
(0.926455461 0 0)
(0.9264555594 0 0)
(0.9264556437 0 0)
(0.9264556769 0 0)
(0.9264556593 0 0)
(0.9264556635 0 0)
(0.9264556806 0 0)
(0.9264557161 0 0)
(0.9264557733 0 0)
(0.9264558509 0 0)
(0.9264559405 0 0)
(0.9264560316 0 0)
(0.9264561083 0 0)
(0.9264561539 0 0)
(0.9264561771 0 0)
(0.926456205 0 0)
(0.9264562432 0 0)
(0.9264562926 0 0)
(0.9264563514 0 0)
(0.9264564136 0 0)
(0.9264564745 0 0)
(0.9264565327 0 0)
(0.926456586 0 0)
(0.9264566263 0 0)
(0.9264566612 0 0)
(0.9264567007 0 0)
(0.9264567471 0 0)
(0.9264567991 0 0)
(0.9264568613 0 0)
(0.9264569306 0 0)
(0.9264569996 0 0)
(0.9264570627 0 0)
(0.9264571171 0 0)
(0.9264571655 0 0)
(0.9264572154 0 0)
(0.9264572743 0 0)
(0.9264573449 0 0)
(0.9264574222 0 0)
(0.9264574954 0 0)
(0.9264575467 0 0)
(0.9264575633 0 0)
(0.9264575658 0 0)
(0.9264575759 0 0)
(0.9264576072 0 0)
(0.9264576639 0 0)
(0.9264577422 0 0)
(0.9264578309 0 0)
(0.9264579174 0 0)
(0.9264579867 0 0)
(0.9264580262 0 0)
(0.9264580441 0 0)
(0.9264580642 0 0)
(0.9264581053 0 0)
(0.9264581772 0 0)
(0.9264582686 0 0)
(0.9264583646 0 0)
(0.9264584508 0 0)
(0.9264585139 0 0)
(0.9264585505 0 0)
(0.9264585725 0 0)
(0.9264585954 0 0)
(0.9264586299 0 0)
(0.9264586813 0 0)
(0.9264587469 0 0)
(0.9264588192 0 0)
(0.9264588897 0 0)
(0.9264589515 0 0)
(0.9264590013 0 0)
(0.9264590409 0 0)
(0.9264590769 0 0)
(0.9264591169 0 0)
(0.9264591679 0 0)
(0.9264592337 0 0)
(0.926459312 0 0)
(0.9264593959 0 0)
(0.9264594751 0 0)
(0.9264595358 0 0)
(0.9264595671 0 0)
(0.9264595784 0 0)
(0.9264595936 0 0)
(0.9264596326 0 0)
(0.9264597102 0 0)
(0.9264598148 0 0)
(0.9264599281 0 0)
(0.9264600347 0 0)
(0.9264601075 0 0)
(0.9264601301 0 0)
(0.9264601279 0 0)
(0.9264601429 0 0)
(0.9264601914 0 0)
(0.9264602738 0 0)
(0.9264603741 0 0)
(0.9264604776 0 0)
(0.9264605725 0 0)
(0.9264606458 0 0)
(0.9264606901 0 0)
(0.9264607145 0 0)
(0.9264607372 0 0)
(0.9264607698 0 0)
(0.926460818 0 0)
(0.9264608792 0 0)
(0.9264609465 0 0)
(0.926461013 0 0)
(0.9264610748 0 0)
(0.9264611313 0 0)
(0.9264611844 0 0)
(0.9264612365 0 0)
(0.9264612902 0 0)
(0.9264613482 0 0)
(0.9264614128 0 0)
(0.9264614841 0 0)
(0.9264615591 0 0)
(0.9264616316 0 0)
(0.9264616935 0 0)
(0.9264617388 0 0)
(0.9264617698 0 0)
(0.9264617985 0 0)
(0.92646184 0 0)
(0.9264619084 0 0)
(0.926462003 0 0)
(0.92646211 0 0)
(0.9264622132 0 0)
(0.9264622846 0 0)
(0.9264623038 0 0)
(0.9264623069 0 0)
(0.9264623213 0 0)
(0.9264623677 0 0)
(0.9264624486 0 0)
(0.9264625523 0 0)
(0.9264626635 0 0)
(0.9264627666 0 0)
(0.9264628449 0 0)
(0.9264628929 0 0)
(0.9264629265 0 0)
(0.9264629658 0 0)
(0.9264630227 0 0)
(0.9264630971 0 0)
(0.926463179 0 0)
(0.9264632571 0 0)
(0.9264633227 0 0)
(0.9264633735 0 0)
(0.9264634125 0 0)
(0.9264634464 0 0)
(0.9264634822 0 0)
(0.9264635277 0 0)
(0.9264635897 0 0)
(0.9264636707 0 0)
(0.9264637665 0 0)
(0.9264638684 0 0)
(0.9264639643 0 0)
(0.926464034 0 0)
(0.9264640607 0 0)
(0.926464065 0 0)
(0.9264640745 0 0)
(0.9264641107 0 0)
(0.9264641933 0 0)
(0.9264643114 0 0)
(0.9264644408 0 0)
(0.9264645626 0 0)
(0.9264646398 0 0)
(0.9264646535 0 0)
(0.9264646589 0 0)
(0.9264646755 0 0)
(0.9264647327 0 0)
(0.9264648369 0 0)
(0.9264649611 0 0)
(0.9264650912 0 0)
(0.9264651958 0 0)
(0.926465241 0 0)
(0.9264652498 0 0)
(0.9264652419 0 0)
(0.9264652489 0 0)
(0.9264652944 0 0)
(0.9264653987 0 0)
(0.9264655275 0 0)
(0.926465659 0 0)
(0.9264657629 0 0)
(0.926465822 0 0)
(0.926465855 0 0)
(0.926465887 0 0)
(0.9264659312 0 0)
(0.9264659925 0 0)
(0.9264660665 0 0)
(0.9264661451 0 0)
(0.9264662215 0 0)
(0.9264662911 0 0)
(0.9264663526 0 0)
(0.9264664069 0 0)
(0.9264664577 0 0)
(0.9264665098 0 0)
(0.9264665686 0 0)
(0.9264666388 0 0)
(0.9264667222 0 0)
(0.9264668163 0 0)
(0.9264669137 0 0)
(0.9264670023 0 0)
(0.9264670645 0 0)
(0.9264670918 0 0)
(0.9264671036 0 0)
(0.9264671209 0 0)
(0.9264671754 0 0)
(0.926467282 0 0)
(0.9264674125 0 0)
(0.926467548 0 0)
(0.9264676654 0 0)
(0.9264677374 0 0)
(0.9264677654 0 0)
(0.9264677741 0 0)
(0.9264677733 0 0)
(0.926467814 0 0)
(0.9264679278 0 0)
(0.9264680679 0 0)
(0.9264682122 0 0)
(0.926468334 0 0)
(0.9264684064 0 0)
(0.9264684401 0 0)
(0.9264684698 0 0)
(0.9264685126 0 0)
(0.9264685763 0 0)
(0.9264686572 0 0)
(0.9264687469 0 0)
(0.9264688357 0 0)
(0.9264689144 0 0)
(0.9264689767 0 0)
(0.926469024 0 0)
(0.9264690665 0 0)
(0.926469114 0 0)
(0.926469175 0 0)
(0.9264692566 0 0)
(0.9264693587 0 0)
(0.9264694734 0 0)
(0.9264695893 0 0)
(0.9264696931 0 0)
(0.9264697692 0 0)
(0.9264698097 0 0)
(0.9264698297 0 0)
(0.9264698379 0 0)
(0.9264698444 0 0)
(0.9264699221 0 0)
(0.9264700547 0 0)
(0.9264702071 0 0)
(0.9264703531 0 0)
(0.9264704539 0 0)
(0.92647049 0 0)
(0.9264705019 0 0)
(0.9264705037 0 0)
(0.9264705757 0 0)
(0.9264707097 0 0)
(0.9264708647 0 0)
(0.9264710162 0 0)
(0.9264711226 0 0)
(0.926471159 0 0)
(0.9264711617 0 0)
(0.926471139 0 0)
(0.9264711387 0 0)
(0.9264712144 0 0)
(0.9264713534 0 0)
(0.9264715108 0 0)
(0.9264716646 0 0)
(0.9264717793 0 0)
(0.9264718427 0 0)
(0.9264718843 0 0)
(0.9264719256 0 0)
(0.9264719798 0 0)
(0.9264720534 0 0)
(0.9264721399 0 0)
(0.9264722332 0 0)
(0.9264723289 0 0)
(0.9264724244 0 0)
(0.9264725177 0 0)
(0.9264726036 0 0)
(0.926472673 0 0)
(0.9264727204 0 0)
(0.9264727405 0 0)
(0.9264727517 0 0)
(0.9264728172 0 0)
(0.926472955 0 0)
(0.9264731143 0 0)
(0.9264732665 0 0)
(0.9264733667 0 0)
(0.9264734084 0 0)
(0.9264734147 0 0)
(0.9264733914 0 0)
(0.9264734522 0 0)
(0.9264735884 0 0)
(0.9264737611 0 0)
(0.9264739359 0 0)
(0.9264740715 0 0)
(0.9264741384 0 0)
(0.9264741627 0 0)
(0.9264741411 0 0)
(0.9264741282 0 0)
(0.9264742024 0 0)
(0.926474351 0 0)
(0.9264745214 0 0)
(0.9264746874 0 0)
(0.926474795 0 0)
(0.9264748497 0 0)
(0.9264748736 0 0)
(0.9264748523 0 0)
(0.9264748764 0 0)
(0.9264749902 0 0)
(0.9264751563 0 0)
(0.9264753034 0 0)
(0.9264753915 0 0)
(0.9264754627 0 0)
(0.9264755484 0 0)
(0.9264756545 0 0)
(0.9264757581 0 0)
(0.9264758368 0 0)
(0.9264758884 0 0)
(0.9264759359 0 0)
(0.926476014 0 0)
(0.9264761324 0 0)
(0.9264762579 0 0)
(0.9264763644 0 0)
(0.9264764406 0 0)
(0.9264764857 0 0)
(0.926476517 0 0)
(0.9264765752 0 0)
(0.9264766926 0 0)
(0.9264768372 0 0)
(0.9264769911 0 0)
(0.926477139 0 0)
(0.9264772584 0 0)
(0.9264773381 0 0)
(0.9264773751 0 0)
(0.9264773583 0 0)
(0.9264773424 0 0)
(0.9264774244 0 0)
(0.9264775934 0 0)
(0.9264777796 0 0)
(0.9264779558 0 0)
(0.9264780611 0 0)
(0.9264781057 0 0)
(0.926478094 0 0)
(0.9264780704 0 0)
(0.9264781431 0 0)
(0.9264783026 0 0)
(0.9264784917 0 0)
(0.9264786791 0 0)
(0.9264788093 0 0)
(0.9264788842 0 0)
(0.9264789292 0 0)
(0.9264789577 0 0)
(0.9264789795 0 0)
(0.9264790347 0 0)
(0.9264791551 0 0)
(0.926479298 0 0)
(0.9264794436 0 0)
(0.9264795852 0 0)
(0.9264797162 0 0)
(0.926479824 0 0)
(0.926479899 0 0)
(0.9264799387 0 0)
(0.9264799412 0 0)
(0.9264799339 0 0)
(0.9264800318 0 0)
(0.9264802251 0 0)
(0.9264804264 0 0)
(0.9264806146 0 0)
(0.9264807325 0 0)
(0.9264807946 0 0)
(0.9264808209 0 0)
(0.9264807908 0 0)
(0.9264808017 0 0)
(0.9264809112 0 0)
(0.9264811125 0 0)
(0.9264813179 0 0)
(0.9264815065 0 0)
(0.9264816243 0 0)
(0.9264816803 0 0)
(0.926481686 0 0)
(0.9264816527 0 0)
(0.926481711 0 0)
(0.9264818683 0 0)
(0.9264820742 0 0)
(0.9264822779 0 0)
(0.9264824053 0 0)
(0.9264824763 0 0)
(0.9264825252 0 0)
(0.926482573 0 0)
(0.9264826407 0 0)
(0.9264827378 0 0)
(0.9264828504 0 0)
(0.9264829659 0 0)
(0.926483081 0 0)
(0.9264831974 0 0)
(0.9264833146 0 0)
(0.9264834274 0 0)
(0.9264835292 0 0)
(0.926483616 0 0)
(0.9264836905 0 0)
(0.9264837638 0 0)
(0.9264838566 0 0)
(0.9264839888 0 0)
(0.9264841498 0 0)
(0.9264843104 0 0)
(0.926484451 0 0)
(0.9264845556 0 0)
(0.9264846197 0 0)
(0.926484647 0 0)
(0.9264846186 0 0)
(0.9264847127 0 0)
(0.9264849116 0 0)
(0.92648514 0 0)
(0.9264853627 0 0)
(0.9264854918 0 0)
(0.9264855415 0 0)
(0.92648552 0 0)
(0.9264854879 0 0)
(0.926485556 0 0)
(0.926485727 0 0)
(0.9264859628 0 0)
(0.926486199 0 0)
(0.9264863547 0 0)
(0.9264864394 0 0)
(0.9264864737 0 0)
(0.9264864365 0 0)
(0.9264864524 0 0)
(0.9264865813 0 0)
(0.9264868079 0 0)
(0.9264870323 0 0)
(0.9264871706 0 0)
(0.9264872577 0 0)
(0.9264873397 0 0)
(0.9264874469 0 0)
(0.9264875781 0 0)
(0.9264876953 0 0)
(0.9264877674 0 0)
(0.9264877959 0 0)
(0.9264878281 0 0)
(0.9264879805 0 0)
(0.9264882217 0 0)
(0.9264884621 0 0)
(0.9264886196 0 0)
(0.9264886928 0 0)
(0.9264886891 0 0)
(0.9264886437 0 0)
(0.9264886876 0 0)
(0.9264888516 0 0)
(0.926489115 0 0)
(0.9264893668 0 0)
(0.9264895473 0 0)
(0.926489657 0 0)
(0.9264897177 0 0)
(0.9264897414 0 0)
(0.9264897124 0 0)
(0.9264897945 0 0)
(0.9264899859 0 0)
(0.9264902361 0 0)
(0.9264904776 0 0)
(0.9264906149 0 0)
(0.9264906818 0 0)
(0.9264907271 0 0)
(0.9264907824 0 0)
(0.9264908841 0 0)
(0.9264910286 0 0)
(0.9264911857 0 0)
(0.9264913375 0 0)
(0.9264914761 0 0)
(0.9264915969 0 0)
(0.9264917008 0 0)
(0.9264917968 0 0)
(0.9264918983 0 0)
(0.926492015 0 0)
(0.9264921424 0 0)
(0.9264922672 0 0)
(0.9264923869 0 0)
(0.9264925212 0 0)
(0.9264926908 0 0)
(0.9264928838 0 0)
(0.9264930589 0 0)
(0.9264931784 0 0)
(0.9264932346 0 0)
(0.9264932279 0 0)
(0.926493275 0 0)
(0.9264934641 0 0)
(0.9264937405 0 0)
(0.9264939708 0 0)
(0.9264941048 0 0)
(0.9264942091 0 0)
(0.9264943074 0 0)
(0.9264943837 0 0)
(0.9264944149 0 0)
(0.926494446 0 0)
(0.9264946224 0 0)
(0.9264949345 0 0)
(0.9264952302 0 0)
(0.9264953941 0 0)
(0.9264954761 0 0)
(0.9264955195 0 0)
(0.9264955283 0 0)
(0.9264955447 0 0)
(0.926495701 0 0)
(0.9264959791 0 0)
(0.9264962506 0 0)
(0.9264964223 0 0)
(0.9264965335 0 0)
(0.9264966377 0 0)
(0.9264967536 0 0)
(0.9264968622 0 0)
(0.926496941 0 0)
(0.9264970187 0 0)
(0.9264971741 0 0)
(0.9264973995 0 0)
(0.9264976123 0 0)
(0.9264977735 0 0)
(0.9264979005 0 0)
(0.926498036 0 0)
(0.9264981863 0 0)
(0.9264983131 0 0)
(0.9264983705 0 0)
(0.9264983812 0 0)
(0.9264985267 0 0)
(0.9264988178 0 0)
(0.9264990964 0 0)
(0.9264992631 0 0)
(0.9264993743 0 0)
(0.9264994899 0 0)
(0.9264996085 0 0)
(0.9264996722 0 0)
(0.9264996946 0 0)
(0.9264998577 0 0)
(0.9265001758 0 0)
(0.9265004927 0 0)
(0.9265006943 0 0)
(0.9265007735 0 0)
(0.9265008111 0 0)
(0.9265008206 0 0)
(0.9265009293 0 0)
(0.9265011492 0 0)
(0.9265013625 0 0)
(0.9265015897 0 0)
(0.9265018325 0 0)
(0.9265020347 0 0)
(0.9265021229 0 0)
(0.9265021058 0 0)
(0.9265021992 0 0)
(0.9265024243 0 0)
(0.9265026918 0 0)
(0.9265027929 0 0)
(0.9265029536 0 0)
(0.9265032067 0 0)
(0.9265034496 0 0)
(0.9265035647 0 0)
(0.9265035902 0 0)
(0.9265037014 0 0)
(0.9265039569 0 0)
(0.9265042395 0 0)
(0.9265043328 0 0)
(0.9265043049 0 0)
(0.9265044919 0 0)
(0.9265048675 0 0)
(0.9265051691 0 0)
(0.926505245 0 0)
(0.9265051929 0 0)
(0.9265053574 0 0)
(0.9265056926 0 0)
(0.9265057783 0 0)
(0.9265057577 0 0)
(0.9265059519 0 0)
(0.9265063772 0 0)
(0.9265067921 0 0)
(0.9265068099 0 0)
(0.926506592 0 0)
(0.9265067066 0 0)
(0.9265069852 0 0)
(0.9265074036 0 0)
(0.9265074837 0 0)
(0.9265075073 0 0)
(0.9265077346 0 0)
(0.9265082579 0 0)
(0.9265086537 0 0)
(0.9265083707 0 0)
(0.9265079608 0 0)
(0.9265081821 0 0)
(0.9265091308 0 0)
(0.9265099196 0 0)
(0.9265092824 0 0)
(0.9265085467 0 0)
(0.926509033 0 0)
(0.9265106353 0 0)
(0.9265101776 0 0)
(0.9265073816 0 0)
(0.9265057756 0 0)
(0.9265049443 0 0)
(0.9264999278 0 0)
(0.9264842344 0 0)
(0.9264535632 0 0)
(0.9263871719 0 0)
(0.9262355849 0 0)
(0.9259005911 0 0)
(0.9251601901 0 0)
(0.9235182517 0 0)
(0.9198919178 0 0)
(0.9118967786 0 0)
(0.8943418754 0 0)
(0.8562615154 0 0)
(0.7760035278 0 0)
(0.6187631157 0 0)
(0.3667670357 0 0)
(0.122396329 0 0)
(0.0198580866 0 0)
(0.001984502006 0 0)
(0.0001788362043 0 0)
(1.680587632e-05 0 0)
(1.626222886e-06 0 0)
(1.586517296e-07 0 0)
(1.549080061e-08 0 0)
(1.511824937e-09 0 0)
(1.475125466e-10 0 0)
(1.439080529e-11 0 0)
(1.404237146e-12 0 0)
(1.359644583e-13 0 0)
(1.351068051e-14 0 0)
(3.147888497e-16 0 0)
(-3.366752206e-16 0 0)
(-1.349449354e-16 0 0)
(-6.294984238e-17 0 0)
(-1.327295471e-16 0 0)
(6.637877616e-17 0 0)
(2.989032853e-17 0 0)
(2.161978427e-16 0 0)
(2.180429681e-16 0 0)
(-1.696499848e-16 0 0)
(-3.773516361e-16 0 0)
(1.523906609e-16 0 0)
(4.404578162e-16 0 0)
(1.791704656e-16 0 0)
(-1.013307532e-16 0 0)
(-4.375246653e-16 0 0)
(-6.414053127e-16 0 0)
(-3.652324626e-16 0 0)
(-1.255671228e-16 0 0)
(-3.267963465e-16 0 0)
(-6.114175227e-16 0 0)
(-7.232033178e-16 0 0)
(-9.351941563e-16 0 0)
(-8.125030141e-16 0 0)
(-5.353681058e-16 0 0)
(-3.992332894e-16 0 0)
(-4.232892775e-16 0 0)
(-2.890811535e-16 0 0)
(-4.694831062e-16 0 0)
(-4.795400597e-16 0 0)
(-2.612911887e-17 0 0)
(4.556811252e-17 0 0)
(-9.701977439e-17 0 0)
(2.101058603e-16 0 0)
(6.175855227e-16 0 0)
(4.508459927e-16 0 0)
(2.73978822e-16 0 0)
(5.824737053e-16 0 0)
(6.770242086e-16 0 0)
(5.302248386e-16 0 0)
(5.360370757e-16 0 0)
(6.178610431e-16 0 0)
(8.690219881e-16 0 0)
(7.541747869e-16 0 0)
(4.553097274e-16 0 0)
(1.211166404e-16 0 0)
(1.228994113e-16 0 0)
(1.583748405e-16 0 0)
(5.71515037e-16 0 0)
(6.003066272e-16 0 0)
(4.452648026e-16 0 0)
(2.108958353e-16 0 0)
(2.102110977e-16 0 0)
(5.151932358e-16 0 0)
(4.323758059e-16 0 0)
(2.06677198e-16 0 0)
(1.292711601e-16 0 0)
(-9.047384926e-17 0 0)
(-4.961515836e-17 0 0)
(-3.315371693e-16 0 0)
(-1.747037522e-16 0 0)
(9.290358606e-17 0 0)
(2.105183199e-16 0 0)
(2.328668256e-16 0 0)
(1.544530287e-16 0 0)
(1.850076707e-16 0 0)
(5.321615031e-17 0 0)
(-2.221050652e-16 0 0)
(-2.578131511e-16 0 0)
(5.71466727e-18 0 0)
(3.702608278e-16 0 0)
(4.271416051e-17 0 0)
(-1.790905277e-16 0 0)
(1.345626118e-16 0 0)
(4.762532973e-16 0 0)
(5.409086451e-16 0 0)
(2.253851907e-16 0 0)
(3.7723624e-16 0 0)
(9.744845284e-16 0 0)
(1.216921709e-15 0 0)
(1.239695189e-15 0 0)
(8.79212828e-16 0 0)
(2.905148624e-16 0 0)
(-1.46177961e-16 0 0)
(-2.863574504e-16 0 0)
(-2.778781764e-16 0 0)
(-2.427323692e-16 0 0)
(-6.607147362e-18 0 0)
(2.850153979e-16 0 0)
(3.555282537e-17 0 0)
(9.278554777e-17 0 0)
(3.463732798e-16 0 0)
(4.322140158e-16 0 0)
(6.080145083e-16 0 0)
(7.569109889e-16 0 0)
(7.147013258e-16 0 0)
(6.018204365e-16 0 0)
(1.004787758e-15 0 0)
(1.02184308e-15 0 0)
(7.896441387e-16 0 0)
(8.034724066e-16 0 0)
(6.858279349e-16 0 0)
(4.340261496e-16 0 0)
(-8.685837769e-17 0 0)
(-1.306716747e-17 0 0)
(6.659155079e-17 0 0)
(-7.978619111e-17 0 0)
(-1.671500757e-16 0 0)
(-8.576167006e-17 0 0)
(1.973918904e-16 0 0)
(-1.564454248e-16 0 0)
(-4.18981386e-16 0 0)
(-2.450219621e-16 0 0)
(-6.007312008e-16 0 0)
(-5.356871178e-16 0 0)
(-2.428303473e-16 0 0)
(-1.315651587e-16 0 0)
(-1.411452498e-17 0 0)
(6.277999967e-18 0 0)
(-1.545483501e-16 0 0)
(-2.530919238e-16 0 0)
(-4.235509921e-16 0 0)
(-4.094506144e-16 0 0)
(-8.455098456e-16 0 0)
(-1.018496976e-15 0 0)
(-4.559448701e-16 0 0)
(8.156249877e-17 0 0)
(1.917291375e-16 0 0)
(2.937929055e-17 0 0)
(2.78942166e-16 0 0)
(6.812467402e-16 0 0)
(4.625198422e-16 0 0)
(4.602785397e-16 0 0)
(7.384196414e-16 0 0)
(5.675421821e-16 0 0)
(2.995128793e-16 0 0)
(4.375165345e-16 0 0)
(7.241555246e-16 0 0)
(8.953119133e-16 0 0)
(7.058917434e-16 0 0)
(3.251677577e-16 0 0)
(-1.137598471e-16 0 0)
(-2.821326406e-16 0 0)
(-2.262668285e-16 0 0)
(-3.160828514e-16 0 0)
(-4.977188481e-16 0 0)
(-2.734693769e-16 0 0)
(5.074332604e-17 0 0)
(-1.859362754e-16 0 0)
(-5.351540001e-16 0 0)
(-6.661822826e-16 0 0)
(-4.039008691e-16 0 0)
(-1.524405378e-16 0 0)
(-1.777539594e-16 0 0)
(-3.668186024e-16 0 0)
(-2.182275065e-16 0 0)
(-2.596702182e-16 0 0)
(-4.272554628e-16 0 0)
(-3.623220934e-17 0 0)
(7.917848966e-17 0 0)
(-1.423280008e-16 0 0)
(-1.064001977e-17 0 0)
(2.622724274e-16 0 0)
(-7.51602515e-19 0 0)
(2.483835923e-16 0 0)
(7.722434532e-16 0 0)
(4.991358402e-16 0 0)
(2.320494286e-16 0 0)
(2.07292425e-17 0 0)
(-2.626372306e-16 0 0)
(-3.152008567e-16 0 0)
(-4.90161064e-17 0 0)
(1.745701087e-17 0 0)
(-3.182511865e-17 0 0)
(-1.093972941e-16 0 0)
(1.52816778e-16 0 0)
(9.993987514e-17 0 0)
(-8.02958159e-17 0 0)
(1.774198869e-16 0 0)
(-2.965129912e-17 0 0)
(-5.947719397e-16 0 0)
(-5.455179431e-16 0 0)
(-5.41507031e-16 0 0)
(-3.977842587e-16 0 0)
(-5.97567555e-17 0 0)
(6.34826281e-17 0 0)
(3.443017484e-16 0 0)
(4.843198673e-16 0 0)
(5.742411515e-16 0 0)
(5.605463188e-17 0 0)
(-4.834597384e-16 0 0)
(-3.673179522e-16 0 0)
(-5.515560776e-16 0 0)
(-2.621898044e-16 0 0)
(1.487119795e-16 0 0)
(7.392927434e-17 0 0)
(5.544317962e-17 0 0)
(1.603404224e-16 0 0)
(-1.431183542e-16 0 0)
(-2.877516588e-16 0 0)
(-5.619266121e-16 0 0)
(-7.308659904e-16 0 0)
(-6.531161935e-16 0 0)
(-7.59401827e-16 0 0)
(-7.300728678e-16 0 0)
(1.113358908e-16 0 0)
(7.562525146e-16 0 0)
(9.148904753e-16 0 0)
(8.182808461e-16 0 0)
(5.184339682e-16 0 0)
(3.096764985e-16 0 0)
(1.967965027e-16 0 0)
(3.899114152e-16 0 0)
(7.492543836e-16 0 0)
(8.186091997e-16 0 0)
(9.673322264e-16 0 0)
(8.381980201e-16 0 0)
(7.282846379e-16 0 0)
(1.022253806e-15 0 0)
(1.414375389e-15 0 0)
(1.206868123e-15 0 0)
(1.056900897e-15 0 0)
(1.071378411e-15 0 0)
(1.092114222e-15 0 0)
(8.069386056e-16 0 0)
(6.767805362e-16 0 0)
(5.577559811e-16 0 0)
(1.587074426e-16 0 0)
(2.15659012e-16 0 0)
(5.510634855e-16 0 0)
(5.069228122e-16 0 0)
(3.467234883e-16 0 0)
(2.491037255e-16 0 0)
(3.433811422e-16 0 0)
(8.443757465e-16 0 0)
(7.379899811e-16 0 0)
(3.13552636e-16 0 0)
(3.858546004e-16 0 0)
(5.125894464e-16 0 0)
(6.188264806e-16 0 0)
(5.104512452e-16 0 0)
(3.43259496e-16 0 0)
(4.910002285e-16 0 0)
(1.926092992e-16 0 0)
(-2.635991079e-16 0 0)
(-2.073642734e-16 0 0)
(6.269278459e-17 0 0)
(-3.163086879e-16 0 0)
(-1.38144991e-16 0 0)
(3.990878506e-16 0 0)
(4.935078573e-17 0 0)
(-2.109115328e-16 0 0)
(2.175030129e-17 0 0)
(2.566694924e-16 0 0)
(6.290742243e-16 0 0)
(1.30128162e-15 0 0)
(1.191844234e-15 0 0)
(8.280135712e-16 0 0)
(6.199824321e-16 0 0)
(4.345972944e-16 0 0)
(7.63526393e-16 0 0)
(1.121108092e-15 0 0)
(7.941054451e-16 0 0)
(8.282643355e-16 0 0)
(9.362248046e-16 0 0)
(9.403220955e-16 0 0)
(1.1519407e-15 0 0)
(6.590532538e-16 0 0)
(4.562869028e-16 0 0)
(5.443197207e-16 0 0)
(3.843405219e-16 0 0)
(2.974752642e-16 0 0)
(6.801125775e-16 0 0)
(9.730164361e-16 0 0)
(8.999647169e-16 0 0)
(1.102468487e-15 0 0)
(1.085906915e-15 0 0)
(9.423584783e-16 0 0)
(6.926288202e-16 0 0)
(4.036015293e-16 0 0)
(3.147418839e-16 0 0)
(1.47496693e-16 0 0)
(4.003341199e-17 0 0)
(-9.701967416e-17 0 0)
(-9.114664033e-17 0 0)
(9.969455453e-18 0 0)
(-2.916074883e-16 0 0)
(-5.390476384e-16 0 0)
(-8.744575646e-16 0 0)
(-8.95936868e-16 0 0)
(-6.820936619e-16 0 0)
(-2.361285282e-17 0 0)
(2.972807454e-16 0 0)
(1.863030805e-16 0 0)
(8.660669959e-17 0 0)
(-6.530188183e-18 0 0)
(-2.76915452e-17 0 0)
(3.798850343e-16 0 0)
(4.838828827e-16 0 0)
(9.004773943e-18 0 0)
(-1.090217376e-16 0 0)
(-3.712147125e-16 0 0)
(-5.567385893e-16 0 0)
(-4.077056097e-16 0 0)
(-4.281687359e-16 0 0)
(-5.380357228e-16 0 0)
(-1.647097571e-16 0 0)
(-1.674029862e-16 0 0)
(-3.029000777e-16 0 0)
(-4.651255843e-17 0 0)
(-1.525409273e-16 0 0)
(-2.691804352e-16 0 0)
(-1.27307888e-17 0 0)
(-3.908532496e-17 0 0)
(-4.757691353e-16 0 0)
(7.594509119e-17 0 0)
(5.503345532e-16 0 0)
(5.300538473e-16 0 0)
(7.204980028e-16 0 0)
(6.638641277e-16 0 0)
(5.276274372e-16 0 0)
(2.44175704e-16 0 0)
(3.324426517e-16 0 0)
(2.061647478e-16 0 0)
(4.409676124e-16 0 0)
(6.770587619e-16 0 0)
(4.884313036e-16 0 0)
(5.814922397e-16 0 0)
(6.121830957e-16 0 0)
(3.976754902e-16 0 0)
(-4.265087507e-17 0 0)
(-4.316807898e-16 0 0)
(-6.802479462e-16 0 0)
(-7.915440643e-16 0 0)
(-6.547361562e-16 0 0)
(-2.40128423e-16 0 0)
(3.331583169e-16 0 0)
(2.107845e-16 0 0)
(1.83884081e-17 0 0)
(2.99416464e-16 0 0)
(5.399053817e-16 0 0)
(8.501404508e-16 0 0)
(9.327231309e-16 0 0)
(7.355334215e-16 0 0)
(6.5497463e-16 0 0)
(7.083799159e-16 0 0)
(3.528694527e-16 0 0)
(3.797593253e-16 0 0)
(3.95244585e-16 0 0)
(9.619540839e-17 0 0)
(2.209020254e-16 0 0)
(4.976249043e-16 0 0)
(3.854771647e-16 0 0)
(5.124091331e-16 0 0)
(7.300293459e-16 0 0)
(6.344265829e-16 0 0)
(3.631909557e-16 0 0)
(2.446392771e-16 0 0)
(1.274874916e-16 0 0)
(-1.416580534e-16 0 0)
(-6.462973931e-16 0 0)
(-2.644186654e-16 0 0)
(-4.938480469e-17 0 0)
(-5.138114289e-16 0 0)
(-5.699718417e-16 0 0)
(-3.670582978e-16 0 0)
(-5.537420649e-16 0 0)
(-7.256136016e-16 0 0)
(-6.20643043e-16 0 0)
(-3.016911836e-16 0 0)
(-3.349818283e-16 0 0)
(-4.730121111e-16 0 0)
(-4.090861981e-16 0 0)
(-4.736071744e-17 0 0)
(4.925317048e-17 0 0)
(-1.558068995e-16 0 0)
(3.091489972e-16 0 0)
(6.746838112e-16 0 0)
(2.707683207e-16 0 0)
(2.717708121e-16 0 0)
(1.061244652e-16 0 0)
(-3.045812209e-16 0 0)
(-2.623654415e-16 0 0)
(-1.663036408e-16 0 0)
(-3.463260414e-16 0 0)
(-5.323101787e-16 0 0)
(-4.687499914e-16 0 0)
(-7.200708328e-16 0 0)
(-8.512497501e-16 0 0)
(-6.27891173e-16 0 0)
(-5.644858978e-16 0 0)
(-1.739199173e-16 0 0)
(1.001199872e-16 0 0)
(6.134178634e-16 0 0)
(7.169017692e-16 0 0)
(5.933534918e-16 0 0)
(4.456737704e-16 0 0)
(4.745015439e-16 0 0)
(7.450882583e-16 0 0)
(7.058739084e-16 0 0)
(1.06835172e-16 0 0)
(-6.008061812e-16 0 0)
(-5.676382086e-16 0 0)
(-4.384649539e-16 0 0)
(-6.057764168e-16 0 0)
(-1.373046485e-16 0 0)
(2.794648453e-16 0 0)
(2.811946897e-16 0 0)
(7.039600499e-18 0 0)
(2.01473725e-16 0 0)
(2.538482238e-16 0 0)
(1.075384123e-16 0 0)
(2.484258664e-16 0 0)
(4.047498304e-16 0 0)
(6.308991465e-16 0 0)
(6.077864672e-16 0 0)
(6.191337359e-16 0 0)
(3.288346844e-16 0 0)
(9.979283754e-17 0 0)
(-2.156302053e-16 0 0)
(-1.350536488e-16 0 0)
(-1.828588443e-16 0 0)
(-4.18764552e-16 0 0)
(-2.56334835e-16 0 0)
(-8.701698313e-17 0 0)
(2.646217391e-16 0 0)
(5.628533312e-16 0 0)
(4.133583964e-16 0 0)
(6.373269351e-16 0 0)
(8.267094621e-17 0 0)
(-3.273707115e-17 0 0)
(1.060145186e-16 0 0)
(-7.532759571e-17 0 0)
(4.138669747e-16 0 0)
(6.972996971e-16 0 0)
(5.454071252e-16 0 0)
(7.735365936e-16 0 0)
(9.413180007e-16 0 0)
(6.55375544e-16 0 0)
(4.713455577e-16 0 0)
(7.866550746e-16 0 0)
(1.118987318e-15 0 0)
(6.100656537e-16 0 0)
(6.197716445e-16 0 0)
(1.016827336e-15 0 0)
(9.525677608e-16 0 0)
(7.797474395e-16 0 0)
(7.654776451e-16 0 0)
(4.93871531e-16 0 0)
(1.378130588e-16 0 0)
(1.581758262e-16 0 0)
(3.19489828e-16 0 0)
(2.342144516e-16 0 0)
(1.996817367e-16 0 0)
(2.23056673e-16 0 0)
(3.993413679e-16 0 0)
(6.802205987e-16 0 0)
(6.794162614e-16 0 0)
(5.713056141e-16 0 0)
(5.405879258e-16 0 0)
(3.299205227e-16 0 0)
(1.000987116e-16 0 0)
(2.699223165e-16 0 0)
(5.04454039e-16 0 0)
(1.318761546e-16 0 0)
(-1.500484305e-16 0 0)
(-3.505384804e-16 0 0)
(-3.981536165e-16 0 0)
(-2.882655489e-16 0 0)
(-6.918441233e-17 0 0)
(3.222089044e-16 0 0)
(3.036271269e-16 0 0)
(1.003581892e-17 0 0)
(2.714151582e-16 0 0)
(8.419645603e-17 0 0)
(-2.140268276e-16 0 0)
(8.365032523e-17 0 0)
(6.046362409e-16 0 0)
(7.614416124e-16 0 0)
(7.896502901e-16 0 0)
(4.669520353e-16 0 0)
(2.634036096e-16 0 0)
(3.247038936e-16 0 0)
(3.88131338e-16 0 0)
(4.841316407e-16 0 0)
(4.193338822e-16 0 0)
(3.394250937e-16 0 0)
(2.74092322e-16 0 0)
(1.054947917e-16 0 0)
(-2.11055751e-16 0 0)
(-1.769465501e-16 0 0)
(1.872886505e-16 0 0)
(-4.076258619e-17 0 0)
(-5.463730804e-16 0 0)
(-1.666513685e-16 0 0)
(2.022476343e-16 0 0)
(3.952814675e-16 0 0)
(7.455995501e-16 0 0)
(1.060041059e-15 0 0)
(7.977658146e-16 0 0)
(1.664418535e-16 0 0)
(3.595964828e-17 0 0)
(1.770368195e-16 0 0)
(1.704862735e-16 0 0)
(2.7562437e-16 0 0)
(5.301311655e-16 0 0)
(4.860928786e-16 0 0)
(5.486130239e-16 0 0)
(6.579559683e-16 0 0)
(4.686173794e-16 0 0)
(3.324010199e-16 0 0)
(4.841569228e-16 0 0)
(5.324836137e-16 0 0)
(8.33423075e-16 0 0)
(9.396652274e-16 0 0)
(4.944317929e-16 0 0)
(-9.021522662e-17 0 0)
(-2.797286045e-16 0 0)
(-4.806530735e-16 0 0)
(-2.735858684e-16 0 0)
(1.897921123e-17 0 0)
(1.259343115e-16 0 0)
(2.59803383e-16 0 0)
(4.054105054e-16 0 0)
(3.388706451e-16 0 0)
(2.508694952e-16 0 0)
(1.819843848e-16 0 0)
(2.641989589e-16 0 0)
(3.841642244e-16 0 0)
(6.650518084e-16 0 0)
(1.109316976e-15 0 0)
(1.191025996e-15 0 0)
(7.436501795e-16 0 0)
(8.400720208e-16 0 0)
(9.111555753e-16 0 0)
(6.196195566e-16 0 0)
(5.291723882e-16 0 0)
(8.484743239e-16 0 0)
(9.954104233e-16 0 0)
(5.134665273e-16 0 0)
(2.556709056e-16 0 0)
(9.557153062e-17 0 0)
(-1.044066803e-16 0 0)
(2.23505201e-16 0 0)
(3.688791724e-16 0 0)
(4.965910858e-16 0 0)
(2.109769998e-16 0 0)
(1.788548169e-16 0 0)
(6.649998419e-16 0 0)
(6.779611313e-16 0 0)
(6.200418878e-16 0 0)
(9.692686617e-16 0 0)
(1.20600319e-15 0 0)
(1.42838311e-15 0 0)
(1.040081312e-15 0 0)
(6.520597608e-16 0 0)
(6.199991053e-16 0 0)
(6.108350313e-16 0 0)
(5.464423997e-16 0 0)
(3.294354972e-16 0 0)
(1.865391043e-16 0 0)
(2.884833774e-16 0 0)
(1.63341944e-16 0 0)
(-1.484894596e-16 0 0)
(-3.239403481e-16 0 0)
(-1.406819693e-16 0 0)
(-7.448043822e-17 0 0)
(3.786839518e-16 0 0)
(5.925324745e-16 0 0)
(6.865393418e-16 0 0)
(6.643897342e-16 0 0)
(7.20723493e-16 0 0)
(5.702416801e-16 0 0)
(3.219257771e-16 0 0)
(-9.290224513e-17 0 0)
(-5.181771229e-16 0 0)
(-9.616242506e-16 0 0)
(-1.334772713e-15 0 0)
(-1.055138694e-15 0 0)
(-7.728565308e-16 0 0)
(-4.110958197e-16 0 0)
(-4.746321798e-16 0 0)
(-2.745248863e-16 0 0)
(-4.40425852e-16 0 0)
(-5.188352616e-16 0 0)
(-2.070761757e-16 0 0)
(-1.219377844e-17 0 0)
)
;

boundaryField
{
    sides
    {
        type            fixedValue;
        value           uniform (0 0 0);
    }
    empty
    {
        type            empty;
    }
}


// ************************************************************************* //
