/*--------------------------------*- C++ -*----------------------------------*\
| =========                 |                                                 |
| \\      /  F ield         | OpenFOAM: The Open Source CFD Toolbox           |
|  \\    /   O peration     | Version:  v1812                                 |
|   \\  /    A nd           | Web:      www.OpenFOAM.com                      |
|    \\/     M anipulation  |                                                 |
\*---------------------------------------------------------------------------*/
FoamFile
{
    version     2.0;
    format      ascii;
    class       volScalarField;
    location    "1.8";
    object      p;
}
// * * * * * * * * * * * * * * * * * * * * * * * * * * * * * * * * * * * * * //

dimensions      [1 -1 -2 0 0 0 0];


internalField   nonuniform List<scalar> 
8000
(
10.33333
10.33333
10.33333
10.33333
10.33333
10.33333
10.33333
10.33333
10.33333
10.33333
10.33333
10.33333
10.33333
10.33333
10.33333
10.33333
10.33333
10.33333
10.33333
10.33333
10.33333
10.33333
10.33333
10.33333
10.33333
10.33333
10.33333
10.33333
10.33333
10.33333
10.33333
10.33333
10.33333
10.33333
10.33333
10.33333
10.33333
10.33333
10.33333
10.33333
10.33333
10.33333
10.33333
10.33333
10.33333
10.33333
10.33333
10.33333
10.33333
10.33333
10.33333
10.33333
10.33333
10.33333
10.33333
10.33333
10.33333
10.33333
10.33333
10.33333
10.33333
10.33333
10.33333
10.33333
10.33333
10.33333
10.33333
10.33333
10.33333
10.33333
10.33333
10.33333
10.33333
10.33333
10.33333
10.33333
10.33333
10.33333
10.33333
10.33333
10.33333
10.33333
10.33333
10.33333
10.33333
10.33333
10.33333
10.33333
10.33333
10.33333
10.33333
10.33333
10.33333
10.33333
10.33333
10.33333
10.33333
10.33333
10.33333
10.33333
10.33333
10.33333
10.33333
10.33333
10.33333
10.33333
10.33333
10.33333
10.33333
10.33333
10.33333
10.33333
10.33333
10.33333
10.33333
10.33333
10.33333
10.33333
10.33333
10.33333
10.33333
10.33333
10.33333
10.33333
10.33333
10.33333
10.33333
10.33333
10.33333
10.33333
10.33333
10.33333
10.33333
10.33333
10.33333
10.33333
10.33333
10.33333
10.33333
10.33333
10.33333
10.33333
10.33333
10.33333
10.33333
10.33333
10.33333
10.33333
10.33333
10.33333
10.33333
10.33333
10.33333
10.33333
10.33333
10.33333
10.33333
10.33333
10.33333
10.33333
10.33333
10.33333
10.33333
10.33333
10.33333
10.33333
10.33333
10.33333
10.33333
10.33333
10.33333
10.33333
10.33333
10.33333
10.33333
10.33333
10.33333
10.33333
10.33333
10.33333
10.33333
10.33333
10.33333
10.33333
10.33333
10.33333
10.33333
10.33333
10.33333
10.33333
10.33333
10.33333
10.33333
10.33333
10.33333
10.33333
10.33333
10.33333
10.33333
10.33333
10.33333
10.33333
10.33333
10.33333
10.33333
10.33333
10.33333
10.33333
10.33333
10.33333
10.33333
10.33333
10.33333
10.33333
10.33333
10.33333
10.33333
10.33333
10.33333
10.33333
10.33333
10.33333
10.33333
10.33333
10.33333
10.33333
10.33333
10.33333
10.33333
10.33333
10.33333
10.33333
10.33333
10.33333
10.33333
10.33333
10.33333
10.33333
10.33333
10.33333
10.33333
10.33333
10.33333
10.33333
10.33333
10.33333
10.33333
10.33333
10.33333
10.33333
10.33333
10.33333
10.33333
10.33333
10.33333
10.33333
10.33333
10.33333
10.33333
10.33333
10.33333
10.33333
10.33333
10.33333
10.33333
10.33333
10.33333
10.33333
10.33333
10.33333
10.33333
10.33333
10.33333
10.33333
10.33333
10.33333
10.33333
10.33333
10.33333
10.33333
10.33333
10.33333
10.33333
10.33333
10.33333
10.33333
10.33333
10.33333
10.33333
10.33333
10.33333
10.33333
10.33333
10.33333
10.33333
10.33333
10.33333
10.33333
10.33333
10.33333
10.33333
10.33333
10.33333
10.33333
10.33333
10.33333
10.33333
10.33333
10.33333
10.33333
10.33333
10.33333
10.33333
10.33333
10.33333
10.33333
10.33333
10.33333
10.33333
10.33333
10.33333
10.33333
10.33333
10.33333
10.33333
10.33333
10.33333
10.33333
10.33333
10.33333
10.33333
10.33333
10.33333
10.33333
10.33333
10.33333
10.33333
10.33333
10.33333
10.33333
10.33333
10.33333
10.33333
10.33333
10.33333
10.33333
10.33333
10.33333
10.33333
10.33333
10.33333
10.33333
10.33333
10.33333
10.33333
10.33333
10.33333
10.33333
10.33333
10.33333
10.33333
10.33333
10.33333
10.33333
10.33333
10.33333
10.33333
10.33333
10.33333
10.33333
10.33333
10.33333
10.33333
10.33333
10.33333
10.33333
10.33333
10.33333
10.33333
10.33333
10.33333
10.33333
10.33333
10.33333
10.33333
10.33333
10.33333
10.33333
10.33333
10.33333
10.33333
10.33333
10.33333
10.33333
10.33333
10.33333
10.33333
10.33333
10.33333
10.33333
10.33333
10.33333
10.33333
10.33333
10.33333
10.33333
10.33333
10.33333
10.33333
10.33333
10.33333
10.33333
10.33333
10.33333
10.33333
10.33333
10.33333
10.33333
10.33333
10.33333
10.33333
10.33333
10.33333
10.33333
10.33333
10.33333
10.33333
10.33333
10.33333
10.33333
10.33333
10.33333
10.33333
10.33333
10.33333
10.33333
10.33333
10.33333
10.33333
10.33333
10.33333
10.33333
10.33333
10.33333
10.33333
10.33333
10.33333
10.33333
10.33333
10.33333
10.33333
10.33333
10.33333
10.33333
10.33333
10.33333
10.33333
10.33333
10.33333
10.33333
10.33333
10.33333
10.33333
10.33333
10.33333
10.33333
10.33333
10.33333
10.33333
10.33333
10.33333
10.33333
10.33333
10.33333
10.33333
10.33333
10.33333
10.33333
10.33333
10.33333
10.33333
10.33333
10.33333
10.33333
10.33333
10.33333
10.33333
10.33333
10.33333
10.33333
10.33333
10.33333
10.33333
10.33333
10.33333
10.33333
10.33333
10.33333
10.33333
10.33333
10.33333
10.33333
10.33333
10.33333
10.33333
10.33333
10.33333
10.33333
10.33333
10.33333
10.33333
10.33333
10.33333
10.33333
10.33333
10.33333
10.33333
10.33333
10.33333
10.33333
10.33333
10.33333
10.33333
10.33333
10.33333
10.33333
10.33333
10.33333
10.33333
10.33333
10.33333
10.33333
10.33333
10.33333
10.33333
10.33333
10.33333
10.33333
10.33333
10.33333
10.33333
10.33333
10.33333
10.33333
10.33333
10.33333
10.33333
10.33333
10.33333
10.33333
10.33333
10.33333
10.33333
10.33333
10.33333
10.33333
10.33333
10.33333
10.33333
10.33333
10.33333
10.33333
10.33333
10.33333
10.33333
10.33333
10.33333
10.33333
10.33333
10.33333
10.33333
10.33333
10.33333
10.33333
10.33333
10.33333
10.33333
10.33333
10.33333
10.33333
10.33333
10.33333
10.33333
10.33333
10.33333
10.33333
10.33333
10.33333
10.33333
10.33333
10.33333
10.33333
10.33333
10.33333
10.33333
10.33333
10.33333
10.33333
10.33333
10.33333
10.33333
10.33333
10.33333
10.33333
10.33333
10.33333
10.33333
10.33333
10.33333
10.33333
10.33333
10.33333
10.33333
10.33333
10.33333
10.33333
10.33333
10.33333
10.33333
10.33333
10.33333
10.33333
10.33333
10.33333
10.33333
10.33333
10.33333
10.33333
10.33333
10.33333
10.33333
10.33333
10.33333
10.33333
10.33333
10.33333
10.33333
10.33333
10.33333
10.33333
10.33333
10.33333
10.33333
10.33333
10.33333
10.33333
10.33333
10.33333
10.33333
10.33333
10.33333
10.33333
10.33333
10.33333
10.33333
10.33333
10.33333
10.33333
10.33333
10.33333
10.33333
10.33333
10.33333
10.33333
10.33333
10.33333
10.33333
10.33333
10.33333
10.33333
10.33333
10.33333
10.33333
10.33333
10.33333
10.33333
10.33333
10.33333
10.33333
10.33333
10.33333
10.33333
10.33333
10.33333
10.33333
10.33333
10.33333
10.33333
10.33333
10.33333
10.33333
10.33333
10.33333
10.33333
10.33333
10.33333
10.33333
10.33333
10.33333
10.33333
10.33333
10.33333
10.33333
10.33333
10.33333
10.33333
10.33333
10.33333
10.33333
10.33333
10.33333
10.33333
10.33333
10.33333
10.33333
10.33333
10.33333
10.33333
10.33333
10.33333
10.33333
10.33333
10.33333
10.33333
10.33333
10.33333
10.33333
10.33333
10.33333
10.33333
10.33333
10.33333
10.33333
10.33333
10.33333
10.33333
10.33333
10.33333
10.33333
10.33333
10.33333
10.33333
10.33333
10.33333
10.33333
10.33333
10.33333
10.33333
10.33333
10.33333
10.33333
10.33333
10.33333
10.33333
10.33333
10.33333
10.33333
10.33333
10.33333
10.33333
10.33333
10.33333
10.33333
10.33333
10.33333
10.33333
10.33333
10.33333
10.33333
10.33333
10.33333
10.33333
10.33333
10.33333
10.33333
10.33333
10.33333
10.33333
10.33333
10.33333
10.33333
10.33333
10.33333
10.33333
10.33333
10.33333
10.33333
10.33333
10.33333
10.33333
10.33333
10.33333
10.33333
10.33333
10.33333
10.33333
10.33333
10.33333
10.33333
10.33333
10.33333
10.33333
10.33333
10.33333
10.33333
10.33333
10.33333
10.33333
10.33333
10.33333
10.33333
10.33333
10.33333
10.33333
10.33333
10.33333
10.33333
10.33333
10.33333
10.33333
10.33333
10.33333
10.33333
10.33333
10.33333
10.33333
10.33333
10.33333
10.33333
10.33333
10.33333
10.33333
10.33333
10.33333
10.33333
10.33333
10.33333
10.33333
10.33333
10.33333
10.33333
10.33333
10.33333
10.33333
10.33333
10.33333
10.33333
10.33333
10.33333
10.33333
10.33333
10.33333
10.33333
10.33333
10.33333
10.33333
10.33333
10.33333
10.33333
10.33333
10.33333
10.33333
10.33333
10.33333
10.33333
10.33333
10.33333
10.33333
10.33333
10.33333
10.33333
10.33333
10.33333
10.33333
10.33333
10.33333
10.33333
10.33333
10.33333
10.33333
10.33333
10.33333
10.33333
10.33333
10.33333
10.33333
10.33333
10.33333
10.33333
10.33333
10.33333
10.33333
10.33333
10.33333
10.33333
10.33333
10.33333
10.33333
10.33333
10.33333
10.33333
10.33333
10.33333
10.33333
10.33333
10.33333
10.33333
10.33333
10.33333
10.33333
10.33333
10.33333
10.33333
10.33333
10.33333
10.33333
10.33333
10.33333
10.33333
10.33333
10.33333
10.33333
10.33333
10.33333
10.33333
10.33333
10.33333
10.33333
10.33333
10.33333
10.33333
10.33333
10.33333
10.33333
10.33333
10.33333
10.33333
10.33333
10.33333
10.33333
10.33333
10.33333
10.33333
10.33333
10.33333
10.33333
10.33333
10.33333
10.33333
10.33333
10.33333
10.33333
10.33333
10.33333
10.33333
10.33333
10.33333
10.33333
10.33333
10.33333
10.33333
10.33333
10.33333
10.33333
10.33333
10.33333
10.33333
10.33333
10.33333
10.33333
10.33333
10.33333
10.33333
10.33333
10.33333
10.33333
10.33333
10.33333
10.33333
10.33333
10.33333
10.33333
10.33333
10.33333
10.33333
10.33333
10.33333
10.33333
10.33333
10.33333
10.33333
10.33333
10.33333
10.33333
10.33333
10.33333
10.33333
10.33333
10.33333
10.33333
10.33333
10.33333
10.33333
10.33333
10.33333
10.33333
10.33333
10.33333
10.33333
10.33333
10.33333
10.33333
10.33333
10.33333
10.33333
10.33333
10.33333
10.33333
10.33333
10.33333
10.33333
10.33333
10.33333
10.33333
10.33333
10.33333
10.33333
10.33333
10.33333
10.33333
10.33333
10.33333
10.33333
10.33333
10.33333
10.33333
10.33333
10.33333
10.33333
10.33333
10.33333
10.33333
10.33333
10.33333
10.33333
10.33333
10.33333
10.33333
10.33333
10.33333
10.33333
10.33333
10.33333
10.33333
10.33333
10.33333
10.33333
10.33333
10.33333
10.33333
10.33333
10.33333
10.33333
10.33333
10.33333
10.33333
10.33333
10.33333
10.33333
10.33333
10.33333
10.33333
10.33333
10.33333
10.33333
10.33333
10.33333
10.33333
10.33333
10.33333
10.33333
10.33333
10.33333
10.33333
10.33333
10.33333
10.33333
10.33333
10.33333
10.33333
10.33333
10.33333
10.33333
10.33333
10.33333
10.33333
10.33333
10.33333
10.33333
10.33333
10.33333
10.33333
10.33333
10.33333
10.33333
10.33333
10.33333
10.33333
10.33333
10.33333
10.33333
10.33333
10.33333
10.33333
10.33333
10.33333
10.33333
10.33333
10.33333
10.33333
10.33333
10.33333
10.33333
10.33333
10.33333
10.33333
10.33333
10.33333
10.33333
10.33333
10.33333
10.33333
10.33333
10.33333
10.33333
10.33333
10.33333
10.33333
10.33333
10.33333
10.33333
10.33333
10.33333
10.33333
10.33333
10.33333
10.33333
10.33333
10.33333
10.33333
10.33333
10.33333
10.33333
10.33333
10.33333
10.33333
10.33333
10.33333
10.33333
10.33333
10.33333
10.33333
10.33333
10.33333
10.33333
10.33333
10.33333
10.33333
10.33333
10.33333
10.33333
10.33333
10.33333
10.33333
10.33333
10.33333
10.33333
10.33333
10.33333
10.33333
10.33333
10.33333
10.33333
10.33333
10.33333
10.33333
10.33333
10.33333
10.33333
10.33333
10.33333
10.33333
10.33333
10.33333
10.33333
10.33333
10.33333
10.33333
10.33333
10.33333
10.33333
10.33333
10.33333
10.33333
10.33333
10.33333
10.33333
10.33333
10.33333
10.33333
10.33333
10.33333
10.33333
10.33333
10.33333
10.33333
10.33333
10.33333
10.33333
10.33333
10.33333
10.33333
10.33333
10.33333
10.33333
10.33333
10.33333
10.33333
10.33333
10.33333
10.33333
10.33333
10.33333
10.33333
10.33333
10.33333
10.33333
10.33333
10.33333
10.33333
10.33333
10.33333
10.33333
10.33333
10.33333
10.33333
10.33333
10.33333
10.33333
10.33333
10.33333
10.33333
10.33333
10.33333
10.33333
10.33333
10.33333
10.33333
10.33333
10.33333
10.33333
10.33333
10.33333
10.33333
10.33333
10.33333
10.33333
10.33333
10.33333
10.33333
10.33333
10.33333
10.33333
10.33333
10.33333
10.33333
10.33333
10.33333
10.33333
10.33333
10.33333
10.33333
10.33333
10.33333
10.33333
10.33333
10.33333
10.33333
10.33333
10.33333
10.33333
10.33333
10.33333
10.33333
10.33333
10.33333
10.33333
10.33333
10.33333
10.33333
10.33333
10.33333
10.33333
10.33333
10.33333
10.33333
10.33333
10.33333
10.33333
10.33333
10.33333
10.33333
10.33333
10.33333
10.33333
10.33333
10.33333
10.33333
10.33333
10.33333
10.33333
10.33333
10.33333
10.33333
10.33333
10.33333
10.33333
10.33333
10.33333
10.33333
10.33333
10.33333
10.33333
10.33333
10.33333
10.33333
10.33333
10.33333
10.33333
10.33333
10.33333
10.33333
10.33333
10.33333
10.33333
10.33333
10.33333
10.33333
10.33333
10.33333
10.33333
10.33333
10.33333
10.33333
10.33333
10.33333
10.33333
10.33333
10.33333
10.33333
10.33333
10.33333
10.33333
10.33333
10.33333
10.33333
10.33333
10.33333
10.33333
10.33333
10.33333
10.33333
10.33333
10.33333
10.33333
10.33333
10.33333
10.33333
10.33333
10.33333
10.33333
10.33333
10.33333
10.33333
10.33333
10.33333
10.33333
10.33333
10.33333
10.33333
10.33333
10.33333
10.33333
10.33333
10.33333
10.33333
10.33333
10.33333
10.33333
10.33333
10.33333
10.33333
10.33333
10.33333
10.33333
10.33333
10.33333
10.33333
10.33333
10.33333
10.33333
10.33333
10.33333
10.33333
10.33333
10.33333
10.33333
10.33333
10.33333
10.33333
10.33333
10.33333
10.33333
10.33333
10.33333
10.33333
10.33333
10.33333
10.33333
10.33333
10.33333
10.33333
10.33333
10.33333
10.33333
10.33333
10.33333
10.33333
10.33333
10.33333
10.33333
10.33333
10.33333
10.33333
10.33333
10.33333
10.33333
10.33333
10.33333
10.33333
10.33333
10.33333
10.33333
10.33333
10.33333
10.33333
10.33333
10.33333
10.33333
10.33333
10.33333
10.33333
10.33333
10.33333
10.33333
10.33333
10.33333
10.33333
10.33333
10.33333
10.33333
10.33333
10.33333
10.33333
10.33333
10.33333
10.33333
10.33333
10.33333
10.33333
10.33333
10.33333
10.33333
10.33333
10.33333
10.33333
10.33333
10.33333
10.33333
10.33333
10.33333
10.33333
10.33333
10.33333
10.33333
10.33333
10.33333
10.33333
10.33333
10.33333
10.33333
10.33333
10.33333
10.33333
10.33333
10.33333
10.33333
10.33333
10.33333
10.33333
10.33333
10.33333
10.33333
10.33333
10.33333
10.33333
10.33333
10.33333
10.33333
10.33333
10.33333
10.33333
10.33333
10.33333
10.33333
10.33333
10.33333
10.33333
10.33333
10.33333
10.33333
10.33333
10.33333
10.33333
10.33333
10.33333
10.33333
10.33333
10.33333
10.33333
10.33333
10.33333
10.33333
10.33333
10.33333
10.33333
10.33333
10.33333
10.33333
10.33333
10.33333
10.33333
10.33333
10.33333
10.33333
10.33333
10.33333
10.33333
10.33333
10.33333
10.33333
10.33333
10.33333
10.33333
10.33333
10.33333
10.33333
10.33333
10.33333
10.33333
10.33333
10.33333
10.33333
10.33333
10.33333
10.33333
10.33333
10.33333
10.33333
10.33333
10.33333
10.33333
10.33333
10.33333
10.33333
10.33333
10.33333
10.33333
10.33333
10.33333
10.33333
10.33333
10.33333
10.33333
10.33333
10.33333
10.33333
10.33333
10.33333
10.33333
10.33333
10.33333
10.33333
10.33333
10.33333
10.33333
10.33333
10.33333
10.33333
10.33333
10.33333
10.33333
10.33333
10.33333
10.33333
10.33333
10.33333
10.33333
10.33333
10.33333
10.33333
10.33333
10.33333
10.33333
10.33333
10.33333
10.33333
10.33333
10.33333
10.33333
10.33333
10.33333
10.33333
10.33333
10.33333
10.33333
10.33333
10.33333
10.33333
10.33333
10.33333
10.33333
10.33333
10.33333
10.33333
10.33333
10.33333
10.33333
10.33333
10.33333
10.33333
10.33333
10.33333
10.33333
10.33333
10.33333
10.33333
10.33333
10.33333
10.33333
10.33333
10.33333
10.33333
10.33333
10.33333
10.33333
10.33333
10.33333
10.33333
10.33333
10.33333
10.33333
10.33333
10.33333
10.33333
10.33333
10.33333
10.33333
10.33333
10.33333
10.33333
10.33333
10.33333
10.33333
10.33333
10.33333
10.33333
10.33333
10.33333
10.33333
10.33333
10.33333
10.33333
10.33333
10.33333
10.33333
10.33333
10.33333
10.33333
10.33333
10.33333
10.33333
10.33333
10.33333
10.33333
10.33333
10.33333
10.33333
10.33333
10.33333
10.33333
10.33333
10.33333
10.33333
10.33333
10.33333
10.33333
10.33333
10.33333
10.33333
10.33333
10.33333
10.33333
10.33333
10.33333
10.33333
10.33333
10.33333
10.33333
10.33333
10.33332999
10.33332999
10.33332999
10.33332998
10.33332998
10.33332996
10.33332995
10.33332993
10.3333299
10.33332986
10.3333298
10.33332972
10.33332961
10.33332946
10.33332926
10.33332898
10.33332859
10.33332808
10.33332738
10.33332645
10.33332519
10.33332353
10.33332132
10.33331841
10.33331458
10.33330957
10.33330306
10.33329461
10.33328372
10.33326975
10.33325191
10.33322924
10.33320059
10.33316456
10.33311948
10.33306341
10.33299403
10.33290866
10.33280422
10.33267718
10.33252356
10.33233889
10.33211826
10.33185626
10.33154707
10.33118447
10.33076192
10.33027265
10.32970974
10.32906624
10.32833531
10.32751036
10.32658517
10.32555404
10.32441189
10.32315442
10.32177814
10.32028049
10.31865981
10.31691543
10.31504758
10.31305738
10.31094679
10.3087185
10.30637582
10.30392264
10.30136326
10.29870231
10.29594466
10.29309532
10.29015934
10.28714179
10.28404763
10.28088172
10.27764874
10.27435319
10.27099935
10.26759129
10.26413283
10.26062757
10.25707887
10.25348986
10.24986348
10.24620243
10.24250923
10.2387862
10.23503551
10.23125915
10.22745895
10.22363662
10.21979373
10.21593173
10.21205196
10.20815567
10.20424399
10.20031799
10.19637865
10.19242688
10.18846352
10.18448935
10.1805051
10.17651143
10.17250898
10.16849833
10.16448002
10.16045455
10.1564224
10.152384
10.14833977
10.1442901
10.14023533
10.13617582
10.13211187
10.12804378
10.12397183
10.11989629
10.1158174
10.11173538
10.10765047
10.10356287
10.09947277
10.09538036
10.09128581
10.08718928
10.08309094
10.07899094
10.0748894
10.07078648
10.06668228
10.06257695
10.05847058
10.0543633
10.05025521
10.0461464
10.04203698
10.03792703
10.03381664
10.02970591
10.0255949
10.02148371
10.01737239
10.01326104
10.00914971
10.00503847
10.00092739
9.996816531
9.992705957
9.988595726
9.984485896
9.980376524
9.976267664
9.97215937
9.968051695
9.963944691
9.959838408
9.955732896
9.951628205
9.947524382
9.943421476
9.939319535
9.935218605
9.931118734
9.927019968
9.922922356
9.918825945
9.91473078
9.910636904
9.90654434
9.902453126
9.898363508
9.894276794
9.890195791
9.886116286
9.881988121
9.877579928
9.872563962
9.867918426
9.867534026
9.869030393
9.877591778
9.907633496
9.996882031
10.2330623
10.72339418
11.21975636
11.34973612
11.35287247
11.35209012
11.3515641
11.35196722
11.35338987
11.35581615
11.35844888
11.36072989
11.36224378
11.3629066
11.36291461
11.36266322
11.36237773
11.36236355
11.36266073
11.36336674
11.36425449
11.36506337
11.36565387
11.36574771
11.36566899
11.36538464
11.3650287
11.36481544
11.36476002
11.36471532
11.36474074
11.36480808
11.36480185
11.36471421
11.3644877
11.36412518
11.36366495
11.36317174
11.36270329
11.36227775
11.36187558
11.36145865
11.36098991
11.3604469
11.35982618
11.35913971
11.35840742
11.3576493
11.35688046
11.35610862
11.35533399
11.35455085
11.35374993
11.35292134
11.35205756
11.35115546
11.35021686
11.34924744
11.34825462
11.34724504
11.34622262
11.34518771
11.34413762
11.34306793
11.3419743
11.34085399
11.33970657
11.3385338
11.3373388
11.33612493
11.33489472
11.3336493
11.33238836
11.33111062
11.32981448
11.32849872
11.32716298
11.32580783
11.32443453
11.32304463
11.3216395
11.32021998
11.31878623
11.31733791
11.31587431
11.31439479
11.31289894
11.31138681
11.30985882
11.30831569
11.30675823
11.3051871
11.30360276
11.30200536
11.30039488
11.29877114
11.29713398
11.29548334
11.29381927
11.29214197
11.29045166
11.28874859
11.28703297
11.28530492
11.28356451
11.28181179
11.28004683
11.27826977
11.27648081
11.27468021
11.27286829
11.27104534
11.26921163
11.26736735
11.26551264
11.26364754
11.26177207
11.25988621
11.25798995
11.25608328
11.25416622
11.2522388
11.25030108
11.24835312
11.24639499
11.24442679
11.24244863
11.24046067
11.23846307
11.23645604
11.2344398
11.2324146
11.23038066
11.22833817
11.22628731
11.2242282
11.22216093
11.22008554
11.21800204
11.21591044
11.21381069
11.21170279
11.20958669
11.20746239
11.20532989
11.2031892
11.20104036
11.19888342
11.19671847
11.19454559
11.1923649
11.19017651
11.18798055
11.18577714
11.1835664
11.18134845
11.1791234
11.17689135
11.17465238
11.17240658
11.17015401
11.16789475
11.16562883
11.16335629
11.16107717
11.15879148
11.15649922
11.1542004
11.15189503
11.14958311
11.14726464
11.14493967
11.14260823
11.1402704
11.13792625
11.13557588
11.13321943
11.13085703
11.12848881
11.12611492
11.12373548
11.12135061
11.11896042
11.11656496
11.11416427
11.11175838
11.10934727
11.10693089
11.1045092
11.10208214
11.09964963
11.09721163
11.09476811
11.09231904
11.08986445
11.08740438
11.0849389
11.08246811
11.07999214
11.07751112
11.07502519
11.0725345
11.07003918
11.06753934
11.06503509
11.0625265
11.06001361
11.05749644
11.05497498
11.05244922
11.04991911
11.04738461
11.04484568
11.04230227
11.03975435
11.03720191
11.03464495
11.03208349
11.02951756
11.02694722
11.02437254
11.0217936
11.01921047
11.01662325
11.01403201
11.01143683
11.00883776
11.00623485
11.00362814
11.00101764
10.99840335
10.99578526
10.99316335
10.99053761
10.98790799
10.98527448
10.98263706
10.97999572
10.97735045
10.97470128
10.97204823
10.96939136
10.96673071
10.96406636
10.96139839
10.95872688
10.95605193
10.95337362
10.95069204
10.94800726
10.94531934
10.94262834
10.9399343
10.93723724
10.93453717
10.93183409
10.92912798
10.92641884
10.92370664
10.92099135
10.91827295
10.91555144
10.9128268
10.91009903
10.90736816
10.9046342
10.90189719
10.89915718
10.89641422
10.89366838
10.89091972
10.88816831
10.8854142
10.88265746
10.87989814
10.87713628
10.87437192
10.87160508
10.86883578
10.86606402
10.8632898
10.86051311
10.85773394
10.85495227
10.85216808
10.84938138
10.84659215
10.84380039
10.8410061
10.83820931
10.83541004
10.8326083
10.82980414
10.8269976
10.82418872
10.82137755
10.81856411
10.81574847
10.81293064
10.81011067
10.80728858
10.80446439
10.80163812
10.79880976
10.79597932
10.79314681
10.79031222
10.78747554
10.78463678
10.78179593
10.77895299
10.77610798
10.7732609
10.77041178
10.76756063
10.76470749
10.76185238
10.75899535
10.75613644
10.75327567
10.75041309
10.74754873
10.74468263
10.74181482
10.73894531
10.73607414
10.73320131
10.73032683
10.72745071
10.72457295
10.72169355
10.71881252
10.71592984
10.71304552
10.71015957
10.70727199
10.70438278
10.70149196
10.69859956
10.69570558
10.69281005
10.689913
10.68701447
10.68411447
10.68121303
10.6783102
10.67540599
10.67250043
10.66959354
10.66668535
10.66377586
10.66086509
10.65795305
10.65503975
10.65212518
10.64920936
10.64629229
10.64337397
10.64045441
10.63753361
10.63461159
10.63168834
10.62876389
10.62583825
10.62291143
10.61998346
10.61705436
10.61412415
10.61119284
10.60826047
10.60532704
10.60239259
10.59945712
10.59652065
10.5935832
10.59064477
10.58770538
10.58476503
10.58182374
10.5788815
10.57593833
10.57299423
10.57004922
10.56710329
10.56415645
10.56120874
10.55826014
10.5553107
10.55236041
10.5494093
10.54645739
10.5435047
10.54055125
10.53759706
10.53464216
10.53168656
10.52873027
10.52577333
10.52281573
10.5198575
10.51689864
10.51393917
10.5109791
10.50801842
10.50505716
10.50209532
10.4991329
10.49616992
10.49320638
10.49024229
10.48727767
10.48431253
10.48134688
10.47838073
10.47541411
10.47244702
10.46947949
10.46651153
10.46354315
10.46057438
10.45760523
10.4546357
10.45166583
10.44869561
10.44572507
10.4427542
10.43978303
10.43681156
10.43383981
10.43086777
10.42789547
10.42492291
10.4219501
10.41897705
10.41600378
10.41303029
10.41005661
10.40708274
10.40410871
10.40113452
10.3981602
10.39518575
10.39221121
10.38923657
10.38626187
10.38328711
10.38031232
10.3773375
10.37436268
10.37138787
10.36841308
10.36543833
10.36246364
10.35948901
10.35651447
10.35354003
10.3505657
10.34759149
10.34461743
10.34164353
10.33866979
10.33569624
10.33272288
10.32974973
10.3267768
10.3238041
10.32083163
10.31785941
10.31488743
10.31191571
10.30894424
10.30597303
10.30300208
10.30003139
10.29706096
10.29409079
10.29112088
10.28815123
10.28518184
10.28221272
10.27924387
10.2762753
10.27330703
10.27033905
10.2673714
10.26440409
10.26143713
10.25847056
10.25550439
10.25253865
10.24957338
10.24660859
10.24364433
10.24068062
10.23771748
10.23475497
10.23179309
10.22883189
10.22587138
10.22291161
10.21995258
10.21699433
10.21403687
10.21108023
10.20812442
10.20516946
10.20221536
10.19926214
10.19630981
10.19335837
10.19040785
10.18745823
10.18450954
10.18156178
10.17861495
10.17566906
10.17272412
10.16978012
10.16683708
10.16389499
10.16095387
10.15801372
10.15507454
10.15213635
10.14919915
10.14626294
10.14332775
10.14039357
10.13746043
10.13452833
10.13159729
10.12866733
10.12573846
10.12281069
10.11988406
10.11695857
10.11403425
10.11111112
10.1081892
10.10526851
10.10234908
10.09943093
10.09651408
10.09359855
10.09068437
10.08777156
10.08486015
10.08195014
10.07904158
10.07613447
10.07322884
10.0703247
10.06742209
10.06452101
10.06162149
10.05872355
10.05582721
10.05293248
10.05003939
10.04714795
10.04425818
10.04137011
10.03848374
10.0355991
10.03271621
10.02983509
10.02695575
10.02407822
10.0212025
10.01832864
10.01545663
10.0125865
10.00971828
10.00685197
10.00398761
10.00112521
9.998264798
9.995406387
9.992550002
9.989695665
9.986843399
9.983993226
9.98114517
9.978299253
9.975455499
9.972613932
9.969774575
9.966937454
9.964102592
9.961270013
9.958439742
9.955611804
9.952786222
9.949963022
9.947142227
9.944323863
9.941507954
9.938694525
9.935883601
9.933075207
9.93026937
9.927466114
9.924665466
9.921867453
9.919072102
9.916279441
9.913489498
9.910702303
9.907917884
9.905136273
9.902357499
9.899581594
9.89680859
9.89403852
9.891271415
9.88850731
9.885746237
9.88298823
9.880233323
9.877481551
9.874732947
9.871987546
9.869245383
9.866506492
9.863770908
9.861038665
9.8583098
9.855584346
9.852862339
9.850143816
9.847428811
9.844717361
9.842009503
9.839305274
9.836604711
9.833907852
9.831214736
9.828525401
9.825839888
9.823158237
9.820480489
9.817806684
9.815136867
9.812471078
9.809809362
9.807151764
9.804498327
9.801849097
9.79920412
9.796563444
9.793927115
9.791295182
9.788667693
9.786044699
9.783426248
9.780812393
9.778203185
9.775598676
9.77299892
9.77040397
9.767813882
9.765228712
9.762648514
9.760073348
9.757503271
9.754938342
9.752378621
9.749824169
9.747275047
9.744731319
9.742193046
9.739660294
9.737133128
9.734611613
9.732095817
9.729585808
9.727081654
9.724583426
9.722091195
9.719605032
9.71712501
9.714651204
9.71218369
9.709722543
9.707267843
9.704819667
9.702378097
9.699943215
9.697515106
9.695093853
9.692679544
9.690272269
9.687872117
9.685479181
9.683093555
9.680715337
9.678344623
9.675981516
9.673626117
9.671278532
9.668938868
9.666607234
9.664283743
9.661968507
9.659661645
9.657363274
9.655073516
9.652792494
9.650520336
9.648257169
9.646003125
9.643758337
9.641522942
9.639297079
9.637080889
9.634874517
9.632678111
9.63049182
9.628315799
9.626150204
9.623995195
9.621850936
9.619717594
9.61759534
9.615484349
9.613384802
9.611296881
9.609220774
9.607156675
9.605104782
9.603065296
9.601038428
9.599024389
9.5970234
9.595035686
9.593061477
9.591101013
9.589154535
9.587222295
9.585304552
9.583401568
9.581513617
9.579640979
9.577783941
9.575942799
9.574117858
9.572309433
9.570517845
9.568743427
9.566986522
9.565247483
9.563526673
9.561824467
9.560141252
9.558477426
9.556833402
9.555209602
9.553606466
9.552024447
9.550464011
9.548925642
9.547409839
9.545917119
9.544448015
9.543003081
9.541582889
9.540188032
9.538819123
9.537476801
9.536161725
9.534874582
9.533616085
9.532386974
9.531188022
9.530020032
9.528883843
9.527780332
9.526710415
9.525675053
9.524675253
9.523712072
9.522786615
9.521900043
9.521053562
9.520248424
9.519485918
9.518767356
9.518094076
9.517467474
9.516889124
9.516361451
9.515889842
9.515489518
9.515202298
9.515071146
9.515053807
9.515055239
9.515066082
9.515101627
9.515177757
9.515309228
9.51550881
9.515786821
9.516152193
9.516612951
9.517176557
9.517850114
9.518640723
9.519559674
9.520644996
9.52204175
9.524213079
9.528526894
9.539016008
9.567571777
9.648193104
9.868526102
10.37184304
11.0010494
11.21146128
11.22862859
11.23342106
11.23903574
11.24654168
11.25396826
11.25987792
11.2648644
11.26982801
11.2749824
11.28000988
11.28464591
11.28894386
11.29306994
11.29708786
11.30095746
11.3046351
11.30812922
11.31147315
11.31468553
11.31776559
11.32070976
11.32352276
11.32621396
11.32879044
11.33125559
11.33361177
11.3358625
11.33801204
11.34006416
11.34202189
11.34388796
11.34566518
11.34735642
11.34896434
11.35049142
11.35193997
11.3533122
11.35461025
11.35583611
11.35699167
11.35807873
11.35909904
11.3600543
11.36094617
11.36177631
11.36254638
11.36325812
11.36391333
11.36451405
11.36506255
11.36556146
11.36601309
11.36641794
11.36676719
11.3670271
11.36716013
11.36721041
11.36720848
11.36720033
11.3671879
11.36716979
11.36714052
11.36709301
11.36701974
11.36691362
11.36676882
11.36658138
11.36634927
11.36607202
11.36575009
11.36538437
11.36497578
11.36452541
11.36403455
11.36350484
11.36293808
11.36233613
11.3617007
11.36103332
11.36033539
11.35960821
11.35885299
11.35807083
11.35726254
11.35642863
11.35556929
11.35468438
11.35377362
11.3528366
11.35187296
11.35088239
11.34986473
11.34881995
11.3477482
11.34664978
11.34552511
11.34437474
11.34319928
11.34199936
11.34077561
11.33952862
11.33825888
11.33696686
11.33565292
11.3343174
11.33296056
11.33158265
11.33018391
11.32876456
11.32732482
11.3258649
11.32438504
11.32288543
11.3213663
11.31982784
11.31827025
11.31669371
11.31509842
11.31348454
11.31185227
11.3102018
11.30853331
11.30684701
11.3051431
11.30342178
11.30168326
11.29992775
11.29815545
11.29636657
11.29456131
11.29273986
11.29090243
11.28904922
11.28718043
11.28529626
11.2833969
11.28148255
11.2795534
11.27760963
11.27565142
11.27367892
11.27169229
11.26969166
11.26767717
11.26564892
11.26360702
11.26155157
11.25948265
11.25740037
11.2553048
11.25319604
11.25107419
11.24893935
11.24679162
11.24463113
11.242458
11.24027235
11.23807432
11.23586405
11.23364166
11.23140731
11.22916113
11.22690325
11.22463381
11.22235293
11.22006075
11.21775736
11.21544289
11.21311743
11.21078108
11.20843394
11.20607608
11.20370759
11.20132855
11.19893903
11.19653911
11.19412888
11.19170839
11.18927775
11.18683703
11.18438632
11.1819257
11.17945528
11.17697514
11.17448538
11.17198609
11.16947736
11.16695928
11.16443194
11.16189542
11.1593498
11.15679517
11.15423159
11.15165913
11.14907789
11.14648791
11.14388929
11.14128209
11.13866638
11.13604225
11.13340976
11.130769
11.12812003
11.12546294
11.12279779
11.12012465
11.11744359
11.11475468
11.11205796
11.1093535
11.10664135
11.10392156
11.10119418
11.09845927
11.09571686
11.09296701
11.09020977
11.0874452
11.08467334
11.08189426
11.07910802
11.07631466
11.07351427
11.07070689
11.06789258
11.06507141
11.06224343
11.0594087
11.05656728
11.05371921
11.05086454
11.04800333
11.04513563
11.04226149
11.03938095
11.03649406
11.03360089
11.03070149
11.02779591
11.02488422
11.02196648
11.01904276
11.01611312
11.01317764
11.01023638
11.00728941
11.0043368
11.0013786
10.99841488
10.99544569
10.99247107
10.98949107
10.98650572
10.98351504
10.98051908
10.97751783
10.97451133
10.97149959
10.96848261
10.96546041
10.96243301
10.95940042
10.95636266
10.95331975
10.95027173
10.94721863
10.94416048
10.94109732
10.9380292
10.93495618
10.93187829
10.92879559
10.92570813
10.92261597
10.91951915
10.91641773
10.91331176
10.91020129
10.90708635
10.90396701
10.9008433
10.89771527
10.89458296
10.89144641
10.88830566
10.88516076
10.88201174
10.87885865
10.87570152
10.87254039
10.86937531
10.8662063
10.86303341
10.85985666
10.85667609
10.85349172
10.85030359
10.84711172
10.84391614
10.84071686
10.8375139
10.8343073
10.83109705
10.82788319
10.82466574
10.8214447
10.81822012
10.81499199
10.81176037
10.80852527
10.80528672
10.80204475
10.79879941
10.79555073
10.79229875
10.7890435
10.78578504
10.7825234
10.77925862
10.77599075
10.77271981
10.76944585
10.7661689
10.76288899
10.75960616
10.75632042
10.7530318
10.74974033
10.74644604
10.74314893
10.73984904
10.73654638
10.73324098
10.72993285
10.72662202
10.72330852
10.71999237
10.71667359
10.71335221
10.71002826
10.70670177
10.70337277
10.70004129
10.69670735
10.69337099
10.69003224
10.68669111
10.68334765
10.68000187
10.6766538
10.67330347
10.6699509
10.66659612
10.66323915
10.65988001
10.65651874
10.65315535
10.64978987
10.64642232
10.64305274
10.63968115
10.63630757
10.63293203
10.62955455
10.62617517
10.62279392
10.6194108
10.61602586
10.61263912
10.6092506
10.60586032
10.60246831
10.5990746
10.5956792
10.59228213
10.58888342
10.5854831
10.58208118
10.57867768
10.57527263
10.57186604
10.56845796
10.56504838
10.56163735
10.55822488
10.554811
10.55139573
10.5479791
10.54456113
10.54114186
10.5377213
10.53429947
10.53087642
10.52745215
10.5240267
10.52060008
10.51717232
10.51374345
10.51031348
10.50688244
10.50345035
10.50001723
10.4965831
10.49314798
10.4897119
10.48627488
10.48283693
10.47939809
10.47595837
10.4725178
10.4690764
10.46563419
10.46219121
10.45874748
10.45530301
10.45185785
10.448412
10.4449655
10.44151838
10.43807065
10.43462233
10.43117346
10.42772406
10.42427414
10.42082372
10.41737284
10.41392151
10.41046974
10.40701757
10.403565
10.40011206
10.39665877
10.39320516
10.38975123
10.38629701
10.38284252
10.37938779
10.37593283
10.37247767
10.36902233
10.36556684
10.36211122
10.3586555
10.35519971
10.35174388
10.34828804
10.34483222
10.34137646
10.33792079
10.33446525
10.33100988
10.3275547
10.32409977
10.32064511
10.31719076
10.31373676
10.31028313
10.30682991
10.30337712
10.2999248
10.29647295
10.29302159
10.28957074
10.28612042
10.28267061
10.27922134
10.2757726
10.2723244
10.26887672
10.26542958
10.26198297
10.2585369
10.25509136
10.25164637
10.24820193
10.24475806
10.24131477
10.23787208
10.23443002
10.23098861
10.22754788
10.22410787
10.22066861
10.21723014
10.21379249
10.21035571
10.20691984
10.20348491
10.20005096
10.19661803
10.19318616
10.18975538
10.18632572
10.18289723
10.17946992
10.17604384
10.17261901
10.16919546
10.16577322
10.16235232
10.15893278
10.15551465
10.15209794
10.14868269
10.14526893
10.14185668
10.13844598
10.13503687
10.13162937
10.12822351
10.12481934
10.12141688
10.11801617
10.11461724
10.11122012
10.10782486
10.10443148
10.10104001
10.0976505
10.09426298
10.09087747
10.08749401
10.08411264
10.0807334
10.0773563
10.07398139
10.0706087
10.06723826
10.0638701
10.06050425
10.05714076
10.05377964
10.05042094
10.04706468
10.04371089
10.0403596
10.03701086
10.03366468
10.03032111
10.02698016
10.02364188
10.0203063
10.01697345
10.01364337
10.01031608
10.00699162
10.00367003
10.00035135
9.997035603
9.993722835
9.990413082
9.987106383
9.983802777
9.980502305
9.977205007
9.973910927
9.970620107
9.96733259
9.964048421
9.960767646
9.95749031
9.954216459
9.950946139
9.947679398
9.944416281
9.941156835
9.937901108
9.934649146
9.931400995
9.928156702
9.924916313
9.921679874
9.918447432
9.915219034
9.911994727
9.908774559
9.905558577
9.902346831
9.89913937
9.895936245
9.892737508
9.889543211
9.886353409
9.883168154
9.879987504
9.876811514
9.873640241
9.870473743
9.867312078
9.864155305
9.861003484
9.857856673
9.854714934
9.851578328
9.848446916
9.845320761
9.842199925
9.839084474
9.835974471
9.832869983
9.829771078
9.826677825
9.823590292
9.820508552
9.817432676
9.814362738
9.811298812
9.808240973
9.805189297
9.80214386
9.79910474
9.796072014
9.793045759
9.790026054
9.787012975
9.784006602
9.781007013
9.778014287
9.775028505
9.772049748
9.769078097
9.766113635
9.763156448
9.760206622
9.757264247
9.754329411
9.75140221
9.748482739
9.745571096
9.742667381
9.739771697
9.736884152
9.734004852
9.731133908
9.728271433
9.725417542
9.72257235
9.719735978
9.716908544
9.71409017
9.711280979
9.708481095
9.705690645
9.702909755
9.700138554
9.697377171
9.694625739
9.691884389
9.689153257
9.68643248
9.683722195
9.681022544
9.678333671
9.675655721
9.672988842
9.670333187
9.66768891
9.665056168
9.662435125
9.659825943
9.657228793
9.654643848
9.652071283
9.649511279
9.646964023
9.644429704
9.641908515
9.639400655
9.636906328
9.634425739
9.631959102
9.629506632
9.627068551
9.624645084
9.622236459
9.619842912
9.61746468
9.615102007
9.61275514
9.610424332
9.608109841
9.605811928
9.603530863
9.601266919
9.599020378
9.596791527
9.594580661
9.592388081
9.590214099
9.588059031
9.585923206
9.583806959
9.581710636
9.579634591
9.57757919
9.575544807
9.573531828
9.571540647
9.569571671
9.567625317
9.565702015
9.563802203
9.561926335
9.560074875
9.558248299
9.556447098
9.554671774
9.552922844
9.551200838
9.549506299
9.547839784
9.546201864
9.544593123
9.54301416
9.541465586
9.539948026
9.53846212
9.537008524
9.535587908
9.534200963
9.532848401
9.531530958
9.530249402
9.529004535
9.527797203
9.526628302
9.525498788
9.524409685
9.523362092
9.522357197
9.521396275
9.5204807
9.519611942
9.518791566
9.518021229
9.517302676
9.51663775
9.516028438
9.515477234
9.514987924
9.514569772
9.514246144
9.514054793
9.514001009
9.513995101
9.513999909
9.514023175
9.514080711
9.514187123
9.514354512
9.514592314
9.514908065
9.515308007
9.515797642
9.516382144
9.517066607
9.5178562
9.518756242
9.519772235
9.520909854
9.522174923
9.523573387
9.525111302
9.526794843
9.528630349
9.530624403
9.532783942
9.535116401
9.537629878
9.540333308
9.543236653
9.546351084
9.549689163
9.553265021
9.557094546
9.561195555
9.565588019
9.57029435
9.575339707
9.580752409
9.586564462
9.592812253
9.599537429
9.606788035
9.614619991
9.623099011
9.632303146
9.642326193
9.653282355
9.665312742
9.678594632
9.693354955
9.709890295
9.728596996
9.750016684
9.7749044
9.804326934
9.83979363
9.883399402
9.937900254
10.00652351
10.09209831
10.19492015
10.30969566
10.42403182
10.52299548
10.5986746
10.65384504
10.69598756
10.73131297
10.76303978
10.79226843
10.81919335
10.84389899
10.86662102
10.88768357
10.90736702
10.92586276
10.94329742
10.9597698
10.97537008
10.99018169
11.00427765
11.01771937
11.03055863
11.04284021
11.05460352
11.06588341
11.07671081
11.08711337
11.09711627
11.10674272
11.11601427
11.12495092
11.13357108
11.14189153
11.14992746
11.1576925
11.16519897
11.17245804
11.17948001
11.18627455
11.19285082
11.19921756
11.20538308
11.21135526
11.21714146
11.22274856
11.22818295
11.23345059
11.23855704
11.24350754
11.24830704
11.25296025
11.25747166
11.26184555
11.266086
11.27019692
11.27418203
11.27804491
11.28178896
11.28541741
11.28893338
11.29233979
11.29563946
11.29883507
11.30192919
11.30492427
11.30782265
11.31062654
11.31333806
11.3159592
11.31849185
11.32093782
11.32329886
11.32557673
11.32777316
11.32988994
11.33192888
11.33389181
11.33578052
11.33759677
11.33934222
11.34101837
11.34262663
11.34416821
11.34564422
11.34705566
11.34840345
11.34968848
11.35091162
11.35207376
11.35317582
11.35421872
11.35520343
11.35613094
11.35700226
11.3578184
11.35858045
11.35928953
11.35994683
11.36055365
11.36111136
11.36162138
11.3620851
11.36250355
11.36287677
11.36320035
11.36346053
11.36362379
11.36368382
11.36369332
11.36369264
11.3636883
11.3636754
11.36364737
11.3635972
11.36351837
11.36340551
11.36325443
11.36306203
11.36282609
11.36254509
11.36221821
11.36184523
11.36142656
11.36096319
11.36045669
11.35990912
11.35932289
11.35870058
11.35804472
11.3573575
11.3566406
11.35589507
11.35512131
11.35431919
11.35348814
11.3526274
11.35173613
11.35081362
11.34985938
11.34887317
11.34785504
11.34680526
11.34572428
11.34461266
11.34347101
11.34229998
11.34110022
11.3398723
11.33861681
11.33733423
11.33602502
11.33468955
11.33332814
11.33194103
11.33052843
11.32909051
11.32762742
11.32613928
11.32462623
11.32308841
11.32152599
11.31993915
11.31832812
11.31669313
11.31503445
11.31335234
11.31164709
11.30991897
11.30816826
11.30639522
11.30460011
11.30278317
11.30094464
11.29908471
11.29720357
11.29530141
11.29337836
11.29143457
11.28947018
11.28748531
11.28548009
11.28345468
11.28140922
11.27934387
11.27725879
11.27515417
11.2730302
11.27088704
11.26872491
11.26654398
11.26434445
11.26212651
11.25989035
11.25763614
11.25536407
11.25307428
11.25076694
11.24844218
11.24610014
11.24374093
11.24136467
11.23897147
11.23656143
11.23413467
11.23169131
11.22923147
11.22675529
11.22426292
11.22175451
11.21923022
11.21669019
11.21413457
11.21156352
11.20897716
11.2063756
11.20375897
11.20112737
11.19848089
11.19581963
11.19314369
11.19045318
11.18774821
11.18502889
11.18229533
11.17954764
11.17678594
11.17401034
11.17122093
11.16841782
11.16560109
11.16277086
11.15992721
11.15707026
11.15420011
11.1513169
11.14842073
11.14551173
11.14259002
11.13965572
11.13670893
11.13374975
11.13077827
11.12779458
11.12479874
11.12179083
11.11877093
11.1157391
11.11269542
11.10963997
11.10657283
11.10349409
11.10040384
11.09730217
11.09418918
11.09106496
11.08792958
11.08478312
11.08162565
11.07845724
11.07527796
11.07208785
11.06888698
11.06567541
11.06245322
11.05922049
11.05597732
11.05272381
11.0494601
11.0461863
11.04290256
11.03960904
11.03630587
11.03299318
11.02967111
11.02633974
11.02299916
11.01964943
11.01629058
11.01292263
11.00954557
11.0061594
11.0027641
10.99935966
10.99594609
10.99252339
10.9890916
10.98565075
10.9822009
10.97874215
10.97527457
10.97179828
10.96831339
10.96482
10.96131823
10.95780818
10.95428995
10.95076362
10.94722927
10.94368696
10.94013677
10.93657874
10.93301295
10.92943945
10.92585833
10.92226966
10.91867352
10.91507001
10.9114592
10.90784118
10.90421601
10.90058376
10.89694448
10.89329821
10.88964498
10.88598482
10.88231773
10.87864375
10.87496288
10.87127514
10.86758057
10.8638792
10.86017105
10.85645619
10.85273466
10.84900652
10.84527185
10.84153073
10.83778323
10.83402946
10.83026948
10.8265034
10.8227313
10.81895325
10.81516934
10.81137962
10.80758415
10.80378298
10.79997617
10.79616375
10.79234575
10.78852222
10.7846932
10.78085872
10.77701881
10.77317353
10.76932291
10.765467
10.76160586
10.75773952
10.75386804
10.74999148
10.74610988
10.74222331
10.7383318
10.73443542
10.73053421
10.72662821
10.72271749
10.71880209
10.71488205
10.71095745
10.70702833
10.70309475
10.69915678
10.69521447
10.69126788
10.68731708
10.68336211
10.67940305
10.67543993
10.67147281
10.66750174
10.66352677
10.65954794
10.65556529
10.65157887
10.64758871
10.64359485
10.63959734
10.63559621
10.6315915
10.62758326
10.62357153
10.61955636
10.6155378
10.61151589
10.60749069
10.60346222
10.59943056
10.59539573
10.59135779
10.58731679
10.58327276
10.57922576
10.57517582
10.57112301
10.56706735
10.5630089
10.5589477
10.5548838
10.55081724
10.54674806
10.54267631
10.53860204
10.5345253
10.53044612
10.52636457
10.52228069
10.51819452
10.51410613
10.51001555
10.50592284
10.50182805
10.49773123
10.49363243
10.48953169
10.48542907
10.4813246
10.47721834
10.47311033
10.46900061
10.46488924
10.46077624
10.45666167
10.45254556
10.44842796
10.44430891
10.44018846
10.43606664
10.43194351
10.42781912
10.42369351
10.41956674
10.41543887
10.41130994
10.40718002
10.40304916
10.39891741
10.39478481
10.3906514
10.38651722
10.38238228
10.37824662
10.37411024
10.36997317
10.36583542
10.36169701
10.35755795
10.3534183
10.34927808
10.34513737
10.34099622
10.33685472
10.33271297
10.32857107
10.32442915
10.3202873
10.31614566
10.31200433
10.30786343
10.30372304
10.29958324
10.2954441
10.29130566
10.28716796
10.283031
10.27889478
10.27475931
10.27062455
10.26649049
10.26235712
10.25822441
10.25409236
10.24996098
10.24583027
10.24170026
10.237571
10.23344252
10.22931489
10.22518819
10.22106247
10.21693783
10.21281435
10.20869211
10.20457121
10.20045171
10.19633372
10.19221729
10.18810252
10.18398946
10.17987819
10.17576878
10.17166128
10.16755576
10.16345228
10.1593509
10.15525168
10.15115468
10.14705995
10.14296756
10.13887757
10.13479002
10.13070498
10.12662251
10.12254266
10.11846549
10.11439104
10.11031939
10.10625057
10.10218466
10.09812171
10.09406178
10.09000493
10.08595123
10.08190072
10.07785347
10.07380955
10.06976901
10.0657319
10.0616983
10.05766826
10.05364183
10.04961908
10.04560007
10.04158486
10.03757351
10.03356609
10.02956266
10.0255633
10.02156809
10.01757709
10.0135904
10.0096081
10.00563027
10.001657
9.997688376
9.993724491
9.989765427
9.985811269
9.9818621
9.977918
9.973979051
9.970045331
9.966116921
9.962193899
9.958276344
9.954364338
9.95045796
9.946557292
9.942662416
9.938773416
9.934890376
9.931013383
9.927142523
9.923277887
9.919419564
9.915567644
9.91172222
9.907883383
9.904051225
9.900225837
9.89640731
9.892595736
9.888791205
9.88499381
9.881203646
9.877420808
9.873645397
9.869877514
9.866117269
9.86236477
9.858620133
9.854883474
9.851154912
9.847434567
9.843722559
9.84001901
9.836324041
9.832637772
9.828960324
9.82529182
9.821632381
9.817982131
9.814341194
9.810709697
9.807087765
9.803475527
9.79987311
9.796280646
9.792698265
9.789126101
9.785564289
9.782012968
9.778472279
9.774942365
9.771423374
9.767915455
9.764418761
9.760933446
9.757459668
9.753997584
9.750547355
9.747109142
9.743683109
9.740269419
9.736868238
9.733479733
9.730104071
9.726741422
9.723391957
9.720055848
9.716733271
9.713424403
9.710129423
9.706848517
9.703581871
9.700329675
9.697092125
9.693869421
9.690661766
9.68746937
9.684292447
9.681131217
9.677985906
9.674856747
9.671743974
9.668647832
9.665568566
9.662506428
9.659461671
9.656434552
9.653425332
9.650434272
9.647461637
9.644507696
9.641572721
9.63865699
9.635760786
9.632884397
9.630028115
9.627192238
9.624377069
9.621582913
9.61881008
9.616058882
9.61332964
9.610622677
9.607938324
9.60527692
9.602638812
9.600024356
9.597433918
9.594867871
9.592326597
9.589810486
9.587319935
9.58485535
9.582417142
9.58000573
9.577621544
9.575265022
9.572936613
9.570636782
9.568366004
9.566124774
9.563913597
9.561732994
9.559583497
9.557465646
9.555379984
9.55332706
9.551307419
9.549321607
9.547370169
9.54545365
9.543572598
9.541727565
9.539919113
9.538147815
9.536414258
9.534719043
9.533062789
9.531446134
9.529869732
9.528334253
9.52684039
9.525388853
9.523980372
9.522615706
9.52129564
9.520020994
9.518792627
9.517611446
9.516478413
9.515394571
9.514361073
9.51337925
9.512450706
9.511577453
9.510762066
9.51000784
9.509318897
9.508700256
9.508158179
9.507701586
9.50734619
9.507118514
9.507023744
9.507008568
9.507009465
9.507019045
9.507048427
9.507109365
9.507212145
9.507365895
9.507579218
9.507860574
9.508218477
9.508661294
9.509196795
9.509831683
9.510571229
9.511419168
9.512377872
9.513448728
9.514632623
9.515930377
9.517343022
9.518871902
9.520518632
9.522284981
9.524172779
9.526183888
9.528320262
9.530584064
9.532977796
9.535504419
9.53816741
9.540970774
9.543918996
9.547016954
9.550269812
9.5536829
9.557261618
9.561011359
9.564937485
9.56904534
9.573340304
9.577827855
9.582513637
9.587403506
9.592503561
9.597820154
9.60335988
9.609129576
9.615136308
9.621387357
9.627890208
9.634652531
9.641682165
9.64898709
9.656575413
9.664455351
9.67263521
9.681123378
9.689928295
9.699058435
9.708522256
9.718328156
9.728484404
9.73899907
9.749879937
9.761134415
9.77276944
9.784791367
9.797205853
9.810017731
9.823230868
9.836848023
9.850870695
9.865298973
9.880131387
9.895364771
9.910994134
9.927012543
9.943411032
9.960178531
9.977301826
9.994765556
10.01255225
10.03064238
10.04901448
10.06764527
10.08650978
10.10558158
10.12483295
10.14423512
10.16375853
10.18337315
10.20304871
10.22275511
10.24246276
10.26214291
10.28176815
10.3013127
10.32075275
10.34006669
10.35923512
10.37824078
10.39706829
10.4157039
10.43413512
10.45235054
10.47033969
10.48809312
10.50560247
10.52286068
10.5398622
10.55660295
10.5730803
10.58929284
10.60524008
10.62092223
10.63633993
10.65149421
10.66638648
10.68101856
10.69539273
10.70951171
10.72337849
10.7369963
10.75036842
10.76349816
10.7763889
10.78904412
10.80146742
10.81366255
10.82563337
10.83738379
10.8489177
10.86023897
10.87135141
10.88225885
10.8929651
10.90347407
10.91378969
10.92391592
10.93385661
10.94361538
10.95319551
10.96259988
10.97183096
10.98089098
10.98978203
10.9985063
11.00706624
11.01546463
11.02370469
11.03179001
11.03972445
11.04751197
11.05515636
11.06266107
11.07002906
11.07726276
11.08436414
11.09133481
11.09817623
11.10488984
11.11147713
11.11793974
11.12427945
11.13049825
11.13659834
11.14258211
11.14845201
11.15421039
11.15985931
11.16540048
11.1708353
11.17616503
11.18139096
11.1865145
11.19153718
11.19646062
11.2012864
11.2060161
11.21065118
11.21519307
11.21964308
11.22400242
11.22827218
11.23245346
11.23654739
11.24055524
11.24447831
11.2483179
11.25207523
11.25575147
11.2593477
11.26286501
11.26630445
11.26966697
11.27295343
11.27616461
11.27930133
11.2823645
11.28535506
11.28827402
11.2911224
11.29390121
11.2966115
11.29925429
11.30183049
11.30434084
11.30678591
11.3091662
11.31148217
11.31373431
11.31592308
11.31804896
11.32011251
11.32211441
11.32405549
11.32593662
11.32775863
11.32952231
11.33122849
11.33287804
11.33447194
11.3360111
11.33749641
11.33892863
11.34030849
11.3416366
11.34291335
11.34413893
11.3453135
11.34643746
11.34751154
11.34853677
11.34951399
11.35044331
11.35132358
11.35215206
11.3529248
11.353638
11.35429021
11.35488398
11.35542541
11.35592128
11.35637463
11.35678539
11.35716155
11.35752322
11.35788995
11.35820222
11.35838849
11.35845183
11.35847549
11.35849921
11.35849604
11.35849222
11.35848205
11.35845595
11.35840249
11.35831181
11.35817994
11.3580083
11.35779817
11.35754698
11.35724946
11.35690071
11.35649895
11.35604657
11.35554923
11.35501352
11.3544441
11.35384198
11.35320506
11.3525306
11.351818
11.35107013
11.35029208
11.34948829
11.34866049
11.34780744
11.3469261
11.34601314
11.34506602
11.34408321
11.34306408
11.34200868
11.34091773
11.3397929
11.33863662
11.33745126
11.33623818
11.33499744
11.33372846
11.33243091
11.33110509
11.32975145
11.32837017
11.3269614
11.32552575
11.32406384
11.32257565
11.32106071
11.31951894
11.31795062
11.31635584
11.31473443
11.31308648
11.3114126
11.30971379
11.30799064
11.30624272
11.30446939
11.30267075
11.30084711
11.29900043
11.29713526
11.29523545
11.2932432
11.29153437
11.28935107
11.28730769
11.28542337
11.283369
11.28127842
11.27919024
11.27707119
11.27492719
11.27275928
11.27056558
11.26834649
11.2661021
11.26383228
11.26153694
11.2592159
11.25686899
11.25449608
11.25209703
11.24967169
11.24721976
11.24474091
11.24223479
11.23970113
11.23713982
11.23455083
11.23193409
11.22928943
11.22661656
11.22391517
11.22118501
11.21842592
11.21563775
11.21282037
11.20997353
11.20709702
11.20419067
11.20125445
11.19828839
11.1952925
11.19226666
11.18921067
11.18612431
11.18300745
11.17986001
11.17668192
11.1734731
11.17023342
11.16696285
11.1636615
11.16032957
11.15696724
11.1535746
11.15015159
11.14669811
11.14321407
11.13969948
11.13615439
11.13257889
11.12897312
11.12533729
11.12167164
11.11797643
11.11425178
11.11049765
11.10671396
11.10290072
11.09905821
11.09518694
11.09128739
11.08735981
11.08340426
11.07942077
11.07540953
11.07137085
11.06730509
11.06321266
11.05909416
11.05495033
11.05078191
11.04658925
11.04237216
11.03813011
11.03386284
11.02957073
11.0252545
11.02091466
11.01655148
11.01216514
11.00775584
11.00332372
10.99886908
10.99439258
10.989895
10.98537786
10.98084299
10.97628941
10.97171459
10.96712238
10.96251772
10.95786737
10.95318543
10.94866198
10.94396437
10.93921078
10.93453839
10.92979448
10.92494364
10.92036681
10.91555198
10.91076664
10.90598156
10.90117681
10.89636235
10.8915363
10.88669918
10.88185208
10.87699562
10.87213025
10.86725633
10.86237427
10.85748464
10.85258811
10.8476854
10.84277706
10.83786346
10.83294486
10.82802156
10.823094
10.81816273
10.81322822
10.8082908
10.80335065
10.79840802
10.79346338
10.78851743
10.78357087
10.77862419
10.77367765
10.76873145
10.76378605
10.75884221
10.75390072
10.7489621
10.74402644
10.73909364
10.73416379
10.72923744
10.72431534
10.71939804
10.71448567
10.70957822
10.70467591
10.69977942
10.69488952
10.69000665
10.68513079
10.68026182
10.67539996
10.67054581
10.66569993
10.66086245
10.6560332
10.65121216
10.64639977
10.64159665
10.63680309
10.63201901
10.6272443
10.62247914
10.61772394
10.61297894
10.60824416
10.60351961
10.59880559
10.59410244
10.5894102
10.58472862
10.58005761
10.57539741
10.57074842
10.56611071
10.56148404
10.55686818
10.55226317
10.54766914
10.54308621
10.5385144
10.53395364
10.52940375
10.52486452
10.52033592
10.51581812
10.51131118
10.50681486
10.5023288
10.49785281
10.49338689
10.48893098
10.48448496
10.4800487
10.47562202
10.47120466
10.46679647
10.46239733
10.45800698
10.45362509
10.44925155
10.44488626
10.44052873
10.43617865
10.43183622
10.42750125
10.42317269
10.41885031
10.41453531
10.41022707
10.40592311
10.40162412
10.39733252
10.39304528
10.38876153
10.38448813
10.38021586
10.37587094
10.37178776
10.367492
10.3630845
10.35878547
10.35466385
10.35040163
10.34612436
10.34187178
10.33761745
10.33336383
10.32911203
10.32486042
10.32060904
10.31635793
10.31210686
10.30785569
10.30360421
10.29935214
10.29509917
10.29084492
10.28658899
10.28233092
10.27807024
10.27380647
10.26953913
10.26526779
10.26099204
10.25671155
10.25242602
10.24813522
10.24383898
10.23953714
10.23522956
10.2309161
10.22659664
10.22227104
10.21793917
10.21360091
10.20925614
10.20490473
10.20054657
10.19618151
10.19180944
10.18743023
10.18304376
10.17864997
10.17424879
10.16984017
10.16542409
10.16100052
10.15656942
10.1521308
10.14768462
10.1432309
10.13876962
10.13430081
10.12982447
10.12534064
10.12084937
10.11635072
10.11184473
10.10733146
10.10281095
10.09828323
10.09374834
10.08920635
10.08465733
10.0801014
10.07553865
10.07096917
10.06639305
10.06181038
10.05722129
10.05262594
10.04802457
10.04341746
10.03880488
10.03418714
10.02956453
10.0249373
10.02030574
10.0156701
10.01103067
10.00638775
10.00174162
9.997092572
9.992440876
9.987786811
9.983130659
9.978472722
9.973813319
9.969152797
9.964491525
9.959829887
9.955168279
9.950507102
9.945846759
9.941187651
9.936530181
9.931874751
9.927221769
9.922571651
9.917924827
9.913281739
9.908642845
9.904008616
9.89937953
9.89475607
9.890138723
9.885527976
9.880924319
9.87632824
9.871740218
9.867160727
9.862590247
9.85802928
9.853478353
9.848938
9.844408747
9.839891111
9.835385641
9.83089294
9.826413608
9.821948148
9.817496976
9.813060579
9.808639558
9.804234558
9.7998462
9.795474975
9.791121516
9.78678628
9.782469662
9.778172178
9.773894889
9.769641511
9.765409148
9.76116644
9.756942623
9.752908364
9.748737557
9.744550625
9.740470004
9.736438225
9.732241221
9.72836897
9.72438997
9.720392129
9.7164641
9.712557998
9.708681591
9.704836805
9.701022533
9.697239643
9.693488754
9.689770469
9.686085399
9.682434132
9.678817218
9.675235175
9.671688533
9.668177864
9.664703803
9.661267033
9.657868236
9.654508044
9.651187013
9.647905637
9.644664396
9.641463803
9.638304425
9.635186862
9.632111708
9.62907951
9.626090758
9.623145911
9.620245437
9.617389841
9.614579665
9.61181547
9.609097799
9.60642717
9.60380409
9.601229075
9.59870267
9.596225445
9.59379797
9.591420782
9.589094368
9.58681915
9.584595507
9.582423792
9.580304353
9.57823754
9.576223693
9.574263129
9.572356143
9.570503032
9.568704115
9.566959732
9.565270195
9.563635736
9.562056495
9.560532581
9.559064156
9.557651288
9.556293285
9.554987661
9.553729608
9.552513915
9.551340374
9.550221934
9.549188359
9.548274847
9.547493658
9.546820895
9.546217296
9.545654663
9.545123596
9.544628397
9.544183215
9.543800768
9.543489786
9.543214685
9.542948188
9.542709586
9.542625201
9.542652936
9.542716661
9.542809903
9.542939572
9.543119774
9.54335697
9.543649391
9.543996503
9.544404106
9.54488239
9.545441669
9.54608936
9.546828782
9.54765986
9.548580589
9.549588238
9.550679579
9.551850358
9.553094994
9.554407428
9.55578295
9.557219795
9.55871938
9.560285148
9.561921096
9.563630645
9.565416217
9.56727911
9.569219587
9.571237206
9.573331366
9.575501763
9.5777486
9.580072613
9.582474889
9.58495639
9.587517595
9.590158772
9.592880566
9.595684047
9.598569941
9.60153869
9.604591353
9.607729359
9.610952619
9.614261164
9.617651381
9.621127665
9.624720448
9.628413096
9.632005391
9.635873142
9.639840917
9.643802733
9.64801132
9.652189552
9.656375807
9.660798396
9.6652576
9.669812351
9.674465622
9.679209829
9.684049326
9.688984211
9.694014751
9.699141517
9.704364945
9.709685434
9.715103365
9.720619082
9.726232906
9.731945129
9.737756025
9.743665841
9.749674808
9.755783135
9.761991012
9.768298605
9.774706046
9.781213414
9.787820729
9.794527939
9.801334918
9.808241473
9.815247348
9.82235224
9.82955581
9.836857694
9.844257509
9.851754854
9.859349305
9.8670404
9.874827627
9.882710404
9.890688076
9.898759901
9.906925058
9.915182648
9.923531698
9.931971162
9.940499908
9.949116703
9.95782021
9.966608988
9.975481522
9.984436268
9.993471687
10.00258626
10.01177847
10.02104679
10.03038961
10.03980532
10.0492922
10.05884857
10.06847265
10.07816261
10.08791649
10.09773214
10.10760719
10.11753913
10.12752535
10.13756328
10.14765048
10.15778476
10.16796421
10.17818723
10.18845239
10.19875828
10.20910334
10.21948564
10.22990273
10.24035165
10.25082893
10.26133081
10.27185344
10.2823932
10.2929469
10.30351203
10.31408677
10.32466998
10.33526104
10.3458595
10.35646456
10.3670747
10.37768739
10.38829925
10.39890636
10.40950472
10.42009083
10.43066204
10.44121668
10.4517537
10.4622721
10.4727704
10.48324663
10.49369838
10.50412308
10.51451828
10.52488188
10.53521208
10.54550702
10.55576479
10.56598394
10.57616303
10.58630011
10.59639398
10.60644368
10.61644745
10.62640382
10.6363074
10.64616538
10.65600381
10.66568129
10.67529879
10.68505632
10.69458079
10.70405432
10.71350239
10.72301765
10.73229767
10.74149038
10.75069714
10.75983463
10.76889415
10.77788574
10.78680766
10.79565912
10.80444006
10.81314967
10.82178688
10.83035058
10.83883972
10.84725331
10.85559046
10.86385025
10.87203192
10.88013502
10.88815969
10.89610667
10.90397701
10.91177171
10.91949111
10.92713464
10.9347008
10.94218756
10.94959275
10.95691463
10.96415218
10.97130535
10.97837486
10.98536194
10.99226792
10.9990939
11.00584079
11.01250928
11.01909995
11.02561307
11.03204834
11.03840474
11.04468071
11.05087453
11.05698486
11.06301109
11.06895368
11.07481404
11.08059432
11.08629676
11.0919231
11.09747413
11.10294957
11.10834834
11.11366907
11.11891083
11.12407354
11.12915816
11.13416642
11.13910014
11.14396062
11.14874836
11.15346315
11.15810459
11.16267245
11.16716695
11.17158875
11.17593885
11.18021833
11.18442816
11.18856913
11.19264186
11.19664685
11.2005845
11.20445508
11.20825883
11.21199612
11.21566758
11.21927403
11.22281637
11.22629541
11.22971183
11.23306624
11.23635934
11.23959206
11.24276541
11.24588023
11.24893678
11.25193472
11.2548735
11.257753
11.26057393
11.26333773
11.26604638
11.2687019
11.27130606
11.27386006
11.27636428
11.27881847
11.28122217
11.28357529
11.28587815
11.28813116
11.29033433
11.29248732
11.29459033
11.29664461
11.29865201
11.30061397
11.30253107
11.30440339
11.30623089
11.30801356
11.30975182
11.31144683
11.31310003
11.31471237
11.31628398
11.31781453
11.31930367
11.32075176
11.32216037
11.32353011
11.3248598
11.32615064
11.32740063
11.32860114
11.32980764
11.33102593
11.3319103
11.33303431
11.33429227
11.33504758
11.33605322
11.33698076
11.33785129
11.33869809
11.33950597
11.34027933
11.34102054
11.34173044
11.34241094
11.34306324
11.34368702
11.34427945
11.34483455
11.3453436
11.34579764
11.34619192
11.34652948
11.34681998
11.34707454
11.34730062
11.34750025
11.34767021
11.34780425
11.3479012
11.34797535
11.34803347
11.34806799
11.34804403
11.34798145
11.34791089
11.34779411
11.34765656
11.34752161
11.34735812
11.34718327
11.34697593
11.34670151
11.34634061
11.34590639
11.34543066
11.34492931
11.3443949
11.34381468
11.3431853
11.34251343
11.34180724
11.34107004
11.34030073
11.33949702
11.33865726
11.3377803
11.33686473
11.33590883
11.33491107
11.33387075
11.33278804
11.33166352
11.33049764
11.32929019
11.32804029
11.32674661
11.32540795
11.32402368
11.32259408
11.32112015
11.31960319
11.31804424
11.31644375
11.31480154
11.31311705
11.31138963
11.30961879
11.30780417
11.30594549
11.30404247
11.30209491
11.30010268
11.29806578
11.29598429
11.29385829
11.29168797
11.28947363
11.28721574
11.28491468
11.28257061
11.28018339
11.27775274
11.27527845
11.27276042
11.27019866
11.26759313
11.2649437
11.26225018
11.25951246
11.25673058
11.25390473
11.25103518
11.24812211
11.24516561
11.24216605
11.23912437
11.23604193
11.2329197
11.2297579
11.22655638
11.22331542
11.22003567
11.21671724
11.21335894
11.20995927
11.20651824
11.20303752
11.19951815
11.1959601
11.19236396
11.18873192
11.18506877
11.18137558
11.17761377
11.17379543
11.17012996
11.16626514
11.162339
11.15846423
11.15433359
11.15053419
11.14652806
11.14245288
11.1383891
11.13428428
11.13014882
11.12598461
11.12179106
11.11756967
11.11332134
11.10904663
11.10474588
11.10041923
11.09606676
11.09168868
11.08728543
11.08285779
11.07840657
11.07393239
11.06943543
11.06491552
11.06037255
11.05580693
11.05121979
11.04661286
11.04198809
11.03734718
11.03269128
11.02802077
11.02333535
11.01863401
11.01391548
11.0091786
11.00442289
10.99964885
10.99485804
10.99005267
10.98523499
10.98040684
10.97556932
10.970723
10.96586823
10.96100536
10.9561348
10.95125675
10.94637108
10.94147746
10.9365757
10.93166604
10.92674912
10.92182568
10.91689637
10.91196169
10.90702209
10.90207803
10.8971299
10.89217814
10.88722348
10.88226708
10.87731023
10.87235373
10.86739733
10.86243973
10.85747926
10.8525147
10.84754584
10.84257351
10.83759909
10.83262395
10.82764897
10.82267453
10.81770071
10.81272758
10.80775549
10.80278512
10.79781715
10.79285183
10.78788855
10.78292607
10.77796323
10.77299974
10.76803621
10.76307352
10.75811207
10.75315161
10.74819179
10.74323278
10.73827531
10.73331978
10.72836559
10.72341127
10.71845575
10.71349947
10.70854427
10.70359159
10.69864065
10.6936886
10.68873313
10.68377478
10.67881628
10.67385888
10.66890028
10.66393699
10.65896863
10.65399828
10.64902818
10.64405625
10.63907698
10.63408823
10.62909441
10.62410019
10.61910432
10.61409785
10.60908104
10.60406566
10.59898177
10.59396161
10.58926913
10.58379565
10.57868336
10.57378711
10.5687364
10.5636075
10.55850595
10.55339353
10.54826714
10.54313082
10.53798164
10.53281904
10.52764291
10.52245285
10.51724861
10.51202986
10.50679612
10.50154674
10.49628086
10.49099751
10.48569576
10.48037492
10.47503468
10.46967522
10.46429712
10.45890117
10.45348797
10.44805758
10.4426093
10.43714157
10.43165226
10.42613915
10.42060048
10.41503538
10.40944411
10.40382805
10.39818927
10.39252994
10.38685179
10.38115568
10.37544148
10.36970811
10.36395385
10.35817672
10.35237477
10.34654638
10.34069031
10.33480579
10.32889253
10.32295069
10.31698091
10.31098422
10.30496196
10.29891556
10.29284633
10.28675527
10.28064296
10.27450964
10.26835536
10.26218016
10.25598432
10.24976836
10.24353294
10.23727861
10.23100556
10.22471351
10.21840167
10.21206907
10.20571483
10.19933862
10.19294075
10.18652227
10.18008467
10.17362954
10.16715827
10.16067176
10.15417044
10.14765432
10.1411233
10.13457736
10.12801692
10.12144291
10.11485685
10.10826068
10.10165647
10.09504605
10.08843075
10.0818112
10.07518735
10.06855867
10.06192453
10.05528458
10.04863905
10.04198895
10.03533586
10.02868171
10.02202836
10.01537738
10.00872991
10.00208683
9.995448987
9.988817388
9.982193302
9.975578096
9.968972988
9.962378823
9.955796062
9.949225018
9.942666214
9.936120652
9.929589805
9.923075332
9.916578744
9.910101229
9.903643735
9.897207212
9.89079283
9.884401992
9.878036146
9.871696534
9.865384071
9.85909947
9.852843528
9.846617398
9.840422611
9.834260857
9.828133677
9.822042127
9.815986873
9.809968391
9.803987173
9.798044168
9.792140239
9.786279478
9.780467869
9.77468101
9.768884999
9.763324268
9.757742543
9.752058267
9.746509119
9.741065813
9.735579084
9.730131345
9.724959047
9.719629599
9.714399823
9.709239237
9.70412891
9.699079922
9.694090447
9.689160782
9.684291609
9.679483626
9.674738118
9.670056923
9.665441991
9.660894565
9.656414488
9.652000223
9.64764979
9.643362438
9.639140099
9.634987317
9.63090938
9.626909532
9.622987077
9.619137665
9.615355881
9.611638662
9.607987181
9.604406278
9.600901573
9.597476633
9.594131919
9.590865829
9.587676583
9.58456351
9.581526969
9.578567362
9.575684316
9.572876683
9.570143216
9.567483337
9.564897518
9.562387171
9.559954249
9.557600767
9.555328287
9.553137432
9.551027645
9.548997514
9.547045692
9.545171802
9.543376368
9.541659477
9.540019241
9.538451665
9.536952294
9.535518397
9.534150203
9.532850534
9.5316246
9.530475355
9.529396505
9.52838774
9.527442964
9.526553995
9.525951657
9.525560659
9.525184705
9.524844421
9.52454665
9.524251267
9.523968469
9.523719575
9.523522121
9.523384136
9.523290618
9.523259639
9.523272791
9.523324165
9.523442174
9.523651038
9.523966092
9.524390137
9.5249145
9.525525142
9.52620954
9.52695996
9.527772382
9.528643749
9.529570267
9.530547656
9.531572916
9.53264664
9.533774772
9.534968006
9.53623728
9.537587068
9.53900962
9.540486442
9.541999583
9.543544593
9.545133238
9.546782809
9.548501451
9.55028327
9.552115786
9.553992621
9.555917296
9.557897073
9.559934632
9.562026504
9.564167793
9.566356687
9.568594193
9.570881357
9.57321781
9.575603009
9.578038128
9.580526154
9.583069522
9.585668218
9.588320304
9.591023914
9.593777497
9.596579111
9.59942637
9.602318305
9.60525488
9.608224818
9.611240949
9.614372734
9.617463833
9.620485681
9.623816844
9.627146732
9.630702623
9.63381499
9.637293109
9.640767863
9.644255362
9.647816219
9.651438421
9.655123608
9.658863128
9.662643812
9.666458953
9.67031242
9.674208747
9.678152436
9.682199824
9.68637435
9.690639516
9.694302727
9.694966303
9.689933628
9.663103216
9.574935882
9.316521478
8.562419546
6.649128781
3.430082139
1.298808751
1.008342339
1.00010413
1.000009839
1.000000473
0.9999998193
0.9999999771
1.000000002
0.9999999997
0.9999999995
0.9999999996
0.9999999996
0.9999999996
0.9999999996
0.9999999997
0.9999999997
0.9999999997
0.9999999997
0.9999999997
0.9999999997
0.9999999998
0.9999999998
0.9999999998
0.9999999998
0.9999999998
0.9999999998
0.9999999999
0.9999999999
0.9999999999
0.9999999999
0.9999999999
0.9999999999
1
1
1
1
1
1
1
1
1
1
1
1
1
1
1
1
1
1
1
1
1
1
1
1
1
1
1
1
1
1
1
1
1
1.000000001
1.000000001
1.000000001
1.000000001
1.000000001
1.000000001
1.000000001
1.000000001
1.000000001
1.000000001
1.000000001
1.000000001
1.000000001
1.000000001
1.000000001
1.000000001
1.000000001
1.000000001
1.000000001
1.000000001
1.000000001
1.000000001
1.000000001
1.000000001
1.000000001
1.000000001
1.000000001
1.000000001
1.000000001
1.000000001
1.000000001
1.000000001
1.000000001
1.000000001
1.000000001
1.000000001
1.000000001
1.000000001
1.000000001
1.000000001
1.000000001
1.000000001
1.000000001
1.000000001
1.000000001
1.000000001
1.000000001
1.000000001
1.000000001
1.000000001
1.000000001
1.000000001
1.000000001
1.000000001
1.000000001
1.000000001
1.000000001
1.000000001
1.000000001
1.000000001
1.000000001
1.000000001
1.000000001
1.000000001
1.000000001
1.000000001
1.000000001
1.000000001
1.000000001
1.000000001
1.000000001
1.000000001
1.000000001
1.000000001
1.000000001
1.000000001
1.000000001
1.000000001
1.000000001
1.000000001
1.000000001
1.000000001
1.000000001
1.000000001
1.000000001
1.000000001
1.000000001
1.000000001
1.000000001
1.000000001
1.000000001
1.000000001
1.000000001
1.000000001
1.000000001
1.000000001
1.000000001
1.000000001
1.000000001
1.000000001
1.000000001
1.000000001
1.000000001
1.000000001
1.000000001
1.000000001
1.000000001
1.000000001
1.000000001
1.000000001
1.000000001
1.000000001
1.000000001
1.000000001
1.000000001
1.000000001
1.000000001
1.000000001
1.000000001
1.000000001
1.000000001
1.000000001
1.000000001
1.000000001
1.000000001
1.000000001
1.000000001
1.000000001
1.000000001
1.000000001
1.000000001
1.000000001
1.000000001
1.000000001
1.000000001
1.000000001
1.000000001
1.000000001
1.000000001
1.000000001
1.000000001
1.000000001
1.000000001
1.000000001
1.000000001
1.000000001
1.000000001
1.000000001
1.000000001
1.000000001
1.000000001
1.000000001
1.000000001
1
1
1
1
1
1
1
1
1
1
1
1
1
1
1
1
1
1
1
1
1
1
1
1
1
1
1
1
1
1
1
1
1
0.9999999999
0.9999999999
0.9999999999
0.9999999999
0.9999999999
0.9999999999
0.9999999999
0.9999999999
0.9999999999
0.9999999999
0.9999999998
0.9999999998
0.9999999998
0.9999999998
0.9999999998
0.9999999998
0.9999999998
0.9999999998
0.9999999998
0.9999999998
0.9999999998
0.9999999998
0.9999999997
0.9999999997
0.9999999997
0.9999999997
0.9999999997
0.9999999997
0.9999999997
0.9999999997
0.9999999997
0.9999999997
0.9999999997
0.9999999997
0.9999999997
0.9999999997
0.9999999997
0.9999999997
0.9999999997
0.9999999997
0.9999999997
0.9999999997
0.9999999997
0.9999999997
0.9999999997
0.9999999997
0.9999999997
0.9999999997
0.9999999997
0.9999999997
0.9999999997
0.9999999997
0.9999999997
0.9999999997
0.9999999997
0.9999999997
0.9999999997
0.9999999997
0.9999999997
0.9999999997
0.9999999997
0.9999999997
0.9999999997
0.9999999997
0.9999999997
0.9999999997
0.9999999997
0.9999999997
0.9999999997
0.9999999997
0.9999999997
0.9999999997
0.9999999997
0.9999999997
0.9999999997
0.9999999997
0.9999999997
0.9999999997
0.9999999997
0.9999999997
0.9999999997
0.9999999997
0.9999999997
0.9999999998
0.9999999998
0.9999999998
0.9999999998
0.9999999998
0.9999999998
0.9999999998
0.9999999998
0.9999999998
0.9999999998
0.9999999998
0.9999999998
0.9999999998
0.9999999998
0.9999999998
0.9999999998
0.9999999998
0.9999999998
0.9999999998
0.9999999998
0.9999999998
0.9999999998
0.9999999998
0.9999999999
0.9999999999
0.9999999999
0.9999999999
0.9999999999
0.9999999999
0.9999999999
0.9999999999
0.9999999999
0.9999999999
0.9999999999
1
1
1
0.9999999999
0.9999999999
0.9999999999
0.9999999998
0.9999999995
0.999999999
0.9999999979
0.9999999958
0.9999999926
0.9999999877
0.9999999808
0.9999999712
0.9999999586
0.9999999422
0.9999999216
0.9999998961
0.9999998651
0.9999998281
0.9999997846
0.9999997342
0.9999996766
0.9999996115
0.9999995389
0.9999994587
0.9999993712
0.9999992765
0.9999991752
0.9999990677
0.9999989546
0.9999988368
0.9999987149
0.9999985899
0.9999984626
0.999998334
0.9999982049
0.9999980763
0.9999979491
0.999997824
0.9999977017
0.999997583
0.9999974684
0.9999973585
0.9999972536
0.999997154
0.99999706
0.9999969717
0.9999968891
0.9999968124
0.9999967413
0.9999966757
0.9999966155
0.9999965605
0.9999965103
0.9999964648
0.9999964236
0.9999963864
0.9999963529
0.9999963228
0.9999962958
0.9999962716
0.99999625
0.9999962307
0.9999962135
0.9999961981
0.9999961843
0.9999961719
0.9999961608
0.9999961508
0.9999961418
0.9999961336
0.9999961262
0.9999961194
0.9999961132
0.9999961075
0.9999961022
0.9999960972
0.9999960926
0.9999960883
0.9999960843
0.9999960805
0.9999960768
0.9999960734
0.9999960701
0.9999960669
0.9999960639
0.999996061
0.9999960582
0.9999960555
0.9999960529
0.9999960504
0.9999960479
0.9999960456
0.9999960433
0.9999960411
0.9999960389
0.9999960369
0.9999960348
0.9999960329
0.9999960309
0.9999960291
0.9999960273
0.9999960255
0.9999960238
0.9999960221
0.9999960205
0.9999960189
0.9999960173
0.9999960158
0.9999960143
0.9999960129
0.9999960115
0.9999960101
0.9999960088
0.9999960075
0.9999960062
0.9999960049
0.9999960037
0.9999960025
0.9999960014
0.9999960002
0.9999959991
0.9999959981
0.999995997
0.999995996
0.999995995
0.999995994
0.999995993
0.9999959921
0.9999959912
0.9999959903
0.9999959894
0.9999959885
0.9999959877
0.9999959869
0.9999959861
0.9999959853
0.9999959846
0.9999959838
0.9999959831
0.9999959824
0.9999959817
0.9999959811
0.9999959804
0.9999959798
0.9999959792
0.9999959786
0.999995978
0.9999959774
0.9999959768
0.9999959763
0.9999959758
0.9999959752
0.9999959747
0.9999959743
0.9999959738
0.9999959733
0.9999959729
0.9999959724
0.999995972
0.9999959716
0.9999959712
0.9999959708
0.9999959704
0.9999959701
0.9999959697
0.9999959694
0.999995969
0.9999959687
0.9999959684
0.9999959681
0.9999959678
0.9999959675
0.9999959673
0.999995967
0.9999959667
0.9999959665
0.9999959663
0.999995966
0.9999959658
0.9999959656
0.9999959654
0.9999959652
0.999995965
0.9999959649
0.9999959647
0.9999959645
0.9999959644
0.9999959642
0.9999959641
0.999995964
0.9999959638
0.9999959637
0.9999959636
0.9999959635
0.9999959634
0.9999959633
0.9999959632
0.9999959632
0.9999959631
0.999995963
0.999995963
0.9999959629
0.9999959629
0.9999959628
0.9999959628
0.9999959628
0.9999959627
0.9999959627
0.9999959627
0.9999959627
0.9999959627
0.9999959627
0.9999959627
0.9999959627
0.9999959627
0.9999959627
0.9999959627
0.9999959627
0.9999959627
0.9999959628
0.9999959628
0.9999959628
0.9999959629
0.9999959629
0.9999959629
0.999995963
0.9999959631
0.9999959631
0.9999959632
0.9999959632
0.9999959633
0.9999959634
0.9999959635
0.9999959636
0.9999959636
0.9999959637
0.9999959638
0.9999959639
0.999995964
0.9999959641
0.9999959643
0.9999959644
0.9999959645
0.9999959646
0.9999959647
0.9999959649
0.999995965
0.9999959651
0.9999959652
0.9999959654
0.9999959655
0.9999959657
0.9999959658
0.999995966
0.9999959661
0.9999959663
0.9999959664
0.9999959666
0.9999959667
0.9999959669
0.9999959671
0.9999959672
0.9999959674
0.9999959676
0.9999959678
0.9999959679
0.9999959681
0.9999959683
0.9999959685
0.9999959687
0.9999959688
0.999995969
0.9999959692
0.9999959694
0.9999959696
0.9999959698
0.99999597
0.9999959702
0.9999959704
0.9999959706
0.9999959708
0.999995971
0.9999959713
0.9999959715
0.9999959717
0.9999959719
0.9999959721
0.9999959723
0.9999959726
0.9999959728
0.999995973
0.9999959732
0.9999959735
0.9999959737
0.9999959739
0.9999959742
0.9999959744
0.9999959746
0.9999959749
0.9999959751
0.9999959753
0.9999959756
0.9999959758
0.9999959761
0.9999959763
0.9999959766
0.9999959768
0.9999959771
0.9999959773
0.9999959776
0.9999959778
0.9999959781
0.9999959783
0.9999959786
0.9999959788
0.9999959791
0.9999959793
0.9999959796
0.9999959799
0.9999959801
0.9999959804
0.9999959806
0.9999959809
0.9999959812
0.9999959814
0.9999959817
0.999995982
0.9999959823
0.9999959825
0.9999959828
0.9999959831
0.9999959833
0.9999959836
0.9999959839
0.9999959842
0.9999959845
0.9999959847
0.999995985
0.9999959853
0.9999959856
0.9999959859
0.9999959862
0.9999959864
0.9999959867
0.999995987
0.9999959873
0.9999959876
0.9999959879
0.9999959882
0.9999959885
0.9999959887
0.999995989
0.9999959893
0.9999959896
0.9999959899
0.9999959902
0.9999959905
0.9999959908
0.9999959911
0.9999959914
0.9999959917
0.999995992
0.9999959923
0.9999959926
0.9999959929
0.9999959932
0.9999959935
0.9999959938
0.9999959941
0.9999959944
0.9999959947
0.999995995
0.9999959953
0.9999959956
0.9999959959
0.9999959962
0.9999959965
0.9999959968
0.9999959971
0.9999959975
0.9999959978
0.9999959981
0.9999959984
0.9999959987
0.999995999
0.9999959993
0.9999959996
0.9999959999
0.9999960003
0.9999960006
0.9999960009
0.9999960012
0.9999960015
0.9999960018
0.9999960022
0.9999960025
0.9999960028
0.9999960031
0.9999960034
0.9999960038
0.9999960041
0.9999960044
0.9999960047
0.999996005
0.9999960054
0.9999960057
0.999996006
0.9999960063
0.9999960066
0.999996007
0.9999960073
0.9999960076
0.9999960079
0.9999960083
0.9999960086
0.9999960089
0.9999960092
0.9999960096
0.9999960099
0.9999960102
0.9999960105
0.9999960109
0.9999960112
0.9999960115
0.9999960118
0.9999960122
0.9999960125
0.9999960128
0.9999960132
0.9999960135
0.9999960138
0.9999960142
0.9999960145
0.9999960148
0.9999960151
0.9999960155
0.9999960158
0.9999960161
0.9999960165
0.9999960168
0.9999960171
0.9999960175
0.9999960178
0.9999960181
0.9999960185
0.9999960188
0.9999960191
0.9999960195
0.9999960198
0.9999960201
0.9999960205
0.9999960208
0.9999960212
0.9999960215
0.9999960218
0.9999960222
0.9999960225
0.9999960228
0.9999960232
0.9999960235
0.9999960239
0.9999960242
0.9999960245
0.9999960249
0.9999960252
0.9999960256
0.9999960259
0.9999960262
0.9999960266
0.9999960269
0.9999960273
0.9999960276
0.9999960279
0.9999960283
0.9999960286
0.999996029
0.9999960293
0.9999960297
0.99999603
0.9999960303
0.9999960307
0.999996031
0.9999960314
0.9999960317
0.9999960321
0.9999960324
0.9999960328
0.9999960331
0.9999960335
0.9999960338
0.9999960342
0.9999960345
0.9999960348
0.9999960352
0.9999960355
0.9999960359
0.9999960362
0.9999960366
0.9999960369
0.9999960373
0.9999960376
0.999996038
0.9999960383
0.9999960387
0.999996039
0.9999960394
0.9999960397
0.9999960401
0.9999960405
0.9999960408
0.9999960412
0.9999960415
0.9999960419
0.9999960422
0.9999960426
0.9999960429
0.9999960433
0.9999960436
0.999996044
0.9999960443
0.9999960447
0.9999960451
0.9999960454
0.9999960458
0.9999960461
0.9999960465
0.9999960468
0.9999960472
0.9999960475
0.9999960479
0.9999960483
0.9999960486
0.999996049
0.9999960493
0.9999960497
0.9999960501
0.9999960504
0.9999960508
0.9999960511
0.9999960515
0.9999960518
0.9999960522
0.9999960526
0.9999960529
0.9999960533
0.9999960537
0.999996054
0.9999960544
0.9999960547
0.9999960551
0.9999960555
0.9999960558
0.9999960562
0.9999960565
0.9999960569
0.9999960573
0.9999960576
0.999996058
0.9999960584
0.9999960587
0.9999960591
0.9999960595
0.9999960598
0.9999960602
0.9999960606
0.9999960609
0.9999960613
0.9999960616
0.999996062
0.9999960624
0.9999960627
0.9999960631
0.9999960635
0.9999960638
0.9999960642
0.9999960646
0.9999960649
0.9999960653
0.9999960657
0.9999960661
0.9999960664
0.9999960668
0.9999960672
0.9999960675
0.9999960679
0.9999960683
0.9999960686
0.999996069
0.9999960694
0.9999960697
0.9999960701
0.9999960705
0.9999960708
0.9999960712
0.9999960716
0.999996072
0.9999960723
0.9999960727
0.9999960731
0.9999960734
0.9999960738
0.9999960742
0.9999960746
0.9999960749
0.9999960753
0.9999960757
0.999996076
0.9999960764
0.9999960768
0.9999960772
0.9999960775
0.9999960779
0.9999960783
0.9999960787
0.999996079
0.9999960794
0.9999960798
0.9999960802
0.9999960805
0.9999960809
0.9999960813
0.9999960817
0.999996082
0.9999960824
0.9999960828
0.9999960832
0.9999960835
0.9999960839
0.9999960843
0.9999960847
0.999996085
0.9999960854
0.9999960858
0.9999960862
0.9999960865
0.9999960869
0.9999960873
0.9999960877
0.9999960881
0.9999960884
0.9999960888
0.9999960892
0.9999960896
0.9999960899
0.9999960903
0.9999960907
0.9999960911
0.9999960914
0.9999960918
0.9999960922
0.9999960926
0.9999960929
0.9999960933
0.9999960937
0.9999960941
0.9999960945
0.9999960948
0.9999960952
0.9999960956
0.999996096
0.9999960963
0.9999960967
0.9999960971
0.9999960975
0.9999960978
0.9999960982
0.9999960986
0.999996099
0.9999960993
0.9999960997
0.9999961001
0.9999961005
0.9999961008
0.9999961012
0.9999961016
0.999996102
0.9999961023
0.9999961027
0.9999961031
0.9999961035
0.9999961038
0.9999961042
0.9999961046
0.999996105
0.9999961053
0.9999961057
0.9999961061
0.9999961064
0.9999961068
0.9999961072
0.9999961076
0.9999961079
0.9999961083
0.9999961087
0.999996109
0.9999961094
0.9999961098
0.9999961102
0.9999961105
0.9999961109
0.9999961113
0.9999961116
0.999996112
0.9999961124
0.9999961127
0.9999961131
0.9999961135
0.9999961138
0.9999961142
0.9999961145
0.9999961149
0.9999961153
0.9999961156
0.999996116
0.9999961163
0.9999961167
0.9999961171
0.9999961174
0.9999961178
0.9999961181
0.9999961185
0.9999961188
0.9999961192
0.9999961195
0.9999961199
0.9999961202
0.9999961206
0.9999961209
0.9999961212
0.9999961216
0.9999961219
0.9999961223
0.9999961226
0.999996123
0.9999961233
0.9999961236
0.999996124
0.9999961243
0.9999961247
0.999996125
0.9999961254
0.9999961257
0.999996126
0.9999961264
0.9999961267
0.9999961271
0.9999961274
0.9999961278
0.9999961281
0.9999961284
0.9999961288
0.9999961291
0.9999961295
0.9999961298
0.9999961302
0.9999961305
0.9999961309
0.9999961312
0.9999961315
0.9999961319
0.9999961322
0.9999961326
0.9999961329
0.9999961333
0.9999961336
0.9999961339
0.9999961343
0.9999961346
0.9999961349
0.9999961353
0.9999961356
0.9999961359
0.9999961363
0.9999961366
0.9999961369
0.9999961373
0.9999961376
0.9999961379
0.9999961382
0.9999961386
0.9999961389
0.9999961392
0.9999961395
0.9999961399
0.9999961402
0.9999961405
0.9999961408
0.9999961411
0.9999961415
0.9999961418
0.9999961421
0.9999961424
0.9999961427
0.999996143
0.9999961434
0.9999961437
0.999996144
0.9999961443
0.9999961446
0.9999961449
0.9999961452
0.9999961455
0.9999961458
0.9999961461
0.9999961464
0.9999961468
0.9999961471
0.9999961474
0.9999961477
0.999996148
0.9999961483
0.9999961485
0.9999961488
0.9999961491
0.9999961494
0.9999961497
0.99999615
0.9999961503
0.9999961506
0.9999961509
0.9999961512
0.9999961514
0.9999961517
0.999996152
0.9999961523
0.9999961526
0.9999961528
0.9999961531
0.9999961534
0.9999961537
0.9999961539
0.9999961542
0.9999961545
0.9999961547
0.999996155
0.9999961553
0.9999961555
0.9999961558
0.9999961561
0.9999961563
0.9999961566
0.9999961568
0.9999961571
0.9999961573
0.9999961576
0.9999961578
0.9999961581
0.9999961583
0.9999961586
0.9999961588
0.999996159
0.9999961593
0.9999961595
0.9999961597
0.99999616
0.9999961602
0.9999961604
0.9999961607
0.9999961609
0.9999961611
0.9999961613
0.9999961615
0.9999961617
0.999996162
0.9999961622
0.9999961624
0.9999961626
0.9999961628
0.999996163
0.9999961632
0.9999961634
0.9999961636
0.9999961638
0.999996164
0.9999961642
0.9999961644
0.9999961645
0.9999961647
0.9999961649
0.9999961651
0.9999961653
0.9999961654
0.9999961656
0.9999961658
0.9999961659
0.9999961661
0.9999961663
0.9999961664
0.9999961666
0.9999961667
0.9999961669
0.999996167
0.9999961672
0.9999961673
0.9999961675
0.9999961676
0.9999961677
0.9999961679
0.999996168
0.9999961681
0.9999961683
0.9999961684
0.9999961685
0.9999961686
0.9999961687
0.9999961689
0.999996169
0.9999961691
0.9999961692
0.9999961693
0.9999961694
0.9999961695
0.9999961696
0.9999961697
0.9999961697
0.9999961698
0.9999961699
0.99999617
0.9999961701
0.9999961701
0.9999961702
0.9999961703
0.9999961703
0.9999961704
0.9999961705
0.9999961705
0.9999961706
0.9999961706
0.9999961707
0.9999961707
0.9999961707
0.9999961708
0.9999961708
0.9999961708
0.9999961709
0.9999961709
0.9999961709
0.9999961709
0.9999961709
0.9999961709
0.999996171
0.999996171
0.999996171
0.999996171
0.999996171
0.9999961709
0.9999961709
0.9999961709
0.9999961709
0.9999961709
0.9999961709
0.9999961708
0.9999961708
0.9999961708
0.9999961707
0.9999961707
0.9999961706
0.9999961706
0.9999961705
0.9999961705
0.9999961704
0.9999961704
0.9999961703
0.9999961702
0.9999961701
0.9999961701
0.99999617
0.9999961699
0.9999961698
0.9999961697
0.9999961696
0.9999961695
0.9999961694
0.9999961693
0.9999961692
0.9999961691
0.999996169
0.9999961689
0.9999961688
0.9999961686
0.9999961685
0.9999961684
0.9999961682
0.9999961681
0.999996168
0.9999961678
0.9999961677
0.9999961675
0.9999961673
0.9999961672
0.999996167
0.9999961669
0.9999961667
0.9999961665
0.9999961663
0.9999961661
0.9999961659
0.9999961658
0.9999961656
0.9999961654
0.9999961652
0.9999961649
0.9999961647
0.9999961645
0.9999961643
0.9999961641
0.9999961639
0.9999961636
0.9999961634
0.9999961632
0.9999961629
0.9999961627
0.9999961624
0.9999961622
0.9999961619
0.9999961617
0.9999961614
0.9999961612
0.9999961609
0.9999961606
0.9999961603
0.9999961601
0.9999961598
0.9999961595
0.9999961592
0.9999961589
0.9999961587
0.9999961584
0.9999961581
0.9999961578
0.9999961575
0.9999961571
0.9999961568
0.9999961565
0.9999961562
0.9999961559
0.9999961556
0.9999961552
0.9999961549
0.9999961545
0.9999961542
0.9999961539
0.9999961535
0.9999961532
0.9999961528
0.9999961524
0.9999961521
0.9999961517
0.9999961513
0.999996151
0.9999961506
0.9999961502
0.9999961498
0.9999961494
0.999996149
0.9999961486
0.9999961482
0.9999961478
0.9999961474
0.999996147
0.9999961466
0.9999961462
0.9999961458
0.9999961454
0.999996145
0.9999961445
0.9999961441
0.9999961437
0.9999961432
0.9999961428
0.9999961424
0.9999961419
0.9999961415
0.999996141
0.9999961406
0.9999961401
0.9999961397
0.9999961392
0.9999961387
0.9999961383
0.9999961378
0.9999961373
0.9999961368
0.9999961364
0.9999961359
0.9999961354
0.9999961349
0.9999961344
0.9999961339
0.9999961334
0.9999961329
0.9999961324
0.9999961319
0.9999961314
0.9999961309
0.9999961304
0.9999961299
0.9999961294
0.9999961289
0.9999961283
0.9999961278
0.9999961273
0.9999961268
0.9999961262
0.9999961257
0.9999961252
0.9999961246
0.9999961241
0.9999961235
0.999996123
0.9999961225
0.9999961219
0.9999961214
0.9999961208
0.9999961202
0.9999961197
0.9999961191
0.9999961186
0.999996118
0.9999961174
0.9999961169
0.9999961163
0.9999961157
0.9999961151
0.9999961146
0.999996114
0.9999961134
0.9999961128
0.9999961122
0.9999961116
0.9999961111
0.9999961105
0.9999961099
0.9999961093
0.9999961087
0.9999961081
0.9999961075
0.9999961069
0.9999961063
0.9999961057
0.9999961051
0.9999961045
0.9999961039
0.9999961032
0.9999961026
0.999996102
0.9999961014
0.9999961008
0.9999961002
0.9999960995
0.9999960989
0.9999960983
0.9999960977
0.999996097
0.9999960964
0.9999960958
0.9999960952
0.9999960945
0.9999960939
0.9999960933
0.9999960926
0.999996092
0.9999960913
0.9999960907
0.9999960901
0.9999960894
0.9999960888
0.9999960881
0.9999960875
0.9999960868
0.9999960862
0.9999960855
0.9999960849
0.9999960842
0.9999960836
0.9999960829
0.9999960822
0.9999960816
0.9999960809
0.9999960803
0.9999960796
0.999996079
0.9999960783
0.9999960776
0.999996077
0.9999960763
0.9999960756
0.999996075
0.9999960743
0.9999960736
0.999996073
0.9999960723
0.9999960716
0.999996071
0.9999960703
0.9999960696
0.9999960689
0.9999960683
0.9999960676
0.9999960669
0.9999960663
0.9999960656
0.9999960649
0.9999960642
0.9999960636
0.9999960629
0.9999960622
0.9999960615
0.9999960608
0.9999960602
0.9999960595
0.9999960588
0.9999960581
0.9999960574
0.9999960567
0.999996056
0.9999960554
0.9999960547
0.999996054
0.9999960533
0.9999960526
0.9999960519
0.9999960512
0.9999960505
0.9999960498
0.9999960491
0.9999960484
0.9999960477
0.9999960469
0.9999960462
0.9999960455
0.9999960448
0.9999960441
0.9999960434
0.9999960427
0.999996042
0.9999960413
0.9999960406
0.9999960399
0.9999960392
0.9999960385
0.9999960378
0.9999960371
0.9999960364
0.9999960357
0.999996035
0.9999960343
0.9999960336
0.9999960329
0.9999960321
0.9999960314
0.9999960307
0.99999603
0.9999960293
0.9999960286
0.9999960279
0.9999960272
0.9999960265
0.9999960258
0.9999960251
0.9999960244
0.9999960237
0.9999960229
0.9999960222
0.9999960215
0.9999960208
0.9999960201
0.9999960194
0.9999960187
0.999996018
0.9999960173
0.9999960165
0.9999960158
0.9999960151
0.9999960144
0.9999960137
0.999996013
0.9999960123
0.9999960116
0.9999960108
0.9999960101
0.9999960094
0.9999960087
0.999996008
0.9999960073
0.9999960066
0.9999960059
0.9999960051
0.9999960044
0.9999960037
0.999996003
0.9999960023
0.9999960016
0.9999960009
0.9999960002
0.9999959994
0.9999959987
0.999995998
0.9999959973
0.9999959966
0.9999959959
0.9999959952
0.9999959945
0.9999959938
0.9999959931
0.9999959924
0.9999959916
0.9999959909
0.9999959902
0.9999959895
0.9999959888
0.9999959881
0.9999959874
0.9999959867
0.999995986
0.9999959853
0.9999959846
0.9999959839
0.9999959833
0.9999959826
0.9999959819
0.9999959812
0.9999959805
0.9999959798
0.9999959791
0.9999959784
0.9999959777
0.999995977
0.9999959763
0.9999959757
0.999995975
0.9999959743
0.9999959736
0.9999959729
0.9999959722
0.9999959716
0.9999959709
0.9999959702
0.9999959695
0.9999959688
0.9999959682
0.9999959675
0.9999959668
0.9999959661
0.9999959655
0.9999959648
0.9999959641
0.9999959634
0.9999959628
0.9999959621
0.9999959614
0.9999959608
0.9999959601
0.9999959594
0.9999959588
0.9999959581
0.9999959574
0.9999959568
0.9999959561
0.9999959555
0.9999959548
0.9999959541
0.9999959535
0.9999959528
0.9999959522
0.9999959515
0.9999959509
0.9999959502
0.9999959496
0.9999959489
0.9999959483
0.9999959476
0.999995947
0.9999959463
0.9999959457
0.999995945
0.9999959444
0.9999959437
0.9999959431
0.9999959425
0.9999959418
0.9999959412
0.9999959405
0.9999959399
0.9999959393
0.9999959386
0.999995938
0.9999959374
0.9999959367
0.9999959361
0.9999959355
0.9999959349
0.9999959342
0.9999959336
0.999995933
0.9999959323
0.9999959317
0.9999959311
0.9999959305
0.9999959299
0.9999959292
0.9999959286
0.999995928
0.9999959274
0.9999959268
0.9999959262
0.9999959256
0.9999959249
0.9999959243
0.9999959237
0.9999959231
0.9999959225
0.9999959219
0.9999959213
0.9999959207
0.9999959201
0.9999959195
0.9999959189
0.9999959183
0.9999959177
0.9999959171
0.9999959165
0.9999959159
0.9999959153
0.9999959147
0.9999959141
0.9999959136
0.999995913
0.9999959124
0.9999959118
0.9999959112
0.9999959106
0.99999591
0.9999959095
0.9999959089
0.9999959083
0.9999959077
0.9999959071
0.9999959066
0.999995906
0.9999959054
0.9999959048
0.9999959043
0.9999959037
0.9999959031
0.9999959026
0.999995902
0.9999959014
0.9999959009
0.9999959003
0.9999958997
0.9999958992
0.9999958986
0.999995898
0.9999958975
0.9999958969
0.9999958964
0.9999958958
0.9999958953
0.9999958947
0.9999958941
0.9999958936
0.999995893
0.9999958925
0.9999958919
0.9999958914
0.9999958908
0.9999958903
0.9999958898
0.9999958892
0.9999958887
0.9999958881
0.9999958876
0.9999958871
0.9999958865
0.999995886
0.9999958854
0.9999958849
0.9999958844
0.9999958838
0.9999958833
0.9999958828
0.9999958822
0.9999958817
0.9999958812
0.9999958807
0.9999958801
0.9999958796
0.9999958791
0.9999958786
0.999995878
0.9999958775
0.999995877
0.9999958765
0.999995876
0.9999958754
0.9999958749
0.9999958744
0.9999958739
0.9999958734
0.9999958729
0.9999958724
0.9999958719
0.9999958713
0.9999958708
0.9999958703
0.9999958698
0.9999958693
0.9999958688
0.9999958683
0.9999958678
0.9999958673
0.9999958668
0.9999958663
0.9999958658
0.9999958653
0.9999958648
0.9999958643
0.9999958638
0.9999958633
0.9999958628
0.9999958623
0.9999958619
0.9999958614
0.9999958609
0.9999958604
0.9999958599
0.9999958594
0.9999958589
0.9999958585
0.999995858
0.9999958575
0.999995857
0.9999958565
0.999995856
0.9999958556
0.9999958551
0.9999958546
0.9999958541
0.9999958537
0.9999958532
0.9999958527
0.9999958522
0.9999958518
0.9999958513
0.9999958508
0.9999958504
0.9999958499
0.9999958494
0.999995849
0.9999958485
0.999995848
0.9999958476
0.9999958471
0.9999958466
0.9999958462
0.9999958457
0.9999958452
0.9999958448
0.9999958443
0.9999958439
0.9999958434
0.999995843
0.9999958425
0.999995842
0.9999958416
0.9999958411
0.9999958407
0.9999958402
0.9999958398
0.9999958393
0.9999958389
0.9999958384
0.999995838
0.9999958375
0.9999958371
0.9999958367
0.9999958362
0.9999958358
0.9999958353
0.9999958349
0.9999958344
0.999995834
0.9999958336
0.9999958331
0.9999958327
0.9999958323
0.9999958318
0.9999958314
0.9999958309
0.9999958305
0.9999958301
0.9999958296
0.9999958292
0.9999958288
0.9999958284
0.9999958279
0.9999958275
0.9999958271
0.9999958266
0.9999958262
0.9999958258
0.9999958254
0.9999958249
0.9999958245
0.9999958241
0.9999958237
0.9999958233
0.9999958228
0.9999958224
0.999995822
0.9999958216
0.9999958212
0.9999958207
0.9999958203
0.9999958199
0.9999958195
0.9999958191
0.9999958187
0.9999958183
0.9999958179
0.9999958174
0.999995817
0.9999958166
0.9999958162
0.9999958158
0.9999958154
0.999995815
0.9999958146
0.9999958142
0.9999958138
0.9999958134
0.999995813
0.9999958126
0.9999958122
0.9999958118
0.9999958114
0.999995811
0.9999958106
0.9999958102
0.9999958098
0.9999958094
0.999995809
0.9999958086
0.9999958082
0.9999958078
0.9999958074
0.999995807
0.9999958066
0.9999958063
0.9999958059
0.9999958055
0.9999958051
0.9999958047
0.9999958043
0.9999958039
0.9999958035
0.9999958032
0.9999958028
0.9999958024
0.999995802
0.9999958016
0.9999958012
0.9999958009
0.9999958005
0.9999958001
0.9999957997
0.9999957994
0.999995799
0.9999957986
0.9999957982
0.9999957979
0.9999957975
0.9999957971
0.9999957967
0.9999957964
0.999995796
0.9999957956
0.9999957953
0.9999957949
0.9999957945
0.9999957942
0.9999957938
0.9999957934
0.9999957931
0.9999957927
0.9999957924
0.999995792
0.9999957916
0.9999957913
0.9999957909
0.9999957906
0.9999957902
0.9999957898
0.9999957895
0.9999957891
0.9999957888
0.9999957884
0.9999957881
0.9999957877
0.9999957874
0.999995787
0.9999957867
0.9999957863
0.999995786
0.9999957856
0.9999957853
0.9999957849
0.9999957846
0.9999957843
0.9999957839
0.9999957836
0.9999957832
0.9999957829
0.9999957826
0.9999957822
0.9999957819
0.9999957815
0.9999957812
0.9999957809
0.9999957805
0.9999957802
0.9999957799
0.9999957795
0.9999957792
0.9999957789
0.9999957785
0.9999957782
0.9999957779
0.9999957775
0.9999957772
0.9999957769
0.9999957765
0.9999957762
0.9999957759
0.9999957756
0.9999957753
0.9999957749
0.9999957746
0.9999957743
0.9999957739
0.9999957735
0.9999957733
0.9999957733
0.999995773
0.9999957726
0.9999957723
0.999995772
0.9999957718
0.9999957717
0.9999957713
0.9999957712
0.9999957687
0.9999957693
0.9999957691
0.9999957689
0.9999957688
0.9999957686
0.9999957684
0.9999957682
0.9999957677
)
;

boundaryField
{
    sides
    {
        type            zeroGradient;
    }
    empty
    {
        type            empty;
    }
}


// ************************************************************************* //
