/*--------------------------------*- C++ -*----------------------------------*\
| =========                 |                                                 |
| \\      /  F ield         | OpenFOAM: The Open Source CFD Toolbox           |
|  \\    /   O peration     | Version:  v1812                                 |
|   \\  /    A nd           | Web:      www.OpenFOAM.com                      |
|    \\/     M anipulation  |                                                 |
\*---------------------------------------------------------------------------*/
FoamFile
{
    version     2.0;
    format      ascii;
    class       volScalarField;
    location    "1.8";
    object      rho;
}
// * * * * * * * * * * * * * * * * * * * * * * * * * * * * * * * * * * * * * //

dimensions      [1 -3 0 0 0 0 0];


internalField   nonuniform List<scalar> 
8000
(
3.857139545
3.857139545
3.857139545
3.857139545
3.857139545
3.857139545
3.857139545
3.857139545
3.857139545
3.857139545
3.857139545
3.857139545
3.857139545
3.857139545
3.857139545
3.857139545
3.857139545
3.857139545
3.857139545
3.857139545
3.857139545
3.857139545
3.857139545
3.857139545
3.857139545
3.857139545
3.857139545
3.857139545
3.857139545
3.857139545
3.857139545
3.857139545
3.857139545
3.857139545
3.857139545
3.857139545
3.857139545
3.857139545
3.857139545
3.857139545
3.857139545
3.857139545
3.857139545
3.857139545
3.857139545
3.857139545
3.857139545
3.857139545
3.857139545
3.857139545
3.857139545
3.857139545
3.857139545
3.857139545
3.857139545
3.857139545
3.857139545
3.857139545
3.857139545
3.857139545
3.857139545
3.857139545
3.857139545
3.857139545
3.857139545
3.857139545
3.857139545
3.857139545
3.857139545
3.857139545
3.857139545
3.857139545
3.857139545
3.857139545
3.857139545
3.857139545
3.857139545
3.857139545
3.857139545
3.857139545
3.857139545
3.857139545
3.857139545
3.857139545
3.857139545
3.857139545
3.857139545
3.857139545
3.857139545
3.857139545
3.857139545
3.857139545
3.857139545
3.857139545
3.857139545
3.857139545
3.857139545
3.857139545
3.857139545
3.857139545
3.857139545
3.857139545
3.857139545
3.857139545
3.857139545
3.857139545
3.857139545
3.857139545
3.857139545
3.857139545
3.857139545
3.857139545
3.857139545
3.857139545
3.857139545
3.857139545
3.857139545
3.857139545
3.857139545
3.857139545
3.857139545
3.857139545
3.857139545
3.857139545
3.857139545
3.857139545
3.857139545
3.857139545
3.857139545
3.857139545
3.857139545
3.857139545
3.857139545
3.857139545
3.857139545
3.857139545
3.857139545
3.857139545
3.857139545
3.857139545
3.857139545
3.857139545
3.857139545
3.857139545
3.857139545
3.857139545
3.857139545
3.857139545
3.857139545
3.857139545
3.857139545
3.857139545
3.857139545
3.857139545
3.857139545
3.857139545
3.857139545
3.857139545
3.857139545
3.857139545
3.857139545
3.857139545
3.857139545
3.857139545
3.857139545
3.857139545
3.857139545
3.857139545
3.857139545
3.857139545
3.857139545
3.857139545
3.857139545
3.857139545
3.857139545
3.857139545
3.857139545
3.857139545
3.857139545
3.857139545
3.857139545
3.857139545
3.857139545
3.857139545
3.857139545
3.857139545
3.857139545
3.857139545
3.857139545
3.857139545
3.857139545
3.857139545
3.857139545
3.857139545
3.857139545
3.857139545
3.857139545
3.857139545
3.857139545
3.857139545
3.857139545
3.857139545
3.857139545
3.857139545
3.857139545
3.857139545
3.857139545
3.857139545
3.857139545
3.857139545
3.857139545
3.857139545
3.857139545
3.857139545
3.857139545
3.857139545
3.857139545
3.857139545
3.857139545
3.857139545
3.857139545
3.857139545
3.857139545
3.857139545
3.857139545
3.857139545
3.857139545
3.857139545
3.857139545
3.857139545
3.857139545
3.857139545
3.857139545
3.857139545
3.857139545
3.857139545
3.857139545
3.857139545
3.857139545
3.857139545
3.857139545
3.857139545
3.857139545
3.857139545
3.857139545
3.857139545
3.857139545
3.857139545
3.857139545
3.857139545
3.857139545
3.857139545
3.857139545
3.857139545
3.857139545
3.857139545
3.857139545
3.857139545
3.857139545
3.857139545
3.857139545
3.857139545
3.857139545
3.857139545
3.857139545
3.857139545
3.857139545
3.857139545
3.857139545
3.857139545
3.857139545
3.857139545
3.857139545
3.857139545
3.857139545
3.857139545
3.857139545
3.857139545
3.857139545
3.857139545
3.857139545
3.857139545
3.857139545
3.857139545
3.857139545
3.857139545
3.857139545
3.857139545
3.857139545
3.857139545
3.857139545
3.857139545
3.857139545
3.857139545
3.857139545
3.857139545
3.857139545
3.857139545
3.857139545
3.857139545
3.857139545
3.857139545
3.857139545
3.857139545
3.857139545
3.857139545
3.857139545
3.857139545
3.857139545
3.857139545
3.857139545
3.857139545
3.857139545
3.857139545
3.857139545
3.857139545
3.857139545
3.857139545
3.857139545
3.857139545
3.857139545
3.857139545
3.857139545
3.857139545
3.857139545
3.857139545
3.857139545
3.857139545
3.857139545
3.857139545
3.857139545
3.857139545
3.857139545
3.857139545
3.857139545
3.857139545
3.857139545
3.857139545
3.857139545
3.857139545
3.857139545
3.857139545
3.857139545
3.857139545
3.857139545
3.857139545
3.857139545
3.857139545
3.857139545
3.857139545
3.857139545
3.857139545
3.857139545
3.857139545
3.857139545
3.857139545
3.857139545
3.857139545
3.857139545
3.857139545
3.857139545
3.857139545
3.857139545
3.857139545
3.857139545
3.857139545
3.857139545
3.857139545
3.857139545
3.857139545
3.857139545
3.857139545
3.857139545
3.857139545
3.857139545
3.857139545
3.857139545
3.857139545
3.857139545
3.857139545
3.857139545
3.857139545
3.857139545
3.857139545
3.857139545
3.857139545
3.857139545
3.857139545
3.857139545
3.857139545
3.857139545
3.857139545
3.857139545
3.857139545
3.857139545
3.857139545
3.857139545
3.857139545
3.857139545
3.857139545
3.857139545
3.857139545
3.857139545
3.857139545
3.857139545
3.857139545
3.857139545
3.857139545
3.857139545
3.857139545
3.857139545
3.857139545
3.857139545
3.857139545
3.857139545
3.857139545
3.857139545
3.857139545
3.857139545
3.857139545
3.857139545
3.857139545
3.857139545
3.857139545
3.857139545
3.857139545
3.857139545
3.857139545
3.857139545
3.857139545
3.857139545
3.857139545
3.857139545
3.857139545
3.857139545
3.857139545
3.857139545
3.857139545
3.857139545
3.857139545
3.857139545
3.857139545
3.857139545
3.857139545
3.857139545
3.857139545
3.857139545
3.857139545
3.857139545
3.857139545
3.857139545
3.857139545
3.857139545
3.857139545
3.857139545
3.857139545
3.857139545
3.857139545
3.857139545
3.857139545
3.857139545
3.857139545
3.857139545
3.857139545
3.857139545
3.857139545
3.857139545
3.857139545
3.857139545
3.857139545
3.857139545
3.857139545
3.857139545
3.857139545
3.857139545
3.857139545
3.857139545
3.857139545
3.857139545
3.857139545
3.857139545
3.857139545
3.857139545
3.857139545
3.857139545
3.857139545
3.857139545
3.857139545
3.857139545
3.857139545
3.857139545
3.857139545
3.857139545
3.857139545
3.857139545
3.857139545
3.857139545
3.857139545
3.857139545
3.857139545
3.857139545
3.857139545
3.857139545
3.857139545
3.857139545
3.857139545
3.857139545
3.857139545
3.857139545
3.857139545
3.857139545
3.857139545
3.857139545
3.857139545
3.857139545
3.857139545
3.857139545
3.857139545
3.857139545
3.857139545
3.857139545
3.857139545
3.857139545
3.857139545
3.857139545
3.857139545
3.857139545
3.857139545
3.857139545
3.857139545
3.857139545
3.857139545
3.857139545
3.857139545
3.857139545
3.857139545
3.857139545
3.857139545
3.857139545
3.857139545
3.857139545
3.857139545
3.857139545
3.857139545
3.857139545
3.857139545
3.857139545
3.857139545
3.857139545
3.857139545
3.857139545
3.857139545
3.857139545
3.857139545
3.857139545
3.857139545
3.857139545
3.857139545
3.857139545
3.857139545
3.857139545
3.857139545
3.857139545
3.857139545
3.857139545
3.857139545
3.857139545
3.857139545
3.857139545
3.857139545
3.857139545
3.857139545
3.857139545
3.857139545
3.857139545
3.857139545
3.857139545
3.857139545
3.857139545
3.857139545
3.857139545
3.857139545
3.857139545
3.857139545
3.857139545
3.857139545
3.857139545
3.857139545
3.857139545
3.857139545
3.857139545
3.857139545
3.857139545
3.857139545
3.857139545
3.857139545
3.857139545
3.857139545
3.857139545
3.857139545
3.857139545
3.857139545
3.857139545
3.857139545
3.857139545
3.857139545
3.857139545
3.857139545
3.857139545
3.857139545
3.857139545
3.857139545
3.857139545
3.857139545
3.857139545
3.857139545
3.857139545
3.857139545
3.857139545
3.857139545
3.857139545
3.857139545
3.857139545
3.857139545
3.857139545
3.857139545
3.857139545
3.857139545
3.857139545
3.857139545
3.857139545
3.857139545
3.857139545
3.857139545
3.857139545
3.857139545
3.857139545
3.857139545
3.857139545
3.857139545
3.857139545
3.857139545
3.857139545
3.857139545
3.857139545
3.857139545
3.857139545
3.857139545
3.857139545
3.857139545
3.857139545
3.857139545
3.857139545
3.857139545
3.857139545
3.857139545
3.857139545
3.857139545
3.857139545
3.857139545
3.857139545
3.857139545
3.857139545
3.857139545
3.857139545
3.857139545
3.857139545
3.857139545
3.857139545
3.857139545
3.857139545
3.857139545
3.857139545
3.857139545
3.857139545
3.857139545
3.857139545
3.857139545
3.857139545
3.857139545
3.857139545
3.857139545
3.857139545
3.857139545
3.857139545
3.857139545
3.857139545
3.857139545
3.857139545
3.857139545
3.857139545
3.857139545
3.857139545
3.857139545
3.857139545
3.857139545
3.857139545
3.857139545
3.857139545
3.857139545
3.857139545
3.857139545
3.857139545
3.857139545
3.857139545
3.857139545
3.857139545
3.857139545
3.857139545
3.857139545
3.857139545
3.857139545
3.857139545
3.857139545
3.857139545
3.857139545
3.857139545
3.857139545
3.857139545
3.857139545
3.857139545
3.857139545
3.857139545
3.857139545
3.857139545
3.857139545
3.857139545
3.857139545
3.857139545
3.857139545
3.857139545
3.857139545
3.857139545
3.857139545
3.857139545
3.857139545
3.857139545
3.857139545
3.857139545
3.857139545
3.857139545
3.857139545
3.857139545
3.857139545
3.857139545
3.857139545
3.857139545
3.857139545
3.857139545
3.857139545
3.857139545
3.857139545
3.857139545
3.857139545
3.857139545
3.857139545
3.857139545
3.857139545
3.857139545
3.857139545
3.857139545
3.857139545
3.857139545
3.857139545
3.857139545
3.857139545
3.857139545
3.857139545
3.857139545
3.857139545
3.857139545
3.857139545
3.857139545
3.857139545
3.857139545
3.857139545
3.857139545
3.857139545
3.857139545
3.857139545
3.857139545
3.857139545
3.857139545
3.857139545
3.857139545
3.857139545
3.857139545
3.857139545
3.857139545
3.857139545
3.857139545
3.857139545
3.857139545
3.857139545
3.857139545
3.857139545
3.857139545
3.857139545
3.857139545
3.857139545
3.857139545
3.857139545
3.857139545
3.857139545
3.857139545
3.857139545
3.857139545
3.857139545
3.857139545
3.857139545
3.857139545
3.857139545
3.857139545
3.857139545
3.857139545
3.857139545
3.857139545
3.857139545
3.857139545
3.857139545
3.857139545
3.857139545
3.857139545
3.857139545
3.857139545
3.857139545
3.857139545
3.857139545
3.857139545
3.857139545
3.857139545
3.857139545
3.857139545
3.857139545
3.857139545
3.857139545
3.857139545
3.857139545
3.857139545
3.857139545
3.857139545
3.857139545
3.857139545
3.857139545
3.857139545
3.857139545
3.857139545
3.857139545
3.857139545
3.857139545
3.857139545
3.857139545
3.857139545
3.857139545
3.857139545
3.857139545
3.857139545
3.857139545
3.857139545
3.857139545
3.857139545
3.857139545
3.857139545
3.857139545
3.857139545
3.857139545
3.857139545
3.857139545
3.857139545
3.857139545
3.857139545
3.857139545
3.857139545
3.857139545
3.857139545
3.857139545
3.857139545
3.857139545
3.857139545
3.857139545
3.857139545
3.857139545
3.857139545
3.857139545
3.857139545
3.857139545
3.857139545
3.857139545
3.857139545
3.857139545
3.857139545
3.857139545
3.857139545
3.857139545
3.857139545
3.857139545
3.857139545
3.857139545
3.857139545
3.857139545
3.857139545
3.857139545
3.857139545
3.857139545
3.857139545
3.857139545
3.857139545
3.857139545
3.857139545
3.857139545
3.857139545
3.857139545
3.857139545
3.857139545
3.857139545
3.857139545
3.857139545
3.857139545
3.857139545
3.857139545
3.857139545
3.857139545
3.857139545
3.857139545
3.857139545
3.857139545
3.857139545
3.857139545
3.857139545
3.857139545
3.857139545
3.857139545
3.857139545
3.857139545
3.857139545
3.857139545
3.857139545
3.857139545
3.857139545
3.857139545
3.857139545
3.857139545
3.857139545
3.857139545
3.857139545
3.857139545
3.857139545
3.857139545
3.857139545
3.857139545
3.857139545
3.857139545
3.857139545
3.857139545
3.857139545
3.857139545
3.857139545
3.857139545
3.857139545
3.857139545
3.857139545
3.857139545
3.857139545
3.857139545
3.857139545
3.857139545
3.857139545
3.857139545
3.857139545
3.857139545
3.857139545
3.857139545
3.857139545
3.857139545
3.857139545
3.857139545
3.857139545
3.857139545
3.857139545
3.857139545
3.857139545
3.857139545
3.857139545
3.857139545
3.857139545
3.857139545
3.857139545
3.857139545
3.857139545
3.857139545
3.857139545
3.857139545
3.857139545
3.857139545
3.857139545
3.857139545
3.857139545
3.857139545
3.857139545
3.857139545
3.857139545
3.857139545
3.857139545
3.857139545
3.857139545
3.857139545
3.857139545
3.857139545
3.857139545
3.857139545
3.857139545
3.857139545
3.857139545
3.857139545
3.857139545
3.857139545
3.857139545
3.857139545
3.857139545
3.857139545
3.857139545
3.857139545
3.857139545
3.857139545
3.857139545
3.857139545
3.857139545
3.857139545
3.857139545
3.857139545
3.857139545
3.857139545
3.857139545
3.857139545
3.857139545
3.857139545
3.857139545
3.857139545
3.857139545
3.857139545
3.857139545
3.857139545
3.857139545
3.857139545
3.857139545
3.857139545
3.857139545
3.857139545
3.857139545
3.857139545
3.857139545
3.857139545
3.857139545
3.857139545
3.857139545
3.857139545
3.857139545
3.857139545
3.857139545
3.857139545
3.857139545
3.857139545
3.857139545
3.857139545
3.857139545
3.857139545
3.857139545
3.857139545
3.857139545
3.857139545
3.857139545
3.857139545
3.857139545
3.857139545
3.857139545
3.857139545
3.857139545
3.857139545
3.857139545
3.857139545
3.857139545
3.857139545
3.857139545
3.857139545
3.857139545
3.857139545
3.857139545
3.857139545
3.857139545
3.857139545
3.857139545
3.857139545
3.857139545
3.857139545
3.857139545
3.857139545
3.857139545
3.857139545
3.857139545
3.857139545
3.857139545
3.857139545
3.857139545
3.857139545
3.857139545
3.857139545
3.857139545
3.857139545
3.857139545
3.857139545
3.857139545
3.857139545
3.857139545
3.857139545
3.857139545
3.857139545
3.857139545
3.857139545
3.857139545
3.857139545
3.857139545
3.857139545
3.857139545
3.857139545
3.857139545
3.857139545
3.857139545
3.857139545
3.857139545
3.857139545
3.857139545
3.857139545
3.857139545
3.857139545
3.857139545
3.857139545
3.857139545
3.857139545
3.857139545
3.857139545
3.857139545
3.857139545
3.857139545
3.857139545
3.857139545
3.857139545
3.857139545
3.857139545
3.857139545
3.857139545
3.857139545
3.857139545
3.857139545
3.857139545
3.857139545
3.857139545
3.857139545
3.857139545
3.857139545
3.857139545
3.857139545
3.857139545
3.857139545
3.857139545
3.857139545
3.857139545
3.857139545
3.857139545
3.857139545
3.857139545
3.857139545
3.857139545
3.857139545
3.857139545
3.857139545
3.857139545
3.857139545
3.857139545
3.857139545
3.857139545
3.857139545
3.857139545
3.857139545
3.857139545
3.857139545
3.857139545
3.857139545
3.857139545
3.857139545
3.857139545
3.857139545
3.857139545
3.857139545
3.857139545
3.857139545
3.857139545
3.857139545
3.857139545
3.857139545
3.857139545
3.857139545
3.857139545
3.857139545
3.857139545
3.857139545
3.857139545
3.857139545
3.857139545
3.857139545
3.857139545
3.857139545
3.857139545
3.857139545
3.857139545
3.857139545
3.857139545
3.857139545
3.857139545
3.857139545
3.857139545
3.857139545
3.857139545
3.857139545
3.857139545
3.857139545
3.857139545
3.857139545
3.857139545
3.857139545
3.857139545
3.857139545
3.857139545
3.857139545
3.857139545
3.857139545
3.857139545
3.857139545
3.857139545
3.857139545
3.857139545
3.857139545
3.857139545
3.857139545
3.857139545
3.857139545
3.857139545
3.857139545
3.857139545
3.857139545
3.857139545
3.857139545
3.857139545
3.857139545
3.857139545
3.857139545
3.857139545
3.857139545
3.857139545
3.857139545
3.857139545
3.857139545
3.857139545
3.857139545
3.857139545
3.857139545
3.857139545
3.857139545
3.857139545
3.857139545
3.857139545
3.857139545
3.857139545
3.857139545
3.857139545
3.857139545
3.857139545
3.857139545
3.857139545
3.857139545
3.857139545
3.857139545
3.857139545
3.857139545
3.857139545
3.857139545
3.857139545
3.857139545
3.857139545
3.857139545
3.857139545
3.857139545
3.857139545
3.857139545
3.857139545
3.857139545
3.857139545
3.857139545
3.857139545
3.857139545
3.857139545
3.857139545
3.857139545
3.857139545
3.857139545
3.857139545
3.857139545
3.857139545
3.857139545
3.857139545
3.857139545
3.857139545
3.857139545
3.857139545
3.857139545
3.857139545
3.857139545
3.857139545
3.857139545
3.857139545
3.857139545
3.857139545
3.857139545
3.857139545
3.857139545
3.857139545
3.857139545
3.857139545
3.857139545
3.857139545
3.857139545
3.857139545
3.857139545
3.857139545
3.857139545
3.857139545
3.857139545
3.857139545
3.857139545
3.857139545
3.857139545
3.857139545
3.857139545
3.857139545
3.857139545
3.857139545
3.857139545
3.857139545
3.857139545
3.857139545
3.857139545
3.857139545
3.857139545
3.857139545
3.857139545
3.857139545
3.857139545
3.857139545
3.857139545
3.857139545
3.857139545
3.857139545
3.857139545
3.857139545
3.857139545
3.857139545
3.857139545
3.857139545
3.857139545
3.857139545
3.857139545
3.857139545
3.857139545
3.857139545
3.857139545
3.857139545
3.857139545
3.857139545
3.857139545
3.857139545
3.857139545
3.857139545
3.857139545
3.857139545
3.857139545
3.857139545
3.857139545
3.857139545
3.857139545
3.857139545
3.857139545
3.857139545
3.857139545
3.857139545
3.857139545
3.857139545
3.857139545
3.857139545
3.857139545
3.857139545
3.857139545
3.857139545
3.857139545
3.857139545
3.857139545
3.857139545
3.857139545
3.857139545
3.857139545
3.857139545
3.857139545
3.857139545
3.857139545
3.857139545
3.857139545
3.857139545
3.857139545
3.857139545
3.857139545
3.857139545
3.857139545
3.857139545
3.857139545
3.857139545
3.857139545
3.857139545
3.857139545
3.857139545
3.857139545
3.857139545
3.857139545
3.857139545
3.857139545
3.857139545
3.857139545
3.857139545
3.857139545
3.857139545
3.857139545
3.857139545
3.857139545
3.857139545
3.857139545
3.857139545
3.857139545
3.857139545
3.857139545
3.857139545
3.857139545
3.857139545
3.857139545
3.857139545
3.857139545
3.857139545
3.857139545
3.857139545
3.857139545
3.857139545
3.857139545
3.857139545
3.857139545
3.857139545
3.857139545
3.857139545
3.857139545
3.857139545
3.857139545
3.857139545
3.857139545
3.857139545
3.857139545
3.857139545
3.857139545
3.857139545
3.857139545
3.857139545
3.857139545
3.857139545
3.857139545
3.857139545
3.857139545
3.857139545
3.857139545
3.857139545
3.857139545
3.857139545
3.857139545
3.857139545
3.857139545
3.857139545
3.857139545
3.857139545
3.857139545
3.857139545
3.857139545
3.857139545
3.857139545
3.857139545
3.857139545
3.857139545
3.857139545
3.857139545
3.857139545
3.857139545
3.857139545
3.857139545
3.857139545
3.857139545
3.857139545
3.857139545
3.857139545
3.857139545
3.857139545
3.857139545
3.857139545
3.857139545
3.857139545
3.857139545
3.857139545
3.857139545
3.857139545
3.857139545
3.857139545
3.857139545
3.857139545
3.857139545
3.857139545
3.857139545
3.857139545
3.857139545
3.857139545
3.857139545
3.857139545
3.857139545
3.857139545
3.857139545
3.857139545
3.857139545
3.857139545
3.857139545
3.857139545
3.857139545
3.857139545
3.857139545
3.857139545
3.857139545
3.857139545
3.857139545
3.857139545
3.857139545
3.857139545
3.857139545
3.857139545
3.857139545
3.857139545
3.857139545
3.857139545
3.857139545
3.857139545
3.857139545
3.857139545
3.857139545
3.857139545
3.857139545
3.857139545
3.857139545
3.857139545
3.857139545
3.857139545
3.857139545
3.857139545
3.857139545
3.857139545
3.857139545
3.857139545
3.857139545
3.857139545
3.857139545
3.857139545
3.857139545
3.857139545
3.857139545
3.857139545
3.857139545
3.857139545
3.857139545
3.857139545
3.857139545
3.857139545
3.857139545
3.857139545
3.857139545
3.857139545
3.857139545
3.857139545
3.857139545
3.857139545
3.857139545
3.857139545
3.857139545
3.857139545
3.857139545
3.857139545
3.857139545
3.857139545
3.857139545
3.857139545
3.857139545
3.857139545
3.857139545
3.857139545
3.857139545
3.857139545
3.857139545
3.857139545
3.857139545
3.857139545
3.857139545
3.857139545
3.857139545
3.857139545
3.857139545
3.857139545
3.857139545
3.857139545
3.857139545
3.857139545
3.857139545
3.857139545
3.857139545
3.857139545
3.857139545
3.857139545
3.857139545
3.857139545
3.857139545
3.857139545
3.857139545
3.857139545
3.857139545
3.857139545
3.857139545
3.857139545
3.857139545
3.857139545
3.857139545
3.857139545
3.857139545
3.857139545
3.857139545
3.857139545
3.857139545
3.857139545
3.857139545
3.857139545
3.857139545
3.857139545
3.857139545
3.857139545
3.857139545
3.857139545
3.857139545
3.857139545
3.857139545
3.857139545
3.857139545
3.857139545
3.857139545
3.857139545
3.857139545
3.857139545
3.857139545
3.857139545
3.857139545
3.857139545
3.857139545
3.857139545
3.857139545
3.857139545
3.857139545
3.857139545
3.857139545
3.857139545
3.857139545
3.857139545
3.857139545
3.857139545
3.857139545
3.857139545
3.857139545
3.857139545
3.857139545
3.857139545
3.857139545
3.857139545
3.857139545
3.857139545
3.857139545
3.857139545
3.857139545
3.857139545
3.857139545
3.857139545
3.857139545
3.857139545
3.857139545
3.857139545
3.857139545
3.857139545
3.857139545
3.857139545
3.857139545
3.857139545
3.857139545
3.857139545
3.857139545
3.857139545
3.857139545
3.857139545
3.857139545
3.857139545
3.857139545
3.857139545
3.857139545
3.857139544
3.857139544
3.857139544
3.857139544
3.857139544
3.857139544
3.857139544
3.857139543
3.857139542
3.857139541
3.85713954
3.857139538
3.857139535
3.857139531
3.857139526
3.857139518
3.857139507
3.857139492
3.857139471
3.857139442
3.857139402
3.857139347
3.857139272
3.85713917
3.857139033
3.857138847
3.857138598
3.857138265
3.857137821
3.857137233
3.857136457
3.857135438
3.857134105
3.857132369
3.85713012
3.85712722
3.857123499
3.857118747
3.857112709
3.857105077
3.85709548
3.857083474
3.857068538
3.857050056
3.857027316
3.856999494
3.856965651
3.856924726
3.856875529
3.856816748
3.856746944
3.856664565
3.856567953
3.856455365
3.856324992
3.85617499
3.856003506
3.855808716
3.855588858
3.855342272
3.855067434
3.854762991
3.854427788
3.854060892
3.853661612
3.853229505
3.852764382
3.852266301
3.851735555
3.851172659
3.850578322
3.849953426
3.849298997
3.848616177
3.847906197
3.847170349
3.846409964
3.845626387
3.844820961
3.843995007
3.843149817
3.842286637
3.841406663
3.840511036
3.839600835
3.83867708
3.837740727
3.836792672
3.83583375
3.834864738
3.833886359
3.832899283
3.831904129
3.830901472
3.829891843
3.828875731
3.827853591
3.82682584
3.825792865
3.824755023
3.823712645
3.822666036
3.821615478
3.820561233
3.819503542
3.81844263
3.817378706
3.816311961
3.815242577
3.814170719
3.813096542
3.812020192
3.810941802
3.809861499
3.8087794
3.807695613
3.806610243
3.805523384
3.804435127
3.803345556
3.80225475
3.801162784
3.800069727
3.798975645
3.7978806
3.796784651
3.795687853
3.794590258
3.793491914
3.792392869
3.791293167
3.79019285
3.789091956
3.787990525
3.786888591
3.785786188
3.78468335
3.783580107
3.782476488
3.781372522
3.780268236
3.779163654
3.778058802
3.776953704
3.775848382
3.774742858
3.773637152
3.772531285
3.771425277
3.770319146
3.76921291
3.768106587
3.767000193
3.765893746
3.764787261
3.763680753
3.762574239
3.761467733
3.760361248
3.7592548
3.758148403
3.757042069
3.755935813
3.754829647
3.753723585
3.75261764
3.751511824
3.750406151
3.749300633
3.748195282
3.747090112
3.745985136
3.744880365
3.743775812
3.742671482
3.741567385
3.740463592
3.739360411
3.738258784
3.737157289
3.736043195
3.734856131
3.733485598
3.732232249
3.732139198
3.732548356
3.734853474
3.742942045
3.766939972
3.830473937
3.961597379
4.090145922
4.123582211
4.124490392
4.124311233
4.124195903
4.124287327
4.124643706
4.125268023
4.125962527
4.126560517
4.126953588
4.127125192
4.127129123
4.127069522
4.126982133
4.126968341
4.127032387
4.12721504
4.127456222
4.127674095
4.127827104
4.127852888
4.127833366
4.127763051
4.127666986
4.127607563
4.127593148
4.127585249
4.127592517
4.127609597
4.127607556
4.127584446
4.127523955
4.12742614
4.127303467
4.12717382
4.127052131
4.126943363
4.126842339
4.126738624
4.126621723
4.126484657
4.126325514
4.126146899
4.125954079
4.125752869
4.125548146
4.125342986
4.125138395
4.124933519
4.124726126
4.124513296
4.124292265
4.124061192
4.123819614
4.123568425
4.123309477
4.123044898
4.122776423
4.12250494
4.122230377
4.12195187
4.12166815
4.121377996
4.121080616
4.120775876
4.120464306
4.12014693
4.119824955
4.119499449
4.119171086
4.118840008
4.118505837
4.118167804
4.117824972
4.117476506
4.117121903
4.116761128
4.116394628
4.116023196
4.115647767
4.115269181
4.114887982
4.114504302
4.114117847
4.113727982
4.113333915
4.112934908
4.112530478
4.112120521
4.11170533
4.11128551
4.110861828
4.110435032
4.110005689
4.109574087
4.109140199
4.108703737
4.108264263
4.107821328
4.107374606
4.106923979
4.10646956
4.106011647
4.105550636
4.105086913
4.10462076
4.104152297
4.103681471
4.103208099
4.102731938
4.102252778
4.101770507
4.101285151
4.100796868
4.100305898
4.0998125
4.099316873
4.098819098
4.098319119
4.097816749
4.09731172
4.096803751
4.096292619
4.095778213
4.095260562
4.09473983
4.094216276
4.0936902
4.093161882
4.092631536
4.092099277
4.091565118
4.091028994
4.090490791
4.089950393
4.089407713
4.088862718
4.088315429
4.08776591
4.087214246
4.086660517
4.086104776
4.08554704
4.084987287
4.084425472
4.083861547
4.083295476
4.082727255
4.082156916
4.081584522
4.081010161
4.080433922
4.079855881
4.079276087
4.078694557
4.078111273
4.077526198
4.076939285
4.076350491
4.075759793
4.075167189
4.074572703
4.073976373
4.07337825
4.07277838
4.072176797
4.071573524
4.070968564
4.070361912
4.069753558
4.069143496
4.068531731
4.067918283
4.067303185
4.066686486
4.066068236
4.065448485
4.064827278
4.064204646
4.063580605
4.062955161
4.062328307
4.061700033
4.061070324
4.060439168
4.059806556
4.059172481
4.058536941
4.057899934
4.057261461
4.056621521
4.055980118
4.055337256
4.054692945
4.054047204
4.053400057
4.052751535
4.052101676
4.051450521
4.050798111
4.05014448
4.049489659
4.048833667
4.048176515
4.047518205
4.046858731
4.046198082
4.045536246
4.04487321
4.044208966
4.043543505
4.042876827
4.04220893
4.041539821
4.040869507
4.040197998
4.039525307
4.038851449
4.03817644
4.037500297
4.036823041
4.036144689
4.03546526
4.034784768
4.034103226
4.033420642
4.032737018
4.032052355
4.031366647
4.030679886
4.029992066
4.029303177
4.028613211
4.027922166
4.027230038
4.026536831
4.025842551
4.025147206
4.024450811
4.02375338
4.023054932
4.022355487
4.021655066
4.020953691
4.020251385
4.019548169
4.018844063
4.018139084
4.017433248
4.016726566
4.016019046
4.015310692
4.014601504
4.01389148
4.013180616
4.012468906
4.011756345
4.011042927
4.010328648
4.009613505
4.008897501
4.008180637
4.00746292
4.006744358
4.006024963
4.005304748
4.004583726
4.003861915
4.00313933
4.002415985
4.001691896
4.000967075
4.000241533
3.999515278
3.998788316
3.998060651
3.997332282
3.996603209
3.995873429
3.995142938
3.994411734
3.993679812
3.99294717
3.992213806
3.991479721
3.990744915
3.990009394
3.989273163
3.988536229
3.987798601
3.987060289
3.986321305
3.98558166
3.984841364
3.984100429
3.983358864
3.982616678
3.981873879
3.98113047
3.980386457
3.979641842
3.978896626
3.978150809
3.97740439
3.976657369
3.975909745
3.975161517
3.974412687
3.973663257
3.972913229
3.972162607
3.971411399
3.97065961
3.969907248
3.969154324
3.968400846
3.967646823
3.966892266
3.966137183
3.965381583
3.964625472
3.963868857
3.963111743
3.962354134
3.961596032
3.960837439
3.960078357
3.959318785
3.958558724
3.957798175
3.957037138
3.956275616
3.95551361
3.954751123
3.95398816
3.953224726
3.952460826
3.951696467
3.950931656
3.950166402
3.949400712
3.948634593
3.947868054
3.947101102
3.946333742
3.945565982
3.944797826
3.944029278
3.943260342
3.94249102
3.941721315
3.940951229
3.940180763
3.939409919
3.938638697
3.937867099
3.937095128
3.936322786
3.935550075
3.934776999
3.934003562
3.933229768
3.932455621
3.931681127
3.930906291
3.930131117
3.92935561
3.928579775
3.927803615
3.927027135
3.926250337
3.925473224
3.924695798
3.92391806
3.923140011
3.922361651
3.92158298
3.920803998
3.920024705
3.9192451
3.918465183
3.917684954
3.916904412
3.916123557
3.915342391
3.914560914
3.913779128
3.912997033
3.912214631
3.911431926
3.91064892
3.909865615
3.909082015
3.908298125
3.907513948
3.906729489
3.905944752
3.905159743
3.904374466
3.903588929
3.902803137
3.902017096
3.901230813
3.900444294
3.899657547
3.898870578
3.898083395
3.897296005
3.896508415
3.895720632
3.894932663
3.894144516
3.893356196
3.892567711
3.891779066
3.890990268
3.890201321
3.88941223
3.888622999
3.887833633
3.887044134
3.886254505
3.885464749
3.884674868
3.883884863
3.883094736
3.882304488
3.881514122
3.880723638
3.879933037
3.879142323
3.878351496
3.877560559
3.876769515
3.875978366
3.875187117
3.874395769
3.873604327
3.872812794
3.872021175
3.871229474
3.870437693
3.869645838
3.868853912
3.86806192
3.867269864
3.86647775
3.86568558
3.864893359
3.86410109
3.863308777
3.862516423
3.861724033
3.860931611
3.860139159
3.859346682
3.858554183
3.857761667
3.856969135
3.856176593
3.855384042
3.854591485
3.853798926
3.853006366
3.852213807
3.85142125
3.850628697
3.849836149
3.849043605
3.848251066
3.847458532
3.846666003
3.845873478
3.845080959
3.844288446
3.843495938
3.842703437
3.841910945
3.841118464
3.840325996
3.839533545
3.838741115
3.837948711
3.837156338
3.836364003
3.835571712
3.834779473
3.833987292
3.833195178
3.832403139
3.831611183
3.830819319
3.830027555
3.829235898
3.828444356
3.827652938
3.826861649
3.826070497
3.825279488
3.824488628
3.823697921
3.822907373
3.822116989
3.821326771
3.820536723
3.819746849
3.818957151
3.818167632
3.817378293
3.816589137
3.815800166
3.81501138
3.814222782
3.813434373
3.812646154
3.811858126
3.811070291
3.81028265
3.809495205
3.808707958
3.80792091
3.807134064
3.806347421
3.805560985
3.804774759
3.803988745
3.803202948
3.802417371
3.801632018
3.800846894
3.800062003
3.799277352
3.798492944
3.797708786
3.796924884
3.796141243
3.79535787
3.79457477
3.793791951
3.793009417
3.792227176
3.791445233
3.790663595
3.789882267
3.789101256
3.788320568
3.787540209
3.786760183
3.785980498
3.785201157
3.784422168
3.783643534
3.782865262
3.782087356
3.781309822
3.780532665
3.77975589
3.778979502
3.778203507
3.777427909
3.776652714
3.775877926
3.775103551
3.774329595
3.773556061
3.772782957
3.772010285
3.771238053
3.770466265
3.769694928
3.768924045
3.768153623
3.767383668
3.766614186
3.765845181
3.76507666
3.76430863
3.763541096
3.762774064
3.762007541
3.761241533
3.760476046
3.759711088
3.758946664
3.758182782
3.757419448
3.756656668
3.75589445
3.7551328
3.754371725
3.753611231
3.752851326
3.752092016
3.751333308
3.750575209
3.749817725
3.749060865
3.748304634
3.74754904
3.74679409
3.746039792
3.745286153
3.744533181
3.743780883
3.743029268
3.742278343
3.741528118
3.7407786
3.740029798
3.739281721
3.738534378
3.737787778
3.737041929
3.736296841
3.735552524
3.734808986
3.734066238
3.733324287
3.732583145
3.73184282
3.731103322
3.730364661
3.729626846
3.728889887
3.728153793
3.727418574
3.726684241
3.725950803
3.72521827
3.724486652
3.723755959
3.723026202
3.722297392
3.721569538
3.720842652
3.720116745
3.719391828
3.718667912
3.717945009
3.717223131
3.716502288
3.715782494
3.71506376
3.714346099
3.713629524
3.712914047
3.71219968
3.711486438
3.710774334
3.71006338
3.709353592
3.708644981
3.707937564
3.707231353
3.706526364
3.70582261
3.705120108
3.704418872
3.703718918
3.70302026
3.702322916
3.701626901
3.700932231
3.700238923
3.699546994
3.69885646
3.69816734
3.69747965
3.696793408
3.696108633
3.695425342
3.694743554
3.694063288
3.693384563
3.692707399
3.692031814
3.691357828
3.690685463
3.690014738
3.689345674
3.688678293
3.688012615
3.687348664
3.68668646
3.686026028
3.685367389
3.684710568
3.684055588
3.683402475
3.682751253
3.682101947
3.681454584
3.680809191
3.680165794
3.679524422
3.678885102
3.678247865
3.677612738
3.676979753
3.676348941
3.675720332
3.67509396
3.674469856
3.673848055
3.67322859
3.672611496
3.671996809
3.671384564
3.670774799
3.670167552
3.669562859
3.668960762
3.668361298
3.667764509
3.667170436
3.666579122
3.66599061
3.665404943
3.664822167
3.664242327
3.663665472
3.663091649
3.662520908
3.661953298
3.661388873
3.660827685
3.660269788
3.659715239
3.659164095
3.658616415
3.658072259
3.657531688
3.656994768
3.656461563
3.65593214
3.655406569
3.654884919
3.654367265
3.65385368
3.653344243
3.652839031
3.652338126
3.651841613
3.651349577
3.650862107
3.650379295
3.649901233
3.649428021
3.648959756
3.648496542
3.648038486
3.647585697
3.647138286
3.646696372
3.646260075
3.645829518
3.645404829
3.644986142
3.644573593
3.644167324
3.643767481
3.643374217
3.642987687
3.642608055
3.642235488
3.641870162
3.641512257
3.641161962
3.640819471
3.640484988
3.640158725
3.6398409
3.639531745
3.639231499
3.638940413
3.638658749
3.638386785
3.638124807
3.63787312
3.63763204
3.637401898
3.637183036
3.636975807
3.636780569
3.636597685
3.636427549
3.636270556
3.636127413
3.63599962
3.635890522
3.63581422
3.635777661
3.635774112
3.635776608
3.635780242
3.635790738
3.635812414
3.635849242
3.635904623
3.635981377
3.636081959
3.636208568
3.636363242
3.636547913
3.636764512
3.637016046
3.637312691
3.637693713
3.638285196
3.639459665
3.64231409
3.650083206
3.671978552
3.731805572
3.867950771
4.032522833
4.086741554
4.091239782
4.09249992
4.093976965
4.095934294
4.097863755
4.099400431
4.100701046
4.101996267
4.103339402
4.104648205
4.105855364
4.106975265
4.108050623
4.109097512
4.110105509
4.111063549
4.111973947
4.112845315
4.113682421
4.114485071
4.115252395
4.115985645
4.116687248
4.117359034
4.118001875
4.118616394
4.119203515
4.119764346
4.120299871
4.120810881
4.121298091
4.121762239
4.12220407
4.122624281
4.123023513
4.123402368
4.123761423
4.12410123
4.124422311
4.124725158
4.125010241
4.125278015
4.125528921
4.125763394
4.125981863
4.126184762
4.126372538
4.126545663
4.126704665
4.126850139
4.126982729
4.127103228
4.127211127
4.127305829
4.127375881
4.127411502
4.127430913
4.127433207
4.127434464
4.127434478
4.127432998
4.127428734
4.127419846
4.127404313
4.127380257
4.127346181
4.12730108
4.127244425
4.127176083
4.127096173
4.127004914
4.126902556
4.126789376
4.126665714
4.126531988
4.126388671
4.126236242
4.126075145
4.125905779
4.125728503
4.125543656
4.125351556
4.12515248
4.124946645
4.124734184
4.12451514
4.124289484
4.124057136
4.123817995
4.123571963
4.123318961
4.123058948
4.122791915
4.1225179
4.122236979
4.121949263
4.121654893
4.121354026
4.121046827
4.120733459
4.12041407
4.120088794
4.119757746
4.119421024
4.119078711
4.118730878
4.118377589
4.118018904
4.11765488
4.117285574
4.116911041
4.11653134
4.116146523
4.115756646
4.11536176
4.114961914
4.114557157
4.114147535
4.113733096
4.113313885
4.112889952
4.112461346
4.112028117
4.111590318
4.111148
4.110701218
4.110250023
4.109794468
4.109334605
4.108870485
4.108402161
4.107929681
4.107453098
4.106972463
4.106487825
4.105999236
4.105506744
4.105010398
4.104510244
4.104006326
4.103498685
4.102987359
4.102472382
4.101953786
4.101431599
4.100905848
4.100376555
4.099843744
4.099307436
4.098767654
4.098224421
4.097677759
4.097127695
4.096574255
4.096017467
4.095457363
4.094893973
4.094327332
4.093757473
4.093184431
4.09260824
4.092028936
4.091446551
4.090861119
4.090272671
4.089681239
4.089086849
4.088489531
4.087889308
4.087286204
4.086680242
4.086071442
4.085459825
4.084845409
4.084228212
4.083608254
4.082985553
4.082360128
4.081732
4.081101188
4.080467714
4.079831601
4.07919287
4.078551546
4.07790765
4.077261207
4.076612238
4.075960767
4.075306813
4.0746504
4.073991545
4.073330269
4.07266659
4.072000527
4.071332098
4.070661321
4.069988214
4.069312795
4.068635084
4.067955098
4.067272858
4.066588382
4.065901688
4.065212796
4.064521723
4.063828488
4.063133106
4.062435593
4.061735966
4.061034236
4.060330419
4.059624528
4.058916573
4.058206569
4.057494527
4.056780461
4.056064383
4.055346306
4.054626246
4.053904216
4.053180232
4.052454309
4.051726463
4.050996709
4.050265063
4.04953154
4.048796156
4.048058925
4.04731986
4.046578976
4.045836286
4.045091802
4.044345539
4.043597507
4.042847721
4.042096195
4.041342941
4.040587976
4.039831313
4.03907297
4.038312963
4.037551309
4.036788026
4.036023133
4.035256646
4.034488584
4.033718964
4.032947801
4.032175112
4.031400909
4.030625206
4.029848013
4.029069339
4.028289192
4.027507579
4.026724505
4.025939973
4.025153989
4.024366554
4.023577673
4.02278735
4.021995588
4.021202393
4.020407771
4.019611729
4.018814277
4.018015424
4.017215181
4.016413559
4.015610571
4.01480623
4.01400055
4.013193545
4.012385228
4.011575613
4.010764713
4.009952541
4.009139111
4.008324434
4.007508522
4.006691388
4.005873042
4.005053495
4.00423276
4.003410846
4.002587764
4.001763525
4.00093814
4.000111619
3.999283971
3.998455207
3.997625337
3.996794369
3.995962312
3.995129174
3.994294964
3.993459689
3.992623354
3.991785967
3.990947533
3.990108057
3.989267544
3.988426
3.98758343
3.986739837
3.985895228
3.985049608
3.984202984
3.983355361
3.982506748
3.981657153
3.980806583
3.979955049
3.97910256
3.978249127
3.97739476
3.97653947
3.975683267
3.974826163
3.973968167
3.97310929
3.97224954
3.971388928
3.97052746
3.969665146
3.968801991
3.967938003
3.967073188
3.966207551
3.965341098
3.964473835
3.963605766
3.962736899
3.961867237
3.960996788
3.960125557
3.959253551
3.958380777
3.957507241
3.956632951
3.955757914
3.954882139
3.954005631
3.9531284
3.952250453
3.951371796
3.950492438
3.949612385
3.948731643
3.947850221
3.946968124
3.946085358
3.94520193
3.944317847
3.943433114
3.942547737
3.941661724
3.94077508
3.939887812
3.938999927
3.938111431
3.937222331
3.936332633
3.935442345
3.934551474
3.933660025
3.932768005
3.931875422
3.930982281
3.930088588
3.92919435
3.928299572
3.92740426
3.92650842
3.925612057
3.924715176
3.923817784
3.922919885
3.922021485
3.921122589
3.920223203
3.919323333
3.918422984
3.917522163
3.916620875
3.915719126
3.914816922
3.91391427
3.913011176
3.912107646
3.911203687
3.910299304
3.909394504
3.908489292
3.907583676
3.906677659
3.905771249
3.90486445
3.903957268
3.903049709
3.902141777
3.901233477
3.900324816
3.899415797
3.898506427
3.89759671
3.896686652
3.895776259
3.894865535
3.893954488
3.893043122
3.892131443
3.891219459
3.890307174
3.889394595
3.888481729
3.887568581
3.886655158
3.885741466
3.88482751
3.883913297
3.882998832
3.882084121
3.881169169
3.880253981
3.879338563
3.87842292
3.877507057
3.876590979
3.87567469
3.874758196
3.873841501
3.872924611
3.872007531
3.871090266
3.870172821
3.869255202
3.868337415
3.867419465
3.866501358
3.865583102
3.864664702
3.863746166
3.862827501
3.861908716
3.860989817
3.860070815
3.859151717
3.858232533
3.857313272
3.856393945
3.855474561
3.85455513
3.853635661
3.852716165
3.851796649
3.850877124
3.849957596
3.849038073
3.848118561
3.847199066
3.846279593
3.845360144
3.844440724
3.843521333
3.842601973
3.841682645
3.840763349
3.839844086
3.838924854
3.838005655
3.837086489
3.836167357
3.835248261
3.834329204
3.833410188
3.832491219
3.831572302
3.830653444
3.829734651
3.828815933
3.827897298
3.826978755
3.826060316
3.82514199
3.824223788
3.82330572
3.822387799
3.821470033
3.820552433
3.81963501
3.818717772
3.817800731
3.816883893
3.815967269
3.815050867
3.814134696
3.813218762
3.812303075
3.811387643
3.810472473
3.809557573
3.808642952
3.807728619
3.80681458
3.805900846
3.804987425
3.804074325
3.803161556
3.802249127
3.801337047
3.800425326
3.799513972
3.798602995
3.797692404
3.79678221
3.795872421
3.794963047
3.794054097
3.793145581
3.792237507
3.791329886
3.790422727
3.789516038
3.78860983
3.78770411
3.786798889
3.785894176
3.784989979
3.784086307
3.783183169
3.782280575
3.781378532
3.780477051
3.779576139
3.778675805
3.777776058
3.776876908
3.775978362
3.77508043
3.77418312
3.773286443
3.772390406
3.77149502
3.770600294
3.769706237
3.76881286
3.767920172
3.767028182
3.766136903
3.765246344
3.764356515
3.763467428
3.762579095
3.761691526
3.760804733
3.759918728
3.759033523
3.75814913
3.757265563
3.756382833
3.755500953
3.754619937
3.753739797
3.752860545
3.751982196
3.751104761
3.750228254
3.749352688
3.748478075
3.747604429
3.746731762
3.745860087
3.744989417
3.744119765
3.743251145
3.742383569
3.741517052
3.740651607
3.739787247
3.738923989
3.738061845
3.737200831
3.736340962
3.735482254
3.734624721
3.73376838
3.732913247
3.732059337
3.731206667
3.730355254
3.729505114
3.728656264
3.72780872
3.7269625
3.726117621
3.725274101
3.724431956
3.723591206
3.722751869
3.721913962
3.721077506
3.72024252
3.719409023
3.718577034
3.717746576
3.716917667
3.716090329
3.715264583
3.71444045
3.713617951
3.712797108
3.711977942
3.711160474
3.710344727
3.709530721
3.70871848
3.707908024
3.707099376
3.706292558
3.705487593
3.704684505
3.703883316
3.70308405
3.702286733
3.701491389
3.700698044
3.699906725
3.699117458
3.698330272
3.697545195
3.696762257
3.695981486
3.695202915
3.694426573
3.693652494
3.692880707
3.692111248
3.691344148
3.690579441
3.689817162
3.689057345
3.688300023
3.687545234
3.686793011
3.686043391
3.685296411
3.684552106
3.683810515
3.683071675
3.682335624
3.681602402
3.680872047
3.680144601
3.679420104
3.678698598
3.677980127
3.677264732
3.676552461
3.675843357
3.675137467
3.67443484
3.673735523
3.673039568
3.672347025
3.671657946
3.670972385
3.670290396
3.669612036
3.668937363
3.668266433
3.667599308
3.666936047
3.666276714
3.665621371
3.664970083
3.664322915
3.663679935
3.663041211
3.662406813
3.661776811
3.661151278
3.660530289
3.659913917
3.659302242
3.658695342
3.658093299
3.657496195
3.656904116
3.65631715
3.655735387
3.655158919
3.654587841
3.654022252
3.653462251
3.652907942
3.652359431
3.651816826
3.651280239
3.650749785
3.650225582
3.649707751
3.649196417
3.648691706
3.648193751
3.647702685
3.647218647
3.646741779
3.646272226
3.645810138
3.645355668
3.644908973
3.644470212
3.644039551
3.643617158
3.643203203
3.642797863
3.642401317
3.642013751
3.641635352
3.641266317
3.640906848
3.640557155
3.640217458
3.639887989
3.639568994
3.639260734
3.63896349
3.638677563
3.638403278
3.638140984
3.637891057
3.637653899
3.637429937
3.637219626
3.637023442
3.63684189
3.636675507
3.63652498
3.636391329
3.636276999
3.636188438
3.63613607
3.636121441
3.636119962
3.636121322
3.636127671
3.636143356
3.636172349
3.636217958
3.63628277
3.636368849
3.636477901
3.636611428
3.636770842
3.636957531
3.637172906
3.637418415
3.637695557
3.638005879
3.638350966
3.638732437
3.639151939
3.639611151
3.640111797
3.640655666
3.641244641
3.641880742
3.642566167
3.643303342
3.644094969
3.644944079
3.64585408
3.646828805
3.647872561
3.648990179
3.650187072
3.651469314
3.652843719
3.654317957
3.655900692
3.657601771
3.65943246
3.661405753
3.663536765
3.665843253
3.668346297
3.671071222
3.674048847
3.677317234
3.680924178
3.684930825
3.689417046
3.694489506
3.700293865
3.707033007
3.714993281
3.724579285
3.736351427
3.751044458
3.769514346
3.792500209
3.820051259
3.850716742
3.881167354
3.907445558
3.927500937
3.9421063
3.953256076
3.962592983
3.97096763
3.978673075
3.985764215
3.992266088
3.998242407
4.003779144
4.008950459
4.013807107
4.018382842
4.022704041
4.026794724
4.030677041
4.034370356
4.037890962
4.041252609
4.044467178
4.047545125
4.050495696
4.053327087
4.056046633
4.058661004
4.061176345
4.063598362
4.065932344
4.068183158
4.070355244
4.072452612
4.074478872
4.076437274
4.078330772
4.080162093
4.081933789
4.08364828
4.085307873
4.086914762
4.088471021
4.089978593
4.091439293
4.092854804
4.094226696
4.095556436
4.096845404
4.098094904
4.099306178
4.100480406
4.101618714
4.102722179
4.103791827
4.104828638
4.10583355
4.106807458
4.107751215
4.108665632
4.109551484
4.110409509
4.111240411
4.112044863
4.11282351
4.113576964
4.114305808
4.115010597
4.115691851
4.116350067
4.11698572
4.117599271
4.118191176
4.118761894
4.11931189
4.119841639
4.120351617
4.120842295
4.121314131
4.121767556
4.122202968
4.12262073
4.123021163
4.123404555
4.123771167
4.124121241
4.124455008
4.124772698
4.125074542
4.125360778
4.125631652
4.125887414
4.12612832
4.126354633
4.126566622
4.126764564
4.126948753
4.127119501
4.127277142
4.127422034
4.127554545
4.127675044
4.127783772
4.127880819
4.127964909
4.128032673
4.128075483
4.128090456
4.128093594
4.128093448
4.128092376
4.128089122
4.12808198
4.128069099
4.128048778
4.128019621
4.127980553
4.12793077
4.127869687
4.127796913
4.12771223
4.127615584
4.127507078
4.127386972
4.127255669
4.127113701
4.126961696
4.126800324
4.126630238
4.126452007
4.126266067
4.12607269
4.125871983
4.125663908
4.125448321
4.12522502
4.124993792
4.12475445
4.124506864
4.124250976
4.123986794
4.123714387
4.123433873
4.123145394
4.122849112
4.122545194
4.122233802
4.121915092
4.12158921
4.121256285
4.120916432
4.120569747
4.120216313
4.119856193
4.119489441
4.119116099
4.118736204
4.118349789
4.117956888
4.117557539
4.117151782
4.116739667
4.116321249
4.11589659
4.115465756
4.115028818
4.114585847
4.114136915
4.113682091
4.113221446
4.112755043
4.112282946
4.111805213
4.111321897
4.110833047
4.110338706
4.109838912
4.109333702
4.10882311
4.108307168
4.107785911
4.107259374
4.106727597
4.10619062
4.105648486
4.10510124
4.104548929
4.1039916
4.103429303
4.102862087
4.102290001
4.101713092
4.10113141
4.100544999
4.099953905
4.099358168
4.098757828
4.09815292
4.097543477
4.09692953
4.096311107
4.095688236
4.095060945
4.094429261
4.093793215
4.09315284
4.09250817
4.091859243
4.091206096
4.090548771
4.089887305
4.089221737
4.088552103
4.087878437
4.087200769
4.086519128
4.085833539
4.085144027
4.084450618
4.083753336
4.083052209
4.082347263
4.081638527
4.080926031
4.080209802
4.07948987
4.078766261
4.078039
4.077308113
4.076573624
4.075835558
4.07509394
4.074348798
4.07360016
4.072848056
4.072092516
4.071333573
4.070571256
4.069805596
4.069036618
4.068264348
4.06748881
4.066710023
4.065928006
4.065142778
4.064354357
4.063562759
4.062768005
4.061970115
4.061169108
4.060365009
4.059557839
4.058747623
4.057934383
4.057118141
4.056298919
4.055476735
4.054651608
4.053823554
4.052992587
4.052158724
4.051321978
4.050482367
4.049639908
4.048794623
4.047946536
4.047095674
4.046242069
4.045385756
4.04452677
4.04366515
4.042800932
4.04193415
4.041064836
4.040193016
4.039318709
4.03844193
4.037562687
4.036680985
4.035796821
4.034910193
4.034021097
4.033129529
4.03223549
4.03133898
4.030440007
4.029538582
4.02863472
4.02772844
4.026819768
4.025908729
4.024995352
4.024079666
4.023161698
4.022241476
4.021319025
4.020394365
4.019467516
4.018538495
4.017607317
4.016673999
4.015738556
4.014801006
4.013861366
4.012919657
4.0119759
4.011030118
4.010082332
4.009132562
4.008180826
4.00722714
4.006271516
4.005313966
4.004354495
4.00339311
4.002429816
4.001464615
4.000497513
3.999528513
3.998557623
3.997584849
3.996610201
3.995633692
3.994655334
3.993675143
3.992693139
3.99170934
3.990723768
3.989736445
3.988747396
3.987756641
3.986764203
3.985770102
3.984774357
3.983776985
3.982778
3.981777415
3.980775241
3.97977149
3.97876617
3.977759292
3.976750863
3.975740894
3.974729395
3.973716375
3.972701846
3.97168582
3.970668308
3.969649324
3.968628881
3.967606992
3.966583671
3.965558931
3.964532785
3.963505246
3.962476326
3.961446039
3.960414396
3.95938141
3.958347096
3.957311467
3.956274537
3.955236323
3.954196838
3.953156099
3.952114122
3.95107092
3.95002651
3.948980904
3.947934118
3.946886165
3.945837057
3.944786805
3.943735422
3.942682919
3.941629304
3.940574589
3.939518784
3.938461898
3.937403942
3.936344926
3.935284862
3.934223762
3.933161637
3.932098499
3.93103436
3.929969233
3.92890313
3.927836062
3.926768041
3.925699081
3.924629191
3.923558385
3.922486674
3.92141407
3.920340584
3.919266229
3.918191015
3.917114955
3.91603806
3.914960341
3.913881811
3.91280248
3.911722362
3.910641468
3.90955981
3.908477401
3.907394254
3.906310382
3.905225797
3.904140514
3.903054544
3.901967901
3.900880597
3.899792646
3.89870406
3.897614851
3.896525031
3.895434613
3.894343608
3.893252028
3.892159884
3.891067187
3.889973948
3.888880178
3.887785889
3.886691091
3.885595796
3.884500016
3.883403762
3.882307049
3.881209888
3.880112294
3.879014283
3.877915867
3.876817062
3.875717882
3.87461834
3.873518448
3.872418215
3.871317651
3.870216762
3.869115553
3.868014029
3.866912195
3.865810053
3.864707609
3.86360487
3.862501843
3.861398542
3.860294981
3.859191178
3.858087156
3.85698294
3.855878559
3.854774042
3.853669421
3.852564727
3.851459991
3.85035524
3.849250499
3.84814579
3.847041129
3.845936529
3.844831997
3.843727538
3.842623151
3.841518833
3.840414581
3.839310389
3.838206252
3.837102166
3.83599813
3.834894143
3.83379021
3.832686338
3.831582537
3.830478819
3.829375201
3.828271702
3.827168341
3.82606514
3.824962122
3.82385931
3.822756726
3.821654392
3.820552332
3.819450566
3.818349114
3.817247995
3.816147227
3.815046829
3.813946818
3.81284721
3.811748021
3.810649267
3.809550965
3.808453131
3.80735578
3.806258929
3.805162593
3.804066787
3.802971529
3.801876831
3.800782711
3.799689182
3.798596259
3.797503959
3.796412296
3.795321287
3.794230946
3.793141291
3.792052337
3.790964101
3.7898766
3.78878985
3.787703867
3.786618668
3.785534269
3.784450685
3.783367933
3.78228603
3.781204991
3.780124833
3.779045572
3.777967227
3.776889814
3.775813353
3.774737863
3.773663365
3.77258988
3.77151743
3.770446038
3.769375729
3.768306525
3.767238451
3.766171531
3.765105787
3.764041244
3.762977923
3.761915847
3.760855039
3.759795519
3.75873731
3.757680433
3.756624911
3.755570765
3.754518018
3.753466692
3.752416809
3.751368392
3.750321466
3.749276053
3.748232177
3.747189864
3.746149138
3.745110023
3.744072546
3.743036731
3.742002603
3.740970189
3.739939512
3.738910599
3.737883474
3.736858163
3.735834692
3.734813087
3.733793376
3.732775588
3.731759752
3.730745898
3.729734058
3.728724265
3.72771655
3.726710948
3.725707491
3.724706212
3.723707146
3.722710325
3.721715783
3.720723554
3.719733671
3.718746169
3.717761081
3.716778444
3.715798291
3.714820658
3.713845581
3.712873095
3.711903237
3.710936044
3.709971554
3.709009805
3.708050835
3.707094685
3.706141395
3.705191007
3.704243562
3.703299105
3.702357677
3.701419324
3.700484088
3.699552016
3.698623151
3.697697541
3.69677523
3.695856264
3.69494069
3.694028556
3.693119908
3.692214794
3.691313263
3.690415364
3.689521147
3.688630663
3.687743963
3.686861102
3.685982131
3.685107108
3.684236088
3.68336913
3.682506292
3.681647637
3.680793225
3.679943122
3.679097392
3.678256103
3.677419324
3.676587123
3.67575957
3.674936738
3.674118697
3.673305521
3.672497282
3.671694055
3.670895916
3.67010294
3.669315207
3.668532796
3.667755788
3.666984265
3.666218312
3.665458012
3.664703451
3.663954716
3.663211896
3.662475079
3.661744357
3.661019824
3.660301577
3.659589713
3.658884333
3.65818554
3.657493441
3.656808143
3.656129755
3.655458389
3.65479416
3.654137183
3.653487576
3.65284546
3.65221096
3.651584203
3.650965321
3.650354449
3.649751729
3.649157302
3.648571316
3.647993919
3.647425262
3.646865494
3.646314768
3.645773233
3.645241039
3.644718337
3.644205278
3.643702014
3.6432087
3.642725493
3.642252557
3.641790055
3.641338159
3.640897044
3.640466891
3.640047883
3.639640211
3.639244071
3.638859663
3.638487195
3.638126884
3.637778955
3.637443643
3.637121197
3.636811882
3.636515982
3.636233815
3.635965743
3.635712207
3.635473755
3.63525109
3.635045113
3.634856952
3.634687962
3.634539878
3.634415083
3.634317742
3.634255712
3.634229471
3.634225606
3.634225907
3.63422857
3.634236624
3.634253242
3.634281267
3.634323199
3.634381382
3.634458128
3.634555762
3.634676569
3.634822669
3.634995891
3.635197673
3.635429037
3.635690628
3.635982826
3.636305871
3.636659985
3.637045447
3.637462619
3.637911937
3.638393879
3.638908938
3.639457617
3.640040442
3.640657996
3.641310955
3.642000118
3.642726426
3.64349096
3.644294934
3.645139668
3.646026557
3.646957043
3.647932583
3.648954633
3.65002464
3.651144042
3.652314288
3.653536851
3.654813247
3.656145049
3.657533894
3.658981485
3.66048959
3.662060039
3.663694723
3.66539559
3.667164638
3.669003915
3.670915509
3.672901547
3.674964182
3.677105597
3.679327993
3.681633591
3.684024621
3.686503317
3.689071905
3.691732588
3.694487531
3.697338838
3.700288533
3.703338529
3.706490608
3.709746388
3.713107294
3.716574522
3.720149
3.723831354
3.727621864
3.731520425
3.735526507
3.739639122
3.743856787
3.748177493
3.752598685
3.757117243
3.761729472
3.766431105
3.77121731
3.776082714
3.78102143
3.786027091
3.791092896
3.796211657
3.801375857
3.806577715
3.811809256
3.817062387
3.822328982
3.827600968
3.832870422
3.838129677
3.843371426
3.848588817
3.853775544
3.85892589
3.864034747
3.869097581
3.874110374
3.87906954
3.883971844
3.888814337
3.893594332
3.898309406
3.902957436
3.907536651
3.912045669
3.916483509
3.920849571
3.925143577
3.929365494
3.933515467
3.937593759
3.941600733
3.945536845
3.949402664
3.953198876
3.956926275
3.960585735
3.964178177
3.967704542
3.971165776
3.974562835
3.9778967
3.981168387
3.984378945
3.987529447
3.990620979
3.99365462
3.99663144
3.999552495
4.002418832
4.005231508
4.007991589
4.010700155
4.013358286
4.015967032
4.018527383
4.021040235
4.023506379
4.025926501
4.028301213
4.030631099
4.032916764
4.035158877
4.0373582
4.039515598
4.04163204
4.043708564
4.045746226
4.047746044
4.049708942
4.051635716
4.053527023
4.055383396
4.057205276
4.058993065
4.060747154
4.062467955
4.064155908
4.065811496
4.067435253
4.06902777
4.070589685
4.07212165
4.07362429
4.075098157
4.076543707
4.077961318
4.07935133
4.080714089
4.082049971
4.083359387
4.084642764
4.085900526
4.087133085
4.088340834
4.089524148
4.090683374
4.091818828
4.092930799
4.094019573
4.095085447
4.096128746
4.097149808
4.098148967
4.099126535
4.100082801
4.10101804
4.101932521
4.102826497
4.103700197
4.104553816
4.105387532
4.106201524
4.106995985
4.10777112
4.108527137
4.109264239
4.109982624
4.110682486
4.111364004
4.112027315
4.1126725
4.113299585
4.113908556
4.11449938
4.115072004
4.115626356
4.116162341
4.116679861
4.117178824
4.117659144
4.118120714
4.118563384
4.118986951
4.119391178
4.119775803
4.12014053
4.120485004
4.120808795
4.121111392
4.121392205
4.121650542
4.121885588
4.122096401
4.122281947
4.122441172
4.122573032
4.12267646
4.122750256
4.12279294
4.122802601
4.122776816
4.122712739
4.122607455
4.122458542
4.122264516
4.122024713
4.12173854
4.121404298
4.121019261
4.120582826
4.120097215
4.11956533
4.11896821
4.118284111
4.117508486
4.116661352
4.115750533
4.11476351
4.113704374
4.112567658
4.111347037
4.110035744
4.108627427
4.107117205
4.105501557
4.103776971
4.101939043
4.099982786
4.097903456
4.095697273
4.093361722
4.090895355
4.088297211
4.085566115
4.082700253
4.079697348
4.07655532
4.073273046
4.069850732
4.066289606
4.062591238
4.058757025
4.05478817
4.050685987
4.046452337
4.042089905
4.037602294
4.032994001
4.028270386
4.023437678
4.018503036
4.01347451
4.008360835
4.003171172
3.997915044
3.992602493
3.987244295
3.981852023
3.976437912
3.971014717
3.965595746
3.960194921
3.954826633
3.949505514
3.944246441
3.939064681
3.933975827
3.928995602
3.924139781
3.919424283
3.914865143
3.910478435
3.906279965
3.902285018
3.898508462
3.894965082
3.891669766
3.888638907
3.885892151
3.883452623
3.881348248
3.879789397
3.878765069
3.878023955
3.877439235
3.877011729
3.876868755
3.87707568
3.877656604
3.878629211
3.880002479
3.881780032
3.88396346
3.886552966
3.889547886
3.892946962
3.896748344
3.900949516
3.905547201
3.910537258
3.915914608
3.9216732
3.927806021
3.934305138
3.941161755
3.948366273
3.955908316
3.963776762
3.971959779
3.980444885
3.989219029
3.998268676
4.007579873
4.017138296
4.026929281
4.036937869
4.047148867
4.057546907
4.06811651
4.078842102
4.089708036
4.100698599
4.111798064
4.122990737
4.134261021
4.145593444
4.156972682
4.16838357
4.179811144
4.191240686
4.202657763
4.214048244
4.225398287
4.236694327
4.247923088
4.25907161
4.270127285
4.281077876
4.291911517
4.302616718
4.31318236
4.32359771
4.333852413
4.343936472
4.353840219
4.3635543
4.373069688
4.382377738
4.391470219
4.400339294
4.408977447
4.417377416
4.425532191
4.433435061
4.441079648
4.448459898
4.455570044
4.462404608
4.468958424
4.475226634
4.481204626
4.486887929
4.492272152
4.497353056
4.502126725
4.506589667
4.51073873
4.514570948
4.518083521
4.521273877
4.524139678
4.5266788
4.528889385
4.5307699
4.532319002
4.533535679
4.534419137
4.534967641
4.535178602
4.535050519
4.534578706
4.533726275
4.532406156
4.530663954
4.528712285
4.526634461
4.524369794
4.521803627
4.518890805
4.515714205
4.51214305
4.508232454
4.503986226
4.499402753
4.494490097
4.489253773
4.483699392
4.477832536
4.471658418
4.465181953
4.458407825
4.45134055
4.443984555
4.436344215
4.428423861
4.420227783
4.411760257
4.403025607
4.394028279
4.384772891
4.375264239
4.365507262
4.355507015
4.345268682
4.334797625
4.324099432
4.313179899
4.302044969
4.290700656
4.279153033
4.267408282
4.255472767
4.243353044
4.231055784
4.218587671
4.205955363
4.193165555
4.180225094
4.167141028
4.153920542
4.140570838
4.127099082
4.113512464
4.099818315
4.086024149
4.072137565
4.058166126
4.044117321
4.029998666
4.015817811
4.001582553
3.987300708
3.97298001
3.958628144
3.944252863
3.92986206
3.915463684
3.901065615
3.886675639
3.872301534
3.85795116
3.843632425
3.829353181
3.815121202
3.800944249
3.786830128
3.772786624
3.75882141
3.744942051
3.731156102
3.717471167
3.703894824
3.690434515
3.677097542
3.663891149
3.650822569
3.637898993
3.625127515
3.612515129
3.600068717
3.587795038
3.575700748
3.563792442
3.552076659
3.540559799
3.529248068
3.518147524
3.50726415
3.496603832
3.48617231
3.475975176
3.466017877
3.456305695
3.446843753
3.437637042
3.428690415
3.420008532
3.411595888
3.403456878
3.395595742
3.388016491
3.380723026
3.373719239
3.36700879
3.360595008
3.354481304
3.348671312
3.343168103
3.337974246
3.333092979
3.328527917
3.32428124
3.320355911
3.31675673
3.313488409
3.310531596
3.30798521
3.30583626
3.30410253
3.302715962
3.301470157
3.300379216
3.299543344
3.299012276
3.298799662
3.298912725
3.299352891
3.300118306
3.301206385
3.302614254
3.304338949
3.306377533
3.308727074
3.311384592
3.314347025
3.317611189
3.321173757
3.32503124
3.329179984
3.33361616
3.338335772
3.343334655
3.348608487
3.354152787
3.359962924
3.36603412
3.372361451
3.378939847
3.385764094
3.392828837
3.400128585
3.407657709
3.415410455
3.423380945
3.431563183
3.439951058
3.448538349
3.457318729
3.466285773
3.475432961
3.48475369
3.494241279
3.50388897
3.513689938
3.523637291
3.533724074
3.543943274
3.554287826
3.564750618
3.575324496
3.586002271
3.596776719
3.607640593
3.618586628
3.629607542
3.640696045
3.65184484
3.663046626
3.6742941
3.685579968
3.69689695
3.708237786
3.719595248
3.730962136
3.742331282
3.753695552
3.765047849
3.776381122
3.787688377
3.798962685
3.810197187
3.821385099
3.832519704
3.843594353
3.854602466
3.865537532
3.876393117
3.887162868
3.89784052
3.908419892
3.918894897
3.929259532
3.939507889
3.949634154
3.959632613
3.969497658
3.979223788
3.988805613
3.998237855
4.00751535
4.016633043
4.025585992
4.034369369
4.042978455
4.051408646
4.059655453
4.067714504
4.075581543
4.083252438
4.090723176
4.097989867
4.105048743
4.111896159
4.118528589
4.124942629
4.131134998
4.137102534
4.1428422
4.148351077
4.153626371
4.158665413
4.163465667
4.168024733
4.172340341
4.176410347
4.180232739
4.183805644
4.18712734
4.190196238
4.193010852
4.195569805
4.197871877
4.199916011
4.201701291
4.203226921
4.204492161
4.205496447
4.206239209
4.206719897
4.206937912
4.206892935
4.206583733
4.206006396
4.205123955
4.203848769
4.202217601
4.200412809
4.198508135
4.196459364
4.194200161
4.191642932
4.188912903
4.185892981
4.18260368
4.179066636
4.175273919
4.171228183
4.166932279
4.162388097
4.157598016
4.152564558
4.147290351
4.141778167
4.136030903
4.13005157
4.123843274
4.117409223
4.11075272
4.10387716
4.096786015
4.089482818
4.081971135
4.074254564
4.066336738
4.058221335
4.049912102
4.041412859
4.032727499
4.023859976
4.0148143
4.005594535
3.996204809
3.986649328
3.976932388
3.967058372
3.957031746
3.946857048
3.936538886
3.926081939
3.915490965
3.904770801
3.893926361
3.88296263
3.871884649
3.860697507
3.84940634
3.83801633
3.826532713
3.814960778
3.803305873
3.791573392
3.779768776
3.76789751
3.755965123
3.743977201
3.731939374
3.719857308
3.707736687
3.695583204
3.683402583
3.671200593
3.658983014
3.64675545
3.634523045
3.622290342
3.610061807
3.597843293
3.585644179
3.573478329
3.561361056
3.549301418
3.537298665
3.525348125
3.513448332
3.501602871
3.489818897
3.478106013
3.466473592
3.454930196
3.44347157
3.432098514
3.420816115
3.409670734
3.398655493
3.387752719
3.376968336
3.366310443
3.355788146
3.345408531
3.335176797
3.325098417
3.315180343
3.305430516
3.295856816
3.286466331
3.277265072
3.268258149
3.259450132
3.250845346
3.24244793
3.234261714
3.226290156
3.218536544
3.211004431
3.203698007
3.196622134
3.189782066
3.183183094
3.176830281
3.170728363
3.164881718
3.159294391
3.153970171
3.14891272
3.144125677
3.139612701
3.135377482
3.13142369
3.127754866
3.12437434
3.121285303
3.118490939
3.115994434
3.113798796
3.111906862
3.110321548
3.10904564
3.108081657
3.107431844
3.107098732
3.107086107
3.107421188
3.108158317
3.109238848
3.110499959
3.111905183
3.113526122
3.115480932
3.117739554
3.120319675
3.123262456
3.126534154
3.130133671
3.134057508
3.138299142
3.142855518
3.147723974
3.1529023
3.158388669
3.164181334
3.170278508
3.176678298
3.183378656
3.190377363
3.197672023
3.205260054
3.213138696
3.221305008
3.229755876
3.238488016
3.24749798
3.256782155
3.266336768
3.276157884
3.286241413
3.296583104
3.307178559
3.318023229
3.329112426
3.340441325
3.352004973
3.363798289
3.375816073
3.388053002
3.400503634
3.413162404
3.426023627
3.439081495
3.452330078
3.46576333
3.479375091
3.49315909
3.50710895
3.521218186
3.535480205
3.549888305
3.564435684
3.579115444
3.593920611
3.608844143
3.623878939
3.639017841
3.654253626
3.669579006
3.684986628
3.700469081
3.716018906
3.731628592
3.747290572
3.762997209
3.77874079
3.79451352
3.810307536
3.826114931
3.841927789
3.85773822
3.87353839
3.889320542
3.905076996
3.920800131
3.936482345
3.952116001
3.967693378
3.983206636
3.998647804
4.014008799
4.029281476
4.044457694
4.059529401
4.074488713
4.089327966
4.104039746
4.118616886
4.133052421
4.147339496
4.161471231
4.175440592
4.189240334
4.202863024
4.216301144
4.229547231
4.242594028
4.255434613
4.268062436
4.28047122
4.292654794
4.304606962
4.316321479
4.327792095
4.339012627
4.34997705
4.360679581
4.371114673
4.3812769
4.391160979
4.400761921
4.410074868
4.41909489
4.427817367
4.43623773
4.444350896
4.452151905
4.459633511
4.46679189
4.473631184
4.480106108
4.48621572
4.492030014
4.497442976
4.502450351
4.507001692
4.511134455
4.515028334
4.518766674
4.522267312
4.525432818
4.528223396
4.530629165
4.532650025
4.53429134
4.535559693
4.536460436
4.536997165
4.53717188
4.536985391
4.536437763
4.53552868
4.534257727
4.532624616
4.53062938
4.528272502
4.525554966
4.522478189
4.519043885
4.515253909
4.511110147
4.506614525
4.501769085
4.496576123
4.491038307
4.485158784
4.478941201
4.472389672
4.465508658
4.458302853
4.450777084
4.442936302
4.434785593
4.426330191
4.41757542
4.408526621
4.399189119
4.389568265
4.379669557
4.369498779
4.359062122
4.348366246
4.337418267
4.326225676
4.314796166
4.303137453
4.291257165
4.279162808
4.266861837
4.254361815
4.241670582
4.228796391
4.215747934
4.202534257
4.189164582
4.17564813
4.161994045
4.148211426
4.134309453
4.120297487
4.106185129
4.091982218
4.077698789
4.063345
4.048931082
4.034467306
4.019963987
4.005431492
3.990880231
3.976320652
3.961763254
3.947218624
3.932697456
3.918210531
3.903768677
3.889382719
3.875063458
3.860821686
3.846668214
3.832613893
3.818669578
3.804846045
3.791153898
3.777603548
3.76420531
3.750969545
3.737906736
3.725027468
3.712342345
3.699861895
3.687596469
3.675556165
3.663750776
3.652189815
3.64088262
3.629838463
3.619066568
3.608576011
3.598375602
3.588473901
3.578879393
3.569600601
3.560645966
3.552023598
3.543741177
3.535806013
3.528225116
3.521005216
3.514152837
3.507674337
3.501575804
3.495862869
3.490540636
3.485613771
3.481086639
3.476963465
3.473248553
3.469945987
3.467060007
3.464596186
3.46256169
3.460974019
3.459917041
3.459573561
3.459773624
3.460162673
3.460767281
3.461579476
3.462828354
3.464495405
3.46659455
3.469139021
3.472125665
3.475552388
3.479416113
3.48371299
3.488439142
3.493590401
3.499162054
3.505148597
3.511543542
3.518339481
3.525528613
3.533103749
3.541059153
3.549390334
3.558092915
3.567161467
3.576589135
3.586367682
3.596487908
3.606941491
3.617723519
3.628827596
3.640243248
3.651952532
3.663953093
3.676241282
3.688799457
3.701624274
3.714710685
3.728042167
3.741612454
3.75540636
3.769405527
3.783594969
3.797966892
3.812517892
3.827240942
3.84212346
3.85715151
3.872313292
3.887599333
3.903000494
3.91850647
3.93410587
3.949786985
3.965538251
3.981348223
3.997205403
4.01309823
4.029015229
4.044945163
4.060877062
4.076800117
4.092703536
4.108576436
4.124407828
4.140186695
4.155902135
4.171543506
4.187100504
4.202563135
4.21792161
4.2331662
4.24828715
4.26327467
4.278119006
4.292810521
4.307339762
4.321697471
4.335874565
4.349862131
4.363651435
4.377233941
4.390601321
4.403745443
4.416658363
4.429332338
4.441759859
4.453933637
4.46584656
4.477491641
4.488861999
4.499950906
4.510751845
4.52125853
4.531464887
4.541365023
4.550953204
4.560223872
4.569171664
4.577791444
4.586078301
4.594027512
4.601634498
4.608894828
4.615804312
4.622359101
4.628555627
4.634390387
4.639859814
4.644960417
4.649689013
4.654042713
4.658018642
4.661613737
4.66482503
4.667650216
4.670087625
4.672135531
4.673791992
4.675055234
4.675923605
4.676395183
4.676462833
4.676085372
4.675169378
4.673775836
4.672148302
4.670373815
4.668364113
4.665950276
4.663250949
4.660102076
4.656530522
4.652557809
4.648179017
4.643403173
4.638238992
4.632693728
4.626774426
4.620487377
4.613838166
4.60683184
4.599473041
4.591766148
4.583715445
4.575325247
4.566599973
4.557544149
4.548162352
4.538459184
4.528439327
4.518107658
4.507469401
4.496530182
4.485295992
4.473773062
4.461967728
4.44988633
4.437535165
4.424920473
4.412048469
4.398925429
4.385557823
4.371952453
4.358116545
4.344057751
4.329784034
4.315303497
4.300624235
4.285754269
4.270701581
4.255474216
4.24008034
4.224528242
4.208826271
4.192982794
4.177006232
4.160905152
4.144688338
4.128364778
4.111943583
4.095433915
4.078844988
4.062186084
4.045466553
4.028695804
4.011883321
3.995038727
3.978171809
3.961292437
3.944410387
3.92753521
3.910676221
3.893842673
3.877043973
3.860289807
3.843590129
3.826955039
3.810394616
3.793918816
3.777537445
3.761260207
3.745096784
3.729056886
3.713150256
3.697386592
3.681775417
3.666325987
3.651047329
3.635948424
3.621038369
3.606326384
3.59182165
3.577533107
3.563469428
3.549639133
3.536050735
3.522712723
3.509633364
3.496820523
3.484281704
3.472024334
3.460056014
3.448384474
3.437017145
3.425960755
3.415221355
3.404804925
3.394717898
3.384966977
3.375558317
3.366497063
3.357787927
3.349436153
3.341447583
3.333827703
3.326580928
3.319710806
3.313221585
3.30711901
3.30140863
3.29609503
3.291180797
3.286671403
3.282576294
3.27888617
3.275638336
3.272987585
3.270761395
3.269076675
3.267616996
3.26631665
3.265307117
3.26467027
3.264429105
3.264594429
3.265169903
3.266153547
3.267541955
3.269331256
3.271517341
3.274096053
3.277063142
3.280414176
3.284144477
3.288249073
3.292722693
3.297559787
3.30275457
3.308301075
3.314193182
3.320424635
3.326989
3.333879602
3.341089461
3.348611244
3.356437262
3.364559538
3.372969919
3.381660214
3.390622308
3.399848219
3.409330109
3.419060195
3.429030623
3.439233336
3.449659985
3.460301897
3.471150092
3.48219535
3.493428305
3.504839531
3.516419606
3.528159147
3.54004883
3.552079406
3.564241704
3.576526651
3.588925261
3.601428614
3.614027824
3.626713986
3.63947814
3.652311246
3.665204207
3.678147911
3.691133296
3.704151402
3.717193392
3.730250528
3.743314114
3.756375437
3.769425733
3.78245619
3.795458023
3.808422571
3.821341399
3.834206353
3.847009577
3.859743454
3.872400512
3.884973343
3.897454537
3.909836673
3.922112346
3.934274238
3.946315192
3.958228292
3.97000691
3.981644719
3.99313565
4.00447382
4.015653432
4.026668688
4.037513736
4.048182674
4.058669608
4.068968748
4.07907453
4.088981707
4.098685394
4.108181034
4.117464316
4.126531069
4.135377184
4.143998583
4.152391258
4.160551339
4.16847516
4.176159276
4.183600425
4.190795447
4.197741219
4.20443465
4.210872748
4.21705273
4.222972098
4.228628642
4.234020345
4.239145283
4.244001568
4.248587367
4.252900971
4.256940861
4.260705697
4.264194267
4.267405391
4.270337888
4.272990607
4.27536251
4.277452755
4.279260701
4.280785841
4.282027713
4.282985783
4.283659518
4.284048405
4.284152065
4.283970367
4.283502843
4.282750243
4.281711962
4.280364527
4.278616989
4.276428603
4.273988017
4.271435049
4.268753174
4.265868905
4.262703155
4.25926336
4.255606032
4.251623485
4.24736978
4.242845651
4.238046665
4.232978012
4.227642246
4.222042337
4.216181624
4.210063643
4.203692207
4.197071381
4.190205295
4.183097852
4.175752501
4.168172227
4.160359843
4.152318515
4.144052211
4.135565684
4.1268639
4.117951193
4.108830714
4.099504541
4.089974507
4.080243245
4.070314763
4.06019425
4.049887195
4.039398534
4.028732356
4.017892228
4.006881763
3.995705005
3.98436639
3.972870448
3.961221562
3.949423974
3.937481985
3.925400179
3.913183528
3.900837352
3.8883672
3.875778707
3.863077449
3.850268795
3.837357851
3.82434955
3.811248929
3.798061383
3.784792639
3.771448366
3.758033745
3.744553441
3.731012085
3.717414879
3.703767928
3.690078093
3.67635297
3.662599702
3.648822379
3.635027946
3.62122062
3.607401715
3.593647052
3.579937748
3.566226495
3.55252754
3.538848271
3.525185759
3.51154939
3.497951903
3.484404769
3.470917806
3.457492042
3.444142191
3.430870166
3.417679569
3.404585176
3.391600435
3.378736217
3.36600011
3.353396854
3.340929876
3.328603008
3.316421294
3.304390714
3.292517498
3.28080771
3.269267301
3.257902533
3.246720523
3.235729647
3.224939351
3.214359031
3.203996425
3.193856271
3.183940735
3.174252105
3.164795835
3.15558109
3.146618124
3.137914862
3.129475846
3.121304045
3.113403772
3.105781502
3.098444396
3.091398404
3.08464794
3.078196969
3.072049994
3.066211961
3.060687615
3.055481185
3.050596685
3.046038356
3.041810698
3.037917935
3.034363554
3.031150334
3.028280631
3.025756203
3.023578135
3.021746533
3.020262512
3.019127685
3.018344767
3.017930325
3.017970024
3.018550609
3.01948565
3.020587277
3.02190316
3.023578302
3.025539108
3.027967952
3.030814057
3.034066277
3.037725295
3.041774405
3.046198691
3.050983958
3.056118187
3.061593691
3.067408337
3.073560909
3.080051116
3.086891876
3.094087312
3.101628745
3.109348004
3.116718069
3.12355562
3.126176312
3.11522025
3.066993017
2.908360173
2.477561639
1.659271491
0.9784685002
0.8507460321
0.8465506409
0.8472168097
0.8480064535
0.8488230326
0.8496446711
0.8504718584
0.8513049061
0.852143767
0.8529884027
0.8538387808
0.8546948683
0.8555566316
0.8564240371
0.857297051
0.8581756391
0.8590597672
0.8599494006
0.8608445046
0.8617450443
0.8626509846
0.8635622899
0.8644789247
0.8654008532
0.8663280394
0.8672604471
0.8681980399
0.8691407811
0.8700886338
0.8710415612
0.8719995259
0.8729624906
0.8739304176
0.8749032691
0.8758810071
0.8768635935
0.8778509898
0.8788431575
0.8798400577
0.8808416517
0.8818479002
0.882858764
0.8838742035
0.8848941791
0.885918651
0.8869475791
0.8879809233
0.8890186431
0.8900606981
0.8911070475
0.8921576505
0.893212466
0.8942714528
0.8953345696
0.8964017749
0.8974730269
0.8985482837
0.8996275035
0.9007106441
0.901797663
0.9028885179
0.9039831662
0.9050815651
0.9061836717
0.9072894429
0.9083988356
0.9095118064
0.9106283118
0.9117483083
0.9128717521
0.9139985992
0.9151288057
0.9162623275
0.9173991201
0.9185391394
0.9196823406
0.9208286793
0.9219781104
0.9231305893
0.9242860708
0.9254445099
0.9266058612
0.9277700795
0.9289371192
0.9301069347
0.9312794803
0.9324547104
0.9336325788
0.9348130397
0.9359960469
0.9371815542
0.9383695153
0.9395598839
0.9407526133
0.941947657
0.9431449683
0.9443445005
0.9455462067
0.9467500399
0.9479559532
0.9491638994
0.9503738314
0.9515857018
0.9527994634
0.9540150687
0.9552324702
0.9564516205
0.9576724718
0.9588949764
0.9601190867
0.9613447549
0.9625719329
0.9638005729
0.965030627
0.9662620469
0.9674947848
0.9687287923
0.9699640213
0.9712004236
0.9724379508
0.9736765546
0.9749161866
0.9761567985
0.9773983416
0.9786407676
0.979884028
0.981128074
0.9823728572
0.9836183289
0.9848644405
0.9861111433
0.9873583886
0.9886061277
0.9898543118
0.9911028922
0.99235182
0.9936010467
0.9948505232
0.9961002008
0.9973500308
0.9985999642
0.9998499523
1.001099946
1.002349897
1.003599756
1.004849475
1.006099004
1.007348294
1.008597298
1.009845966
1.011094249
1.012342098
1.013589466
1.014836303
1.01608256
1.017328189
1.018573141
1.019817367
1.021060819
1.022303449
1.023545207
1.024786046
1.026025916
1.02726477
1.028502558
1.029739233
1.030974747
1.03220905
1.033442095
1.034673834
1.035904219
1.037133201
1.038360732
1.039586765
1.040811251
1.042034143
1.043255394
1.044474954
1.045692777
1.046908816
1.048123022
1.049335348
1.050545747
1.051754171
1.052960574
1.054164908
1.055367126
1.056567181
1.057765027
1.058960616
1.060153902
1.061344839
1.062533379
1.063719476
1.064903084
1.066084157
1.067262648
1.068438512
1.069611703
1.070782174
1.07194988
1.073114776
1.074276816
1.075435954
1.076592145
1.077745345
1.078895508
1.080042589
1.081186543
1.082327325
1.083464892
1.084599199
1.085730201
1.086857854
1.087982114
1.089102937
1.090220279
1.091334098
1.092444348
1.093550988
1.094653973
1.095753261
1.096848808
1.097940572
1.099028511
1.100112581
1.10119274
1.102268947
1.103341158
1.104409333
1.10547343
1.106533406
1.107589221
1.108640833
1.109688201
1.110731285
1.111770043
1.112804435
1.113834421
1.11485996
1.115881012
1.116897538
1.117909498
1.118916851
1.11991956
1.120917584
1.121910884
1.122899423
1.123883161
1.124862059
1.125836081
1.126805186
1.127769339
1.1287285
1.129682633
1.1306317
1.131575665
1.13251449
1.133448138
1.134376574
1.13529976
1.136217662
1.137130242
1.138037466
1.138939298
1.139835702
1.140726644
1.141612089
1.142492003
1.14336635
1.144235097
1.14509821
1.145955655
1.146807399
1.147653408
1.148493649
1.14932809
1.150156698
1.15097944
1.151796284
1.1526072
1.153412154
1.154211115
1.155004053
1.155790935
1.156571733
1.157346414
1.158114949
1.158877307
1.15963346
1.160383377
1.161127029
1.161864387
1.162595422
1.163320106
1.164038411
1.164750308
1.165455769
1.166154767
1.166847275
1.167533266
1.168212712
1.168885588
1.169551867
1.170211523
1.17086453
1.171510862
1.172150496
1.172783405
1.173409564
1.17402895
1.174641539
1.175247305
1.175846226
1.176438279
1.177023439
1.177601685
1.178172993
1.178737342
1.17929471
1.179845073
1.180388412
1.180924705
1.181453931
1.181976069
1.182491099
1.182999001
1.183499754
1.183993341
1.18447974
1.184958934
1.185430904
1.185895632
1.1863531
1.18680329
1.187246184
1.187681765
1.188110016
1.188530918
1.188944455
1.189350609
1.189749365
1.190140704
1.190524613
1.190901078
1.191270085
1.191631624
1.191985686
1.192332262
1.192671348
1.193002934
1.193327013
1.193643574
1.193952602
1.194254075
1.194547964
1.194834234
1.195112843
1.195383743
1.195646887
1.195902231
1.196149741
1.196389404
1.19662123
1.196845263
1.197061584
1.197270316
1.197471615
1.197665669
1.197852684
1.19803286
1.198206373
1.198373342
1.198533799
1.198687658
1.198834689
1.1989745
1.199106531
1.199230067
1.199344279
1.199448284
1.199541233
1.199622417
1.199691379
1.199748024
1.199792692
1.199826201
1.19984982
1.199865186
1.199874159
1.199878634
1.199880343
1.199880681
1.199880564
1.199879938
1.199877802
1.199872704
1.19986289
1.199846474
1.199821633
1.199786776
1.199740689
1.199682609
1.199612241
1.19952972
1.199435527
1.199330382
1.199215133
1.199090653
1.198957756
1.198817136
1.198669332
1.198514719
1.198353512
1.198185784
1.198011494
1.197830521
1.197642687
1.197447792
1.197245636
1.197036035
1.196818836
1.196593922
1.196361217
1.196120679
1.1958723
1.195616097
1.195352102
1.195080359
1.194800916
1.194513819
1.194219108
1.193916818
1.193606977
1.193289605
1.192964718
1.192632325
1.192292435
1.191945054
1.19159019
1.191227851
1.190858045
1.190480784
1.19009608
1.189703948
1.189304402
1.188897459
1.188483136
1.18806145
1.187632417
1.187196056
1.186752384
1.186301418
1.185843177
1.185377677
1.184904937
1.184424976
1.183937811
1.183443461
1.182941947
1.182433286
1.1819175
1.181394607
1.18086463
1.180327587
1.179783501
1.179232392
1.178674283
1.178109194
1.177537148
1.176958167
1.176372274
1.175779491
1.175179843
1.174573352
1.173960041
1.173339936
1.172713059
1.172079436
1.171439091
1.17079205
1.170138337
1.169477978
1.168810999
1.168137426
1.167457285
1.166770603
1.166077406
1.165377722
1.164671578
1.163959002
1.163240021
1.162514663
1.161782958
1.161044932
1.160300616
1.159550038
1.158793228
1.158030215
1.157261029
1.1564857
1.155704258
1.154916734
1.154123158
1.153323562
1.152517977
1.151706434
1.150888965
1.150065602
1.149236377
1.148401322
1.147560471
1.146713855
1.145861508
1.145003463
1.144139755
1.143270415
1.14239548
1.141514981
1.140628955
1.139737436
1.138840458
1.137938056
1.137030266
1.136117124
1.135198664
1.134274923
1.133345937
1.132411742
1.131472374
1.130527871
1.129578269
1.128623605
1.127663917
1.126699242
1.125729618
1.124755082
1.123775673
1.122791429
1.121802388
1.120808589
1.119810071
1.118806873
1.117799034
1.116786594
1.115769591
1.114748066
1.113722059
1.112691609
1.111656757
1.110617544
1.109574009
1.108526194
1.10747414
1.106417887
1.105357477
1.104292952
1.103224353
1.102151721
1.101075099
1.099994529
1.098910052
1.097821712
1.09672955
1.09563361
1.094533934
1.093430566
1.092323547
1.091212922
1.090098734
1.088981026
1.087859843
1.086735227
1.085607223
1.084475875
1.083341227
1.082203324
1.081062209
1.079917927
1.078770524
1.077620044
1.076466531
1.075310032
1.07415059
1.072988252
1.071823063
1.070655068
1.069484313
1.068310843
1.067134705
1.065955945
1.064774607
1.06359074
1.062404388
1.061215599
1.060024418
1.058830893
1.057635069
1.056436994
1.055236714
1.054034276
1.052829728
1.051623115
1.050414486
1.049203888
1.047991367
1.046776972
1.045560749
1.044342747
1.043123012
1.041901592
1.040678536
1.039453891
1.038227704
1.037000024
1.035770898
1.034540375
1.033308502
1.032075329
1.030840902
1.02960527
1.028368482
1.027130586
1.025891629
1.024651661
1.02341073
1.022168885
1.020926173
1.019682644
1.018438346
1.017193327
1.015947636
1.014701323
1.013454435
1.012207021
1.010959131
1.009710812
1.008462114
1.007213085
1.005963774
1.00471423
1.003464501
1.002214638
1.000964687
0.9997146988
0.9984647216
0.9972148041
0.9959649953
0.994715344
0.993465899
0.992216709
0.9909678229
0.9897192896
0.9884711576
0.9872234758
0.985976293
0.9847296578
0.983483619
0.9822382252
0.9809935251
0.9797495672
0.9785064002
0.9772640727
0.9760226331
0.97478213
0.9735426118
0.9723041269
0.9710667238
0.9698304507
0.9685953559
0.9673614878
0.9661288944
0.9648976239
0.9636677245
0.9624392441
0.9612122308
0.9599867325
0.958762797
0.9575404722
0.9563198059
0.9551008456
0.953883639
0.9526682336
0.951454677
0.9502430166
0.9490332996
0.9478255733
0.9466198849
0.9454162816
0.9442148102
0.9430155177
0.9418184511
0.940623657
0.9394311821
0.938241073
0.9370533762
0.9358681381
0.9346854049
0.933505223
0.9323276383
0.9311526969
0.9299804446
0.9288109274
0.9276441907
0.9264802803
0.9253192416
0.9241611199
0.9230059605
0.9218538085
0.920704709
0.9195587067
0.9184158464
0.9172761729
0.9161397305
0.9150065638
0.913876717
0.9127502341
0.9116271593
0.9105075363
0.909391409
0.9082788209
0.9071698154
0.906064436
0.9049627257
0.9038647276
0.9027704846
0.9016800394
0.9005934347
0.8995107128
0.8984319161
0.8973570868
0.8962862667
0.8952194977
0.8941568216
0.8930982797
0.8920439135
0.8909937641
0.8899478726
0.8889062798
0.8878690264
0.8868361529
0.8858076996
0.8847837068
0.8837642145
0.8827492623
0.8817388901
0.8807331373
0.8797320431
0.8787356466
0.8777439869
0.8767571025
0.8757750321
0.8747978141
0.8738254865
0.8728580874
0.8718956546
0.8709382256
0.8699858379
0.8690385286
0.8680963348
0.8671592933
0.8662274406
0.8653008132
0.8643794473
0.8634633788
0.8625526435
0.861647277
0.8607473147
0.8598527917
0.858963743
0.8580802033
0.8572022071
0.8563297886
0.8554629821
0.8546018212
0.8537463398
0.8528965711
0.8520525484
0.8512143046
0.8503818725
0.8495552846
0.8487345732
0.8479197703
0.8471109078
0.8463080173
0.84551113
0.8447202772
0.8439354898
0.8431567983
0.8423842332
0.8416178247
0.8408576027
0.8401035969
0.8393558367
0.8386143514
0.83787917
0.837150321
0.836427833
0.8357117343
0.8350020527
0.834298816
0.8336020516
0.8329117869
0.8322280486
0.8315508636
0.8308802582
0.8302162587
0.829558891
0.8289081808
0.8282641534
0.827626834
0.8269962475
0.8263724186
0.8257553715
0.8251451304
0.824541719
0.823945161
0.8233554796
0.8227726979
0.8221968386
0.8216279241
0.8210659768
0.8205110186
0.8199630711
0.8194221558
0.8188882938
0.8183615058
0.8178418124
0.8173292338
0.8168237899
0.8163255001
0.8158343838
0.81535046
0.8148737474
0.8144042646
0.8139420301
0.8134870621
0.813039379
0.812598999
0.8121659401
0.8117402201
0.8113218565
0.8109108663
0.8105072654
0.8101110688
0.80972229
0.8093409412
0.808967033
0.8086005744
0.8082415737
0.8078900386
0.8075459778
0.8072094016
0.8068803235
0.8065587616
0.8062447396
0.8059382877
0.8056394424
0.8053482459
0.8050647437
0.8047889816
0.8045210008
0.8042608327
0.8040084924
0.8037639722
0.8035272358
0.8032982138
0.8030768021
0.8028628625
0.8026562282
0.8024567135
0.8022641277
0.8020782947
0.801899075
0.8017263917
0.8015602566
0.8014007953
0.8012482679
0.8011030809
0.800965788
0.8008370745
0.8007177227
0.8006085569
0.8005103693
0.8004238307
0.8003493948
0.8002872073
0.8002370342
0.8001982225
0.8001697054
0.8001500579
0.8001376012
0.8001305458
0.8001271561
0.8001259133
0.8001256531
0.800125835
0.8001268292
0.8001297133
0.8001359391
0.8001472046
0.8001652951
0.8001919181
0.800228555
0.8002763486
0.8003360369
0.8004079386
0.8004919832
0.8005877768
0.8006946898
0.8008119519
0.8009387434
0.801074272
0.8012178321
0.8013688432
0.8015268691
0.8016916206
0.8018629454
0.8020408092
0.8022252712
0.8024164587
0.8026145405
0.8028197044
0.8030321371
0.8032520092
0.8034794645
0.8037146139
0.8039575337
0.8042082667
0.8044668261
0.8047332015
0.8050073647
0.8052892762
0.8055788912
0.8058761641
0.806181052
0.8064935173
0.8068135285
0.8071410606
0.8074760945
0.8078186157
0.8081686133
0.8085260784
0.8088910031
0.8092633792
0.8096431977
0.8100304485
0.8104251198
0.8108271982
0.811236669
0.8116535165
0.8120777239
0.8125092738
0.8129481486
0.8133943302
0.8138478004
0.8143085409
0.8147765335
0.8152517597
0.815734201
0.8162238386
0.8167206537
0.8172246269
0.8177357389
0.8182539697
0.8187792992
0.8193117071
0.8198511726
0.8203976747
0.8209511919
0.8215117027
0.8220791851
0.8226536171
0.8232349761
0.8238232394
0.8244183842
0.8250203871
0.8256292247
0.8262448731
0.8268673084
0.8274965062
0.8281324421
0.828775091
0.8294244281
0.8300804279
0.8307430648
0.8314123128
0.832088146
0.8327705379
0.8334594618
0.8341548909
0.8348567979
0.8355651555
0.836279936
0.8370011115
0.8377286538
0.8384625345
0.839202725
0.8399491963
0.8407019192
0.8414608645
0.8422260024
0.8429973031
0.8437747364
0.8445582719
0.8453478791
0.8461435272
0.846945185
0.8477528212
0.8485664043
0.8493859025
0.8502112839
0.8510425161
0.8518795666
0.8527224029
0.853570992
0.8544253007
0.8552852957
0.8561509433
0.8570222098
0.8578990611
0.858781463
0.8596693811
0.8605627805
0.8614616265
0.8623658839
0.8632755174
0.8641904915
0.8651107704
0.8660363182
0.8669670988
0.8679030757
0.8688442124
0.8697904722
0.8707418181
0.8716982129
0.8726596193
0.8736259997
0.8745973164
0.8755735314
0.8765546066
0.8775405037
0.8785311841
0.8795266093
0.8805267402
0.8815315378
0.8825409629
0.883554976
0.8845735376
0.8855966078
0.8866241467
0.8876561142
0.8886924698
0.8897331733
0.8907781838
0.8918274606
0.8928809627
0.893938649
0.8950004781
0.8960664085
0.8971363987
0.8982104068
0.8992883908
0.9003703087
0.9014561182
0.9025457769
0.9036392422
0.9047364714
0.9058374217
0.90694205
0.9080503132
0.9091621679
0.9102775709
0.9113964785
0.9125188469
0.9136446324
0.914773791
0.9159062786
0.9170420509
0.9181810635
0.9193232721
0.9204686319
0.9216170982
0.9227686261
0.9239231708
0.925080687
0.9262411296
0.9274044532
0.9285706124
0.9297395616
0.9309112553
0.9320856475
0.9332626924
0.9344423442
0.9356245566
0.9368092835
0.9379964786
0.9391860955
0.9403780879
0.941572409
0.9427690123
0.9439678511
0.9451688784
0.9463720474
0.9475773111
0.9487846224
0.9499939341
0.951205199
0.9524183698
0.9536333991
0.9548502395
0.9560688433
0.9572891631
0.9585111511
0.9597347595
0.9609599407
0.9621866468
0.9634148297
0.9646444416
0.9658754345
0.9671077602
0.9683413705
0.9695762174
0.9708122526
0.9720494277
0.9732876945
0.9745270047
0.9757673097
0.9770085611
0.9782507105
0.9794937093
0.9807375091
0.9819820611
0.9832273167
0.9844732274
0.9857197445
0.9869668193
0.988214403
0.9894624469
0.9907109024
0.9919597205
0.9932088525
0.9944582497
0.9957078633
0.9969576443
0.9982075441
0.9994575137
1.000707504
1.001957467
1.003207354
1.004457114
1.005706701
1.006956065
1.008205156
1.009453927
1.010702329
1.011950312
1.013197829
1.01444483
1.015691266
1.016937089
1.018182251
1.019426702
1.020670394
1.021913279
1.023155308
1.024396431
1.025636602
1.026875771
1.028113891
1.029350912
1.030586786
1.031821465
1.033054901
1.034287046
1.035517852
1.036747269
1.037975252
1.03920175
1.040426718
1.041650106
1.042871867
1.044091953
1.045310316
1.04652691
1.047741686
1.048954597
1.050165596
1.051374634
1.052581666
1.053786644
1.054989521
1.056190249
1.057388783
1.058585074
1.059779077
1.060970745
1.062160031
1.063346889
1.064531272
1.065713134
1.066892429
1.068069111
1.069243134
1.070414453
1.07158302
1.072748791
1.07391172
1.075071762
1.076228872
1.077383003
1.078534112
1.079682153
1.080827081
1.081968852
1.08310742
1.084242743
1.085374774
1.08650347
1.087628788
1.088750682
1.089869109
1.090984025
1.092095388
1.093203152
1.094307276
1.095407716
1.096504429
1.097597373
1.098686503
1.099771779
1.100853157
1.101930596
1.103004052
1.104073486
1.105138853
1.106200114
1.107257226
1.108310148
1.109358839
1.110403258
1.111443365
1.112479118
1.113510478
1.114537403
1.115559854
1.116577791
1.117591174
1.118599964
1.119604121
1.120603605
1.121598379
1.122588402
1.123573637
1.124554044
1.125529586
1.126500225
1.127465922
1.128426639
1.129382341
1.130332988
1.131278543
1.132218971
1.133154234
1.134084295
1.135009119
1.135928668
1.136842908
1.137751803
1.138655316
1.139553413
1.140446059
1.141333219
1.142214858
1.143090941
1.143961435
1.144826305
1.145685518
1.14653904
1.147386838
1.148228878
1.149065129
1.149895556
1.150720128
1.151538813
1.152351578
1.153158391
1.153959222
1.154754039
1.155542811
1.156325507
1.157102096
1.157872548
1.158636834
1.159394923
1.160146785
1.160892392
1.161631714
1.162364722
1.163091388
1.163811683
1.164525579
1.165233049
1.165934064
1.166628597
1.167316621
1.16799811
1.168673036
1.169341373
1.170003096
1.170658178
1.171306594
1.171948318
1.172583325
1.173211591
1.173833091
1.174447801
1.175055697
1.175656754
1.17625095
1.176838262
1.177418666
1.17799214
1.178558661
1.179118207
1.179670757
1.180216289
1.180754781
1.181286212
1.181810563
1.182327812
1.182837938
1.183340923
1.183836747
1.18432539
1.184806833
1.185281059
1.185748047
1.186207782
1.186660243
1.187105415
1.187543279
1.187973818
1.188397014
1.188812851
1.18922131
1.189622376
1.190016031
1.190402261
1.190781051
1.191152387
1.191516258
1.191872655
1.192221569
1.192562993
1.192896918
1.193223338
1.193542243
1.193853617
1.194157443
1.194453695
1.19474234
1.195023339
1.195296648
1.195562221
1.195820014
1.19606999
1.196312131
1.196546437
1.19677294
1.196991706
1.19720284
1.197406481
1.197602803
1.197791997
1.19797426
1.198149771
1.198318661
1.198480992
1.198636719
1.198785664
1.198927499
1.199061734
1.199187724
1.199304697
1.199411809
1.199508218
1.199593182
1.199666168
1.199726959
1.19977574
1.199813151
1.199840285
1.199858627
1.199869937
1.199876079
1.199878839
1.199879734
1.199879872
1.19987953
1.199877993
1.199873936
1.199865678
1.199851356
1.199829117
1.199797301
1.199754588
1.199700093
1.199633399
1.199554527
1.199463868
1.19936208
1.199249978
1.199128427
1.198998253
1.198860178
1.198714779
1.198562471
1.198403506
1.198237993
1.198065918
1.197887181
1.197701618
1.197509035
1.197309233
1.197102024
1.196887249
1.196664782
1.196434538
1.196196467
1.195950554
1.195696809
1.195435261
1.195165953
1.194888929
1.194604237
1.19431192
1.194012013
1.193704545
1.19338954
1.193067012
1.192736975
1.192399437
1.192054404
1.191701885
1.191341886
1.190974417
1.190599489
1.190217114
1.189827305
1.189430077
1.189025447
1.188613432
1.188194047
1.187767311
1.187333241
1.186891854
1.186443168
1.1859872
1.185523969
1.185053492
1.184575787
1.184090872
1.183598767
1.183099491
1.182593063
1.182079503
1.18155883
1.181031065
1.18049623
1.179954343
1.179405428
1.178849505
1.178286595
1.177716722
1.177139906
1.176556172
1.175965541
1.175368036
1.174763681
1.1741525
1.173534515
1.172909753
1.172278236
1.171639989
1.170995038
1.170343408
1.169685123
1.169020211
1.168348696
1.167670605
1.166985964
1.166294801
1.165597141
1.164893013
1.164182444
1.163465462
1.162742094
1.162012369
1.161276316
1.160533962
1.159785338
1.159030472
1.158269394
1.157502134
1.156728721
1.155949186
1.155163559
1.154371871
1.153574153
1.152770436
1.151960751
1.15114513
1.150323606
1.149496209
1.148662972
1.147823928
1.14697911
1.14612855
1.145272282
1.144410339
1.143542756
1.142669565
1.141790801
1.140906498
1.140016691
1.139121414
1.138220704
1.137314593
1.136403119
1.135486317
1.134564222
1.13363687
1.132704298
1.131766543
1.13082364
1.129875627
1.12892254
1.127964418
1.127001297
1.126033214
1.125060209
1.124082318
1.12309958
1.122112033
1.121119717
1.120122669
1.119120929
1.118114535
1.117103528
1.116087946
1.115067829
1.114043217
1.113014151
1.11198067
1.110942814
1.109900625
1.108854142
1.107803408
1.106748462
1.105689346
1.104626102
1.10355877
1.102487393
1.101412013
1.100332671
1.09924941
1.098162272
1.097071299
1.095976535
1.094878021
1.093775801
1.092669917
1.091560414
1.090447334
1.089330721
1.088210618
1.087087069
1.085960119
1.08482981
1.083696188
1.082559296
1.081419179
1.080275882
1.079129449
1.077979924
1.076827354
1.075671782
1.074513254
1.073351815
1.072187511
1.071020387
1.069850489
1.068677862
1.067502552
1.066324606
1.065144068
1.063960985
1.062775404
1.061587371
1.060396932
1.059204133
1.058009022
1.056811644
1.055612048
1.054410278
1.053206384
1.05200041
1.050792406
1.049582417
1.048370491
1.047156676
1.045941018
1.044723566
1.043504366
1.042283467
1.041060917
1.039836762
1.038611051
1.037383831
1.036155151
1.034925059
1.033693602
1.032460829
1.031226788
1.029991527
1.028755095
1.027517538
1.026278907
1.02503925
1.023798613
1.022557048
1.021314601
1.020071321
1.018827257
1.017582457
1.016336971
1.015090846
1.013844132
1.012596876
1.011349129
1.010100938
1.008852352
1.00760342
1.006354192
1.005104714
1.003855038
1.00260521
1.001355281
1.000105299
0.9988553119
0.9976053698
0.9963555211
0.9951058146
0.9938562992
0.9926070236
0.9913580366
0.990109387
0.9888611237
0.9876132953
0.9863659507
0.9851191384
0.9838729073
0.9826273061
0.9813823832
0.9801381875
0.9788947675
0.9776521718
0.9764104488
0.9751696472
0.9739298154
0.9726910018
0.9714532547
0.9702166227
0.9689811539
0.9677468966
0.966513899
0.9652822093
0.9640518757
0.9628229461
0.9615954686
0.9603694911
0.9591450615
0.9579222276
0.9567010372
0.9554815381
0.9542637778
0.9530478039
0.9518336639
0.9506214052
0.9494110752
0.9482027212
0.9469963904
0.9457921298
0.9445899866
0.9433900076
0.9421922399
0.94099673
0.9398035248
0.9386126709
0.9374242148
0.9362382028
0.9350546814
0.9338736967
0.9326952949
0.931519522
0.930346424
0.9291760466
0.9280084357
0.9268436367
0.9256816952
0.9245226566
0.9233665662
0.922213469
0.9210634103
0.9199164348
0.9187725874
0.9176319128
0.9164944555
0.9153602599
0.9142293704
0.9131018311
0.9119776862
0.9108569794
0.9097397545
0.9086260553
0.9075159252
0.9064094075
0.9053065456
0.9042073824
0.9031119609
0.902020324
0.9009325141
0.8998485739
0.8987685457
0.8976924717
0.8966203938
0.895552354
0.894488394
0.8934285554
0.8923728795
0.8913214075
0.8902741807
0.8892312398
0.8881926256
0.8871583787
0.8861285395
0.8851031481
0.8840822448
0.8830658692
0.8820540612
0.8810468602
0.8800443057
0.8790464367
0.8780532922
0.8770649111
0.8760813319
0.8751025931
0.8741287328
0.8731597892
0.8721958001
0.8712368031
0.8702828357
0.8693339351
0.8683901385
0.8674514827
0.8665180043
0.8655897398
0.8646667255
0.8637489974
0.8628365914
0.8619295431
0.861027888
0.8601316612
0.8592408978
0.8583556325
0.8574759
0.8566017346
0.8557331704
0.8548702414
0.8540129813
0.8531614236
0.8523156014
0.851475548
0.850641296
0.8498128781
0.8489903266
0.8481736737
0.8473629512
0.8465581908
0.8457594239
0.8449666818
0.8441799954
0.8433993955
0.8426249124
0.8418565766
0.8410944179
0.8403384661
0.8395887509
0.8388453014
0.8381081466
0.8373773155
0.8366528365
0.8359347379
0.8352230477
0.8345177938
0.8338190038
0.8331267048
0.8324409239
0.831761688
0.8310890235
0.8304229567
0.8297635136
0.8291107199
0.8284646013
0.8278251828
0.8271924895
0.826566546
0.8259473768
0.825335006
0.8247294577
0.8241307553
0.8235389223
0.8229539818
0.8223759566
0.8218048693
0.8212407422
0.8206835974
0.8201334566
0.8195903413
0.8190542727
0.8185252717
0.818003359
0.8174885547
0.8169808789
0.8164803512
0.815986991
0.8155008173
0.8150218489
0.8145501045
0.8140856026
0.8136283616
0.8131783997
0.8127357352
0.8123003863
0.811872371
0.8114517068
0.811038411
0.8106324998
0.8102339885
0.8098428911
0.80945922
0.8090829862
0.8087141989
0.8083528663
0.807998996
0.8076525961
0.8073136761
0.8069822484
0.8066583296
0.8063419421
0.8060331148
0.805731883
0.8054382886
0.8051523775
0.804874197
0.8046037917
0.8043411973
0.8040864349
0.8038395039
0.8036003761
0.8033689902
0.8031452493
0.8029290208
0.8027201406
0.8025184215
0.8023236666
0.8021356875
0.8019543264
0.8017794815
0.8016111345
0.8014493766
0.8012944315
0.8011466707
0.8010066184
0.8008749403
0.8007524142
0.8006398795
0.8005381667
0.8004480092
0.8003699458
0.8003042254
0.8002507258
0.8002089039
0.8001777878
0.8001560194
0.8001419494
0.8001337748
0.8001297032
0.8001281235
0.8001277551
0.8001278045
0.8001283662
0.8001303639
0.8001351368
0.8001443266
0.8001597243
0.8001831021
0.8002160546
0.8002598685
0.8003154386
0.8003832338
0.800463312
0.8005553763
0.8006588576
0.8007730099
0.8008970059
0.8010300214
0.801171302
0.8013202095
0.8014762483
0.8016390733
0.8018084838
0.8019844068
0.8021668737
0.802355994
0.8025519288
0.8027548663
0.8029649996
0.8031825106
0.8034075566
0.8036402631
0.8038807204
0.8041289837
0.8043850766
0.8046489959
0.8049207183
0.8052002071
0.8054874175
0.8057823029
0.8060848182
0.8063949231
0.8067125835
0.8070377717
0.8073704664
0.8077106516
0.8080583154
0.8084134486
0.8087760429
0.8091460908
0.8095235837
0.809908512
0.8103008645
0.8107006285
0.8111077898
0.811522333
0.8119442415
0.8123734982
0.8128100854
0.8132539851
0.8137051792
0.8141636494
0.8146293773
0.8151023446
0.8155825327
0.8160699231
0.8165644968
0.8170662346
0.8175751173
0.8180911251
0.8186142379
0.8191444355
0.8196816972
0.820226002
0.8207773288
0.8213356559
0.8219009615
0.8224732236
0.8230524197
0.8236385274
0.8242315236
0.8248313853
0.825438089
0.826051611
0.8266719274
0.827299014
0.8279328462
0.8285733994
0.8292206486
0.8298745684
0.8305351333
0.8312023175
0.8318760951
0.8325564396
0.8332433244
0.8339367229
0.8346366078
0.8353429519
0.8360557276
0.836774907
0.8375004621
0.8382323644
0.8389705855
0.8397150965
0.8404658683
0.8412228715
0.8419860768
0.8427554541
0.8435309735
0.8443126046
0.845100317
0.8458940799
0.8466938623
0.8474996329
0.8483113603
0.8491290127
0.8499525583
0.8507819648
0.8516171999
0.8524582309
0.853305025
0.8541575491
0.85501577
0.855879654
0.8567491675
0.8576242764
0.8585049467
0.8593911438
0.8602828333
0.8611799802
0.8620825495
0.862990506
0.8639038141
0.8648224383
0.8657463426
0.866675491
0.8676098471
0.8685493745
0.8694940365
0.8704437961
0.8713986163
0.8723584598
0.873323289
0.8742930663
0.8752677537
0.8762473133
0.8772317067
0.8782208954
0.8792148409
0.8802135044
0.8812168469
0.8822248292
0.8832374122
0.8842545562
0.8852762216
0.8863023685
0.8873329567
0.8883679457
0.8894072949
0.890450963
0.891498909
0.8925510914
0.8936074688
0.8946679998
0.8957326434
0.896801359
0.8978741068
0.8989508472
0.9000315413
0.9011161503
0.9022046346
0.9032969537
0.9043930643
0.9054929201
0.9065964704
0.9077036594
0.9088144268
0.9099287085
0.9110464387
0.9121675541
0.9132919981
0.9144197269
0.9155507162
0.9166849662
0.9178225062
0.9189633952
0.9201077174
0.9212555729
0.9224070597
0.9235622496
0.9247211572
0.9258837041
0.9270496838
0.92821873
0.9293902965
0.9305636555
0.931737922
0.9329121098
0.9340852232
0.9352563853
0.9364249966
0.9375909162
0.9387546497
0.9399175266
0.9410818448
0.9422509621
0.9434293105
0.9446223121
0.9458361734
0.947077532
0.9483529333
0.9496681147
0.9510270925
0.952431072
0.9538772489
0.9553576356
0.9568581094
0.9583579448
0.9598301125
0.9612425797
0.9625607186
0.9637507145
0.9647835877
0.965639213
0.9663095051
0.9668000545
0.967129634
0.9673274851
0.9674287663
0.9674689978
0.9674785943
)
;

boundaryField
{
    sides
    {
        type            calculated;
        value           nonuniform List<scalar> 2(3.857139545 0.9674785943);
    }
    empty
    {
        type            empty;
    }
}


// ************************************************************************* //
