0.00025 0.000129503
0.0005 9.38415e-05
0.00075 5.93523e-05
0.001 5.06804e-05
0.00125 5.34969e-05
0.0015 5.96447e-05
0.00175 6.78038e-05
0.002 7.63694e-05
0.00225 8.05667e-05
0.0025 8.45792e-05
0.00275 8.82957e-05
0.003 9.21404e-05
0.00325 9.54707e-05
0.0035 9.94895e-05
0.00375 0.000103967
0.004 0.000109036
0.00425 0.00011375
0.0045 0.000119721
0.00475 0.00012537
0.005 0.000130755
0.00525 0.000135886
0.0055 0.000140927
0.00575 0.000145985
0.006 0.000150858
0.00625 0.000155811
0.0065 0.0001607
0.00675 0.000165594
0.007 0.000170472
0.00725 0.00017536
0.0075 0.00018017
0.00775 0.000185022
0.008 0.000189812
0.00825 0.000194446
0.0085 0.000199118
0.00875 0.00020369
0.009 0.000208246
0.00925 0.000212752
0.0095 0.000217212
0.00975 0.000221655
0.01 0.000226006
0.01025 0.000230363
0.0105 0.000234613
0.01075 0.000238878
0.011 0.000243061
0.01125 0.00024723
0.0115 0.000251357
0.01175 0.000255431
0.012 0.00025951
0.01225 0.000263511
0.0125 0.000267541
0.01275 0.000271484
0.013 0.000275438
0.01325 0.000279336
0.0135 0.00028321
0.01375 0.000287066
0.014 0.000290866
0.01425 0.000294706
0.0145 0.000298463
0.01475 0.000302248
0.015 0.000305959
0.01525 0.000309685
0.0155 0.000313393
0.01575 0.00031706
0.016 0.000320746
0.01625 0.000324361
0.0165 0.000328019
0.01675 0.0003316
0.017 0.000335207
0.01725 0.000338776
0.0175 0.000342336
0.01775 0.000345891
0.018 0.000349406
0.01825 0.000352944
0.0185 0.000356424
0.01875 0.000359948
0.019 0.000363413
0.01925 0.000366896
0.0195 0.000370366
0.01975 0.000373808
0.02 0.000377276
0.02025 0.000380691
0.0205 0.000384146
0.02075 0.000387541
0.021 0.000390976
0.02125 0.000394373
0.0215 0.000397767
0.02175 0.000401168
0.022 0.000404527
0.02225 0.000407925
0.0225 0.000411265
0.02275 0.000414646
0.023 0.000417982
0.02325 0.000421334
0.0235 0.000424677
0.02375 0.000427995
0.024 0.000431342
0.02425 0.000434637
0.0245 0.000437996
0.02475 0.000441301
0.025 0.000444642
0.02525 0.000447953
0.0255 0.00045126
0.02575 0.000454579
0.026 0.00045786
0.02625 0.000461182
0.0265 0.000464449
0.02675 0.000467759
0.027 0.000471028
0.02725 0.000474309
0.0275 0.00047759
0.02775 0.000480843
0.028 0.000484128
0.02825 0.000487361
0.0285 0.000490643
0.02875 0.000493877
0.029 0.000497138
0.02925 0.000500384
0.0295 0.000503618
0.02975 0.000506873
0.03 0.000510083
0.03025 0.00051334
0.0305 0.000516543
0.03075 0.000519786
0.031 0.000522999
0.03125 0.000526218
0.0315 0.000529445
0.03175 0.000532639
0.032 0.000535873
0.03225 0.000539054
0.0325 0.000542282
0.03275 0.000545468
0.033 0.000548675
0.03325 0.000551876
0.0335 0.000555057
0.03375 0.000558269
0.034 0.000561434
0.03425 0.000564647
0.0345 0.00056781
0.03475 0.000571009
0.035 0.000574186
0.03525 0.00057736
0.0355 0.000580551
0.03575 0.000583704
0.036 0.000586903
0.03625 0.00059005
0.0365 0.000593241
0.03675 0.000596397
0.037 0.000599567
0.03725 0.00060274
0.0375 0.000605887
0.03775 0.000609071
0.038 0.000612206
0.03825 0.000615389
0.0385 0.000618528
0.03875 0.000621695
0.039 0.000624852
0.03925 0.000627995
0.0395 0.000631165
0.03975 0.00063429
0.04 0.000637464
0.04025 0.000640589
0.0405 0.000643754
0.04075 0.000646893
0.041 0.000650036
0.04125 0.000653192
0.0415 0.000656314
0.04175 0.000659479
0.042 0.000662593
0.04225 0.000665754
0.0425 0.000668876
0.04275 0.00067202
0.043 0.000675162
0.04325 0.000678283
0.0435 0.000681439
0.04375 0.000684546
0.044 0.000687704
0.04425 0.000690816
0.0445 0.00069396
0.04475 0.000697093
0.045 0.000700222
0.04525 0.000703374
0.0455 0.000706486
0.04575 0.000709645
0.046 0.000712754
0.04625 0.000715905
0.0465 0.000719026
0.04675 0.000722158
0.047 0.000725298
0.04725 0.000728408
0.0475 0.00073156
0.04775 0.000734662
0.048 0.000737813
0.04825 0.000740923
0.0485 0.000744058
0.04875 0.000747187
0.049 0.0007503
0.04925 0.000753445
0.0495 0.000756545
0.04975 0.000759694
0.05 0.000762795
0.05025 0.000765932
0.0505 0.00076905
0.05075 0.000772166
0.051 0.0007753
0.05125 0.000778399
0.0515 0.000781545
0.05175 0.00078464
0.052 0.00078778
0.05225 0.000790888
0.0525 0.00079401
0.05275 0.000797136
0.053 0.000800237
0.05325 0.000803377
0.0535 0.000806469
0.05375 0.00080961
0.054 0.000812709
0.05425 0.000815835
0.0545 0.000818953
0.05475 0.000822058
0.055 0.000825192
0.05525 0.000828283
0.0555 0.000831423
0.05575 0.000834515
0.056 0.000837647
0.05625 0.000840755
0.0565 0.000843868
0.05675 0.000846994
0.057 0.000850087
0.05725 0.000853225
0.0575 0.000856312
0.05775 0.000859447
0.058 0.000862546
0.05825 0.000865665
0.0585 0.000868785
0.05875 0.000871883
0.059 0.000875017
0.05925 0.000878103
0.0595 0.000881239
0.05975 0.000884331
0.06 0.000887455
0.06025 0.000890566
0.0605 0.00089367
0.06075 0.000896799
0.061 0.000899888
0.06125 0.000903025
0.0615 0.000906112
0.06175 0.000909241
0.062 0.000912345
0.06225 0.000915458
0.0625 0.000918582
0.06275 0.000921677
0.063 0.000924816
0.06325 0.000927906
0.0635 0.000931044
0.06375 0.000934142
0.064 0.000937265
0.06425 0.000940383
0.0645 0.000943484
0.06475 0.000946618
0.065 0.000949706
0.06525 0.000952845
0.0655 0.000955938
0.06575 0.000959067
0.066 0.000962177
0.06625 0.000965284
0.0665 0.000968411
0.06675 0.000971502
0.067 0.00097464
0.06725 0.000977728
0.0675 0.000980857
0.06775 0.000983953
0.068 0.000987063
0.06825 0.000990179
0.0685 0.000993268
0.06875 0.000996397
0.069 0.000999478
0.06925 0.00100261
0.0695 0.0010057
0.06975 0.00100881
0.07 0.00101192
0.07025 0.00101502
0.0705 0.00101815
0.07075 0.00102123
0.071 0.00102436
0.07125 0.00102745
0.0715 0.00103057
0.07175 0.00103367
0.072 0.00103678
0.07225 0.0010399
0.0725 0.00104298
0.07275 0.00104612
0.073 0.0010492
0.07325 0.00105233
0.0735 0.00105542
0.07375 0.00105853
0.074 0.00106165
0.07425 0.00106474
0.0745 0.00106787
0.07475 0.00107095
0.075 0.00107409
0.07525 0.00107718
0.0755 0.0010803
0.07575 0.00108341
0.076 0.00108651
0.07625 0.00108963
0.0765 0.00109272
0.07675 0.00109585
0.077 0.00109894
0.07725 0.00110206
0.0775 0.00110516
0.07775 0.00110827
0.078 0.00111139
0.07825 0.00111448
0.0785 0.00111762
0.07875 0.0011207
0.079 0.00112384
0.07925 0.00112693
0.0795 0.00113005
0.07975 0.00113317
0.08 0.00113627
0.08025 0.0011394
0.0805 0.00114248
0.08075 0.00114562
0.081 0.00114871
0.08125 0.00115184
0.0815 0.00115495
0.08175 0.00115805
0.082 0.00116118
0.08225 0.00116427
0.0825 0.00116741
0.08275 0.0011705
0.083 0.00117363
0.08325 0.00117673
0.0835 0.00117985
0.08375 0.00118297
0.084 0.00118606
0.08425 0.0011892
0.0845 0.00119229
0.08475 0.00119543
0.085 0.00119852
0.08525 0.00120164
0.0855 0.00120476
0.08575 0.00120786
0.086 0.001211
0.08625 0.00121409
0.0865 0.00121723
0.08675 0.00122032
0.087 0.00122345
0.08725 0.00122656
0.0875 0.00122967
0.08775 0.0012328
0.088 0.00123589
0.08825 0.00123903
0.0885 0.00124212
0.08875 0.00124526
0.089 0.00124836
0.08925 0.00125147
0.0895 0.0012546
0.08975 0.0012577
0.09 0.00126083
0.09025 0.00126392
0.0905 0.00126705
0.09075 0.00127015
0.091 0.00127327
0.09125 0.00127638
0.0915 0.00127948
0.09175 0.00128261
0.092 0.0012857
0.09225 0.00128884
0.0925 0.00129193
0.09275 0.00129506
0.093 0.00129816
0.09325 0.00130127
0.0935 0.0013044
0.09375 0.00130749
0.094 0.00131063
0.09425 0.00131372
0.0945 0.00131686
0.09475 0.00131996
0.095 0.00132308
0.09525 0.0013262
0.0955 0.0013293
0.09575 0.00133244
0.096 0.00133553
0.09625 0.00133867
0.0965 0.00134176
0.09675 0.00134489
0.097 0.00134801
0.09725 0.00135111
0.0975 0.00135425
0.09775 0.00135734
0.098 0.00136048
0.09825 0.00136357
0.0985 0.00136671
0.09875 0.00136981
0.099 0.00137293
0.09925 0.00137606
0.0995 0.00137915
0.09975 0.0013823
0.1 0.00138539
0.10025 0.00138853
0.1005 0.00139163
0.10075 0.00139475
0.101 0.00139787
0.10125 0.00140098
0.1015 0.00140412
0.10175 0.00140721
0.102 0.00141036
0.10225 0.00141346
0.1025 0.00141659
0.10275 0.00141971
0.103 0.00142282
0.10325 0.00142596
0.1035 0.00142906
0.10375 0.0014322
0.104 0.0014353
0.10425 0.00143844
0.1045 0.00144155
0.10475 0.00144467
0.105 0.0014478
0.10525 0.00145091
0.1055 0.00145405
0.10575 0.00145715
0.106 0.0014603
0.10625 0.0014634
0.1065 0.00146653
0.10675 0.00146966
0.107 0.00147277
0.10725 0.00147591
0.1075 0.00147901
0.10775 0.00148216
0.108 0.00148526
0.10825 0.0014884
0.1085 0.00149152
0.10875 0.00149464
0.109 0.00149777
0.10925 0.00150088
0.1095 0.00150403
0.10975 0.00150712
0.11 0.00151027
0.11025 0.00151338
0.1105 0.0015165
0.11075 0.00151963
0.111 0.00152274
0.11125 0.00152588
0.1115 0.00152898
0.11175 0.00153213
0.112 0.00153523
0.11225 0.00153837
0.1125 0.00154149
0.11275 0.00154461
0.113 0.00154775
0.11325 0.00155085
0.1135 0.001554
0.11375 0.0015571
0.114 0.00156024
0.11425 0.00156335
0.1145 0.00156648
0.11475 0.00156961
0.115 0.00157272
0.11525 0.00157587
0.1155 0.00157896
0.11575 0.00158211
0.116 0.00158522
0.11625 0.00158835
0.1165 0.00159148
0.11675 0.0015946
0.117 0.00159774
0.11725 0.00160084
0.1175 0.00160399
0.11775 0.0016071
0.118 0.00161024
0.11825 0.00161336
0.1185 0.00161648
0.11875 0.00161962
0.119 0.00162272
0.11925 0.00162587
0.1195 0.00162898
0.11975 0.00163212
0.12 0.00163524
0.12025 0.00163837
0.1205 0.0016415
0.12075 0.00164461
0.121 0.00164776
0.12125 0.00165087
0.1215 0.00165402
0.12175 0.00165713
0.122 0.00166026
0.12225 0.00166339
0.1225 0.00166651
0.12275 0.00166966
0.123 0.00167276
0.12325 0.00167592
0.1235 0.00167902
0.12375 0.00168217
0.124 0.00168529
0.12425 0.00168842
0.1245 0.00169156
0.12475 0.00169467
0.125 0.00169783
0.12525 0.00170094
0.1255 0.00170409
0.12575 0.00170721
0.126 0.00171035
0.12625 0.00171349
0.1265 0.00171661
0.12675 0.00171976
0.127 0.00172287
0.12725 0.00172603
0.1275 0.00172914
0.12775 0.00173229
0.128 0.00173542
0.12825 0.00173854
0.1285 0.00174169
0.12875 0.0017448
0.129 0.00174796
0.12925 0.00175106
0.1295 0.00175421
0.12975 0.00175734
0.13 0.00176047
0.13025 0.00176361
0.1305 0.00176672
0.13075 0.00176988
0.131 0.00177299
0.13125 0.00177614
0.1315 0.00177926
0.13175 0.0017824
0.132 0.00178554
0.13225 0.00178866
0.1325 0.00179181
0.13275 0.00179492
0.133 0.00179808
0.13325 0.00180119
0.1335 0.00180434
0.13375 0.00180747
0.134 0.0018106
0.13425 0.00181375
0.1345 0.00181686
0.13475 0.00182002
0.135 0.00182313
0.13525 0.00182629
0.1355 0.00182942
0.13575 0.00183255
0.136 0.0018357
0.13625 0.00183882
0.1365 0.00184198
0.13675 0.00184509
0.137 0.00184825
0.13725 0.00185137
0.1375 0.00185451
0.13775 0.00185765
0.138 0.00186078
0.13825 0.00186393
0.1385 0.00186704
0.13875 0.00187021
0.139 0.00187332
0.13925 0.00187648
0.1395 0.00187961
0.13975 0.00188274
0.14 0.0018859
0.14025 0.00188901
0.1405 0.00189217
0.14075 0.00189529
0.141 0.00189845
0.14125 0.00190157
0.1415 0.00190472
0.14175 0.00190786
0.142 0.00191099
0.14225 0.00191415
0.1425 0.00191726
0.14275 0.00192043
0.143 0.00192355
0.14325 0.0019267
0.1435 0.00192984
0.14375 0.00193297
0.144 0.00193613
0.14425 0.00193924
0.1445 0.00194241
0.14475 0.00194553
0.145 0.00194869
0.14525 0.00195182
0.1455 0.00195496
0.14575 0.00195812
0.146 0.00196124
0.14625 0.0019644
0.1465 0.00196752
0.14675 0.00197068
0.147 0.00197381
0.14725 0.00197695
0.1475 0.0019801
0.14775 0.00198323
0.148 0.00198639
0.14825 0.0019895
0.1485 0.00199267
0.14875 0.00199579
0.149 0.00199895
0.14925 0.00200209
0.1495 0.00200522
0.14975 0.00200838
0.15 0.0020115
0.15025 0.00201467
0.1505 0.00201779
0.15075 0.00202095
0.151 0.00202408
0.15125 0.00202723
0.1515 0.00203038
0.15175 0.00203351
0.152 0.00203667
0.15225 0.00203979
0.1525 0.00204296
0.15275 0.00204609
0.153 0.00204924
0.15325 0.00205239
0.1535 0.00205552
0.15375 0.00205868
0.154 0.0020618
0.15425 0.00206497
0.1545 0.0020681
0.15475 0.00207126
0.155 0.0020744
0.15525 0.00207754
0.1555 0.00208071
0.15575 0.00208383
0.156 0.002087
0.15625 0.00209012
0.1565 0.00209329
0.15675 0.00209643
0.157 0.00209958
0.15725 0.00210274
0.1575 0.00210587
0.15775 0.00210904
0.158 0.00211216
0.15825 0.00211533
0.1585 0.00211846
0.15875 0.00212162
0.159 0.00212477
0.15925 0.00212791
0.1595 0.00213108
0.15975 0.0021342
0.16 0.00213737
0.16025 0.0021405
0.1605 0.00214367
0.16075 0.00214681
0.161 0.00214996
0.16125 0.00215312
0.1615 0.00215625
0.16175 0.00215942
0.162 0.00216255
0.16225 0.00216572
0.1625 0.00216886
0.16275 0.00217201
0.163 0.00217517
0.16325 0.0021783
0.1635 0.00218147
0.16375 0.00218459
0.164 0.00218776
0.16425 0.00219089
0.1645 0.00219405
0.16475 0.0021972
0.165 0.00220034
0.16525 0.00220351
0.1655 0.00220663
0.16575 0.00220981
0.166 0.00221294
0.16625 0.00221611
0.1665 0.00221925
0.16675 0.0022224
0.167 0.00222556
0.16725 0.00222869
0.1675 0.00223187
0.16775 0.00223499
0.168 0.00223816
0.16825 0.0022413
0.1685 0.00224446
0.16875 0.00224762
0.169 0.00225075
0.16925 0.00225393
0.1695 0.00225705
0.16975 0.00226023
0.17 0.00226336
0.17025 0.00226653
0.1705 0.00226968
0.17075 0.00227283
0.171 0.002276
0.17125 0.00227913
0.1715 0.00228231
0.17175 0.00228544
0.172 0.00228861
0.17225 0.00229176
0.1725 0.00229491
0.17275 0.00229808
0.173 0.00230121
0.17325 0.00230439
0.1735 0.00230752
0.17375 0.0023107
0.174 0.00231384
0.17425 0.002317
0.1745 0.00232016
0.17475 0.0023233
0.175 0.00232648
0.17525 0.00232961
0.1755 0.00233279
0.17575 0.00233593
0.176 0.0023391
0.17625 0.00234225
0.1765 0.0023454
0.17675 0.00234857
0.177 0.00235171
0.17725 0.00235489
0.1775 0.00235802
0.17775 0.0023612
0.178 0.00236435
0.17825 0.00236751
0.1785 0.00237067
0.17875 0.00237381
0.179 0.00237699
0.17925 0.00238013
0.1795 0.00238331
0.17975 0.00238645
0.18 0.00238962
0.18025 0.00239278
0.1805 0.00239592
0.18075 0.0023991
0.181 0.00240223
0.18125 0.00240541
0.1815 0.00240855
0.18175 0.00241172
0.182 0.00241487
0.18225 0.00241802
0.1825 0.00242119
0.18275 0.00242433
0.183 0.00242751
0.18325 0.00243064
0.1835 0.00243382
0.18375 0.00243697
0.184 0.00244013
0.18425 0.0024433
0.1845 0.00244644
0.18475 0.00244962
0.185 0.00245276
0.18525 0.00245594
0.1855 0.00245908
0.18575 0.00246226
0.186 0.00246542
0.18625 0.00246857
0.1865 0.00247175
0.18675 0.00247488
0.187 0.00247807
0.18725 0.00248121
0.1875 0.00248438
0.18775 0.00248754
0.188 0.0024907
0.18825 0.00249387
0.1885 0.00249701
0.18875 0.0025002
0.189 0.00250333
0.18925 0.00250652
0.1895 0.00250967
0.18975 0.00251283
0.19 0.002516
0.19025 0.00251915
0.1905 0.00252233
0.19075 0.00252547
0.191 0.00252866
0.19125 0.0025318
0.1915 0.00253498
0.19175 0.00253814
0.192 0.0025413
0.19225 0.00254448
0.1925 0.00254762
0.19275 0.00255081
0.193 0.00255395
0.19325 0.00255713
0.1935 0.00256028
0.19375 0.00256345
0.194 0.00256662
0.19425 0.00256977
0.1945 0.00257296
0.19475 0.0025761
0.195 0.00257928
0.19525 0.00258243
0.1955 0.00258561
0.19575 0.00258878
0.196 0.00259193
0.19625 0.00259511
0.1965 0.00259825
0.19675 0.00260145
0.197 0.00260459
0.19725 0.00260777
0.1975 0.00261093
0.19775 0.00261409
0.198 0.00261726
0.19825 0.00262041
0.1985 0.0026236
0.19875 0.00262673
0.199 0.00262992
0.19925 0.00263307
0.1995 0.00263624
0.19975 0.00263942
0.2 0.00264256
