1.05485e-06 -563.223
2.11194e-06 -563.805
3.16903e-06 -564.384
4.22611e-06 -564.962
5.28546e-06 -565.539
6.34481e-06 -566.114
7.40415e-06 -566.687
8.4635e-06 -567.257
9.52513e-06 -567.828
1.05868e-05 -568.396
1.16484e-05 -568.962
1.271e-05 -569.527
1.37717e-05 -570.09
1.48333e-05 -570.65
1.58949e-05 -571.209
1.69566e-05 -571.767
1.80205e-05 -572.323
1.90845e-05 -572.878
2.01485e-05 -573.431
2.12148e-05 -573.983
2.22812e-05 -574.534
2.33475e-05 -575.083
2.44138e-05 -575.63
2.54802e-05 -576.176
2.65465e-05 -576.719
2.76128e-05 -577.261
2.86792e-05 -577.8
2.97455e-05 -578.338
3.08143e-05 -578.875
3.1883e-05 -579.41
3.29518e-05 -579.944
3.40206e-05 -580.475
3.50893e-05 -581.005
3.61581e-05 -581.533
3.72293e-05 -582.06
3.83005e-05 -582.583
3.93718e-05 -583.105
4.0443e-05 -583.626
4.15142e-05 -584.144
4.2588e-05 -584.664
4.36617e-05 -585.181
4.47354e-05 -585.698
4.58092e-05 -586.211
4.68829e-05 -586.723
4.79566e-05 -587.232
4.90304e-05 -587.74
5.01067e-05 -588.251
5.1183e-05 -588.758
5.22593e-05 -589.262
5.33356e-05 -589.765
5.44119e-05 -590.266
5.54882e-05 -590.766
5.65671e-05 -591.265
5.7646e-05 -591.761
5.87249e-05 -592.257
5.98038e-05 -592.75
6.08827e-05 -593.241
6.19643e-05 -593.732
6.30459e-05 -594.22
6.41274e-05 -594.707
6.5209e-05 -595.192
6.62906e-05 -595.675
6.73722e-05 -596.156
6.84537e-05 -596.635
6.95353e-05 -597.112
7.06196e-05 -597.587
7.17039e-05 -598.062
7.27882e-05 -598.535
7.38725e-05 -599.006
7.49568e-05 -599.475
7.60411e-05 -599.942
7.71254e-05 -600.408
7.82124e-05 -600.873
7.92995e-05 -601.337
8.03866e-05 -601.798
8.14737e-05 -602.257
8.25636e-05 -602.715
8.36535e-05 -603.172
8.47434e-05 -603.627
8.58333e-05 -604.079
8.69232e-05 -604.528
8.80132e-05 -604.978
8.91031e-05 -605.423
9.0193e-05 -605.868
9.12858e-05 -606.312
9.23786e-05 -606.754
9.34714e-05 -607.194
9.45643e-05 -607.632
9.56571e-05 -608.067
9.67499e-05 -608.501
9.78427e-05 -608.933
9.89355e-05 -609.364
0.000100031 -609.794
0.000101127 -610.221
0.000102223 -610.646
0.000103322 -611.072
0.000104421 -611.495
0.000105519 -611.916
0.000106618 -612.336
0.000107717 -612.753
0.000108816 -613.168
0.000109915 -613.581
0.000111014 -613.992
0.000112112 -614.403
0.000113214 -614.81
0.000114316 -615.217
0.000115418 -615.622
0.00011652 -616.024
0.000117622 -616.425
0.000118724 -616.822
0.000119826 -617.218
0.000120928 -617.612
0.000122033 -618.006
0.000123138 -618.398
0.000124244 -618.788
0.000125349 -619.176
0.000126454 -619.562
0.000127559 -619.946
0.000128664 -620.328
0.000129769 -620.708
0.000130878 -621.088
0.000131986 -621.466
0.000133095 -621.841
0.000134203 -622.215
0.000135312 -622.586
0.00013642 -622.957
0.000137529 -623.325
0.000138641 -623.692
0.000139752 -624.057
0.000140864 -624.42
0.000141976 -624.78
0.000143088 -625.139
0.000144203 -625.496
0.000145319 -625.852
0.000146434 -626.206
0.000147549 -626.558
0.000148665 -626.908
0.00014978 -627.256
0.000150896 -627.601
0.000152011 -627.945
0.000153126 -628.287
0.000154245 -628.628
0.000155364 -628.966
0.000156483 -629.303
0.000157602 -629.636
0.000158721 -629.97
0.00015984 -630.3
0.000160959 -630.627
0.000162078 -630.954
0.000163197 -631.278
0.000164319 -631.602
0.000165442 -631.923
0.000166565 -632.243
0.000167687 -632.56
0.00016881 -632.874
0.000169933 -633.188
0.000171056 -633.5
0.000172178 -633.809
0.000173305 -634.117
0.000174431 -634.424
0.000175558 -634.729
0.000176684 -635.031
0.000177811 -635.331
0.000178937 -635.628
0.000180064 -635.924
0.00018119 -636.218
0.000182317 -636.51
0.000183448 -636.801
0.000184578 -637.091
0.000185709 -637.379
0.000186839 -637.663
0.00018797 -637.945
0.0001891 -638.226
0.000190231 -638.505
0.000191361 -638.781
0.000192492 -639.056
0.000193627 -639.33
0.000194761 -639.6
0.000195896 -639.869
0.000197031 -640.136
0.000198165 -640.4
0.0001993 -640.663
0.000200435 -640.924
0.00020157 -641.182
0.000202704 -641.44
0.000203843 -641.694
0.000204982 -641.949
0.000206122 -642.199
0.000207261 -642.448
0.0002084 -642.694
0.000209539 -642.94
0.000210678 -643.181
0.000211817 -643.423
0.000212956 -643.66
0.000214095 -643.897
0.000215234 -644.131
0.000216373 -644.364
0.000217512 -644.594
0.000218651 -644.822
0.00021979 -645.048
0.000220929 -645.272
0.000222068 -645.495
0.000223207 -645.714
0.000224347 -645.933
0.000225486 -646.148
0.000226625 -646.361
0.000227764 -646.572
0.000228903 -646.782
0.000230042 -646.989
0.000231181 -647.195
0.00023232 -647.399
0.000233459 -647.6
0.000234598 -647.799
0.000235737 -647.997
0.000236876 -648.193
0.000238015 -648.386
0.000239154 -648.576
0.000240293 -648.766
0.000241433 -648.954
0.000242572 -649.14
0.000243711 -649.324
0.00024485 -649.505
0.000245989 -649.686
0.000247128 -649.864
0.000248267 -650.04
0.000249406 -650.215
0.000250545 -650.388
0.000251684 -650.559
0.000252823 -650.729
0.000253962 -650.896
0.000255101 -651.062
0.00025624 -651.226
0.000257379 -651.39
0.000258518 -651.55
0.000259658 -651.71
0.000260797 -651.868
0.000261936 -652.025
0.000263075 -652.181
0.000264214 -652.335
0.000265353 -652.488
0.000266492 -652.64
0.000267631 -652.79
0.00026877 -652.938
0.000269909 -653.087
0.000271048 -653.233
0.000272187 -653.378
0.000273326 -653.523
0.000274465 -653.666
0.000275604 -653.809
0.000276743 -653.951
0.000277883 -654.09
0.000279022 -654.229
0.000280161 -654.366
0.0002813 -654.504
0.000282439 -654.64
0.000283578 -654.774
0.000284717 -654.909
0.000285856 -655.043
0.000286995 -655.176
0.000288134 -655.309
0.000289273 -655.44
0.000290412 -655.571
0.000291551 -655.701
0.00029269 -655.831
0.000293829 -655.959
0.000294969 -656.089
0.000296108 -656.217
0.000297247 -656.345
0.000298386 -656.472
0.000299525 -656.599
0.000300664 -656.723
0.000301803 -656.849
0.000302942 -656.972
0.000304081 -657.096
0.00030522 -657.218
0.000306359 -657.341
0.000307498 -657.463
0.000308637 -657.585
0.000309776 -657.706
0.000310915 -657.827
0.000312054 -657.946
0.000313194 -658.066
0.000314333 -658.185
0.000315472 -658.303
0.000316611 -658.422
0.00031775 -658.539
0.000318889 -658.657
0.000320028 -658.773
0.000321167 -658.889
0.000322306 -659.005
0.000323445 -659.121
0.000324584 -659.235
0.000325723 -659.35
0.000326862 -659.465
0.000328001 -659.578
0.00032914 -659.69
0.000330279 -659.803
0.000331419 -659.916
0.000332558 -660.027
0.000333697 -660.14
0.000334836 -660.249
0.000335975 -660.361
0.000337114 -660.471
0.000338253 -660.578
0.000339392 -660.687
0.000340531 -660.798
0.00034167 -660.908
0.000342809 -661.016
0.000343948 -661.124
0.000345087 -661.233
0.000346226 -661.342
0.000347365 -661.449
0.000348505 -661.556
0.000349644 -661.663
0.000350783 -661.769
0.000351922 -661.874
0.000353061 -661.979
0.0003542 -662.083
0.000355339 -662.187
0.000356478 -662.292
0.000357617 -662.395
0.000358756 -662.499
0.000359895 -662.6
0.000361034 -662.704
0.000362173 -662.805
0.000363312 -662.907
0.000364451 -663.008
0.00036559 -663.11
0.00036673 -663.211
0.000367869 -663.311
0.000369008 -663.41
0.000370147 -663.51
0.000371286 -663.608
0.000372425 -663.708
0.000373564 -663.806
0.000374703 -663.905
0.000375842 -664.004
0.000376981 -664.101
0.00037812 -664.199
0.000379259 -664.297
0.000380398 -664.393
0.000381537 -664.49
0.000382676 -664.586
0.000383815 -664.684
0.000384955 -664.779
0.000386094 -664.874
0.000387233 -664.969
0.000388372 -665.065
0.000389511 -665.16
0.00039065 -665.253
0.000391789 -665.347
0.000392928 -665.44
0.000394067 -665.533
0.000395206 -665.625
0.000396345 -665.718
0.000397484 -665.81
0.000398623 -665.902
0.000399762 -665.994
0.000400901 -666.086
0.000402041 -666.178
0.00040318 -666.268
0.000404319 -666.361
0.000405458 -666.449
0.000406597 -666.54
0.000407736 -666.628
0.000408875 -666.718
0.000410014 -666.808
0.000411153 -666.898
0.000412292 -666.987
0.000413431 -667.075
0.00041457 -667.164
0.000415709 -667.253
0.000416848 -667.34
0.000417987 -667.426
0.000419126 -667.514
0.000420266 -667.603
0.000421405 -667.688
0.000422544 -667.775
0.000423683 -667.861
0.000424822 -667.948
0.000425961 -668.029
0.0004271 -668.114
0.000428239 -668.198
0.000429378 -668.282
0.000430517 -668.364
0.000431656 -668.447
0.000432795 -668.528
0.000433934 -668.61
0.000435073 -668.694
0.000436212 -668.777
0.000437351 -668.86
0.000438491 -668.941
0.00043963 -669.023
0.000440769 -669.103
0.000441908 -669.186
0.000443047 -669.268
0.000444186 -669.349
0.000445325 -669.431
0.000446464 -669.512
0.000447603 -669.595
0.000448742 -669.677
0.000449881 -669.758
0.00045102 -669.839
0.000452159 -669.922
0.000453298 -670.002
0.000454437 -670.084
0.000455577 -670.165
0.000456716 -670.246
0.000457855 -670.326
0.000458994 -670.401
0.000460133 -670.479
0.000461272 -670.557
0.000462411 -670.633
0.00046355 -670.712
0.000464689 -670.787
0.000465828 -670.867
0.000466967 -670.941
0.000468106 -671.019
0.000469245 -671.095
0.000470384 -671.168
0.000471523 -671.243
0.000472662 -671.318
0.000473802 -671.395
0.000474941 -671.47
0.00047608 -671.544
0.000477219 -671.619
0.000478358 -671.693
0.000479497 -671.768
0.000480636 -671.84
0.000481775 -671.913
0.000482914 -671.985
0.000484053 -672.058
0.000485192 -672.13
0.000486331 -672.201
0.00048747 -672.273
0.000488609 -672.344
0.000489748 -672.416
0.000490887 -672.487
0.000492027 -672.557
0.000493166 -672.626
0.000494305 -672.696
0.000495444 -672.766
0.000496583 -672.835
0.000497722 -672.905
0.000498861 -672.974
0.0005 -673.042
0.000501136 -673.11
0.000502273 -673.178
0.000503409 -673.246
0.000504545 -673.31
0.000505682 -673.378
0.000506818 -673.445
0.000507955 -673.512
0.000509091 -673.579
0.000510227 -673.646
0.000511364 -673.713
0.0005125 -673.78
0.000513636 -673.846
0.000514773 -673.913
0.000515909 -673.979
0.000517045 -674.047
0.000518182 -674.113
0.000519318 -674.178
0.000520455 -674.244
0.000521591 -674.31
0.000522727 -674.374
0.000523864 -674.44
0.000525 -674.502
0.000526136 -674.567
0.000527273 -674.631
0.000528409 -674.696
0.000529545 -674.759
0.000530682 -674.824
0.000531818 -674.885
0.000532955 -674.946
0.000534091 -675.009
0.000535227 -675.071
0.000536364 -675.134
0.0005375 -675.195
0.000538636 -675.256
0.000539773 -675.316
0.000540909 -675.376
0.000542045 -675.437
0.000543182 -675.497
0.000544318 -675.556
0.000545455 -675.618
0.000546591 -675.677
0.000547727 -675.737
0.000548864 -675.797
0.00055 -675.857
0.000551136 -675.914
0.000552273 -675.972
0.000553409 -676.031
0.000554545 -676.089
0.000555682 -676.147
0.000556818 -676.205
0.000557955 -676.262
0.000559091 -676.318
0.000560227 -676.374
0.000561364 -676.431
0.0005625 -676.486
0.000563636 -676.542
0.000564773 -676.598
0.000565909 -676.653
0.000567045 -676.707
0.000568182 -676.761
0.000569318 -676.813
0.000570455 -676.867
0.000571591 -676.921
0.000572727 -676.976
0.000573864 -677.03
0.000575 -677.081
0.000576136 -677.134
0.000577273 -677.187
0.000578409 -677.239
0.000579545 -677.29
0.000580682 -677.342
0.000581818 -677.393
0.000582955 -677.445
0.000584091 -677.494
0.000585227 -677.546
0.000586364 -677.595
0.0005875 -677.646
0.000588636 -677.696
0.000589773 -677.748
0.000590909 -677.8
0.000592045 -677.849
0.000593182 -677.899
0.000594318 -677.949
0.000595455 -677.999
0.000596591 -678.048
0.000597727 -678.095
0.000598864 -678.141
0.0006 -678.19
0.000601136 -678.241
0.000602273 -678.29
0.000603409 -678.337
0.000604545 -678.384
0.000605682 -678.432
0.000606818 -678.482
0.000607955 -678.53
0.000609091 -678.577
0.000610227 -678.625
0.000611364 -678.672
0.0006125 -678.72
0.000613636 -678.768
0.000614773 -678.815
0.000615909 -678.863
0.000617045 -678.909
0.000618182 -678.957
0.000619318 -679.002
0.000620455 -679.05
0.000621591 -679.093
0.000622727 -679.139
0.000623864 -679.175
0.000625 -679.219
0.000626136 -679.265
0.000627273 -679.31
0.000628409 -679.355
0.000629545 -679.401
0.000630682 -679.444
0.000631818 -679.489
0.000632955 -679.532
0.000634091 -679.575
0.000635227 -679.619
0.000636364 -679.66
0.0006375 -679.701
0.000638636 -679.743
0.000639773 -679.785
0.000640909 -679.827
0.000642045 -679.867
0.000643182 -679.908
0.000644318 -679.949
0.000645455 -679.989
0.000646591 -680.03
0.000647727 -680.071
0.000648864 -680.112
0.00065 -680.152
0.000651136 -680.193
0.000652273 -680.233
0.000653409 -680.274
0.000654545 -680.313
0.000655682 -680.354
0.000656818 -680.394
0.000657955 -680.434
0.000659091 -680.473
0.000660227 -680.512
0.000661364 -680.551
0.0006625 -680.589
0.000663636 -680.627
0.000664773 -680.664
0.000665909 -680.7
0.000667045 -680.738
0.000668182 -680.775
0.000669318 -680.811
0.000670455 -680.848
0.000671591 -680.884
0.000672727 -680.92
0.000673864 -680.956
0.000675 -680.993
0.000676136 -681.028
0.000677273 -681.064
0.000678409 -681.099
0.000679545 -681.135
0.000680682 -681.17
0.000681818 -681.205
0.000682955 -681.24
0.000684091 -681.275
0.000685227 -681.309
0.000686364 -681.343
0.0006875 -681.377
0.000688636 -681.411
0.000689773 -681.444
0.000690909 -681.477
0.000692045 -681.512
0.000693182 -681.546
0.000694318 -681.579
0.000695455 -681.611
0.000696591 -681.644
0.000697727 -681.675
0.000698864 -681.708
0.0007 -681.739
0.000701136 -681.771
0.000702273 -681.802
0.000703409 -681.833
0.000704545 -681.864
0.000705682 -681.892
0.000706818 -681.922
0.000707955 -681.949
0.000709091 -681.977
0.000710227 -682.006
0.000711364 -682.033
0.0007125 -682.06
0.000713636 -682.084
0.000714773 -682.112
0.000715909 -682.139
0.000717045 -682.165
0.000718182 -682.191
0.000719318 -682.217
0.000720455 -682.242
0.000721591 -682.27
0.000722727 -682.296
0.000723864 -682.325
0.000725 -682.352
0.000726136 -682.38
0.000727273 -682.407
0.000728409 -682.436
0.000729545 -682.462
0.000730682 -682.49
0.000731818 -682.518
0.000732955 -682.545
0.000734091 -682.571
0.000735227 -682.597
0.000736364 -682.623
0.0007375 -682.65
0.000738636 -682.677
0.000739773 -682.703
0.000740909 -682.728
0.000742045 -682.755
0.000743182 -682.78
0.000744318 -682.807
0.000745455 -682.834
0.000746591 -682.861
0.000747727 -682.886
0.000748864 -682.912
0.00075 -682.936
0.000751136 -682.963
0.000752273 -682.988
0.000753409 -683.012
0.000754545 -683.037
0.000755682 -683.062
0.000756818 -683.089
0.000757955 -683.113
0.000759091 -683.135
0.000760227 -683.16
0.000761364 -683.183
0.0007625 -683.207
0.000763636 -683.232
0.000764773 -683.257
0.000765909 -683.282
0.000767045 -683.306
0.000768182 -683.329
0.000769318 -683.352
0.000770455 -683.374
0.000771591 -683.396
0.000772727 -683.418
0.000773864 -683.44
0.000775 -683.46
0.000776136 -683.48
0.000777273 -683.499
0.000778409 -683.519
0.000779545 -683.538
0.000780682 -683.556
0.000781818 -683.576
0.000782955 -683.594
0.000784091 -683.613
0.000785227 -683.632
0.000786364 -683.652
0.0007875 -683.668
0.000788636 -683.686
0.000789773 -683.704
0.000790909 -683.721
0.000792045 -683.74
0.000793182 -683.758
0.000794318 -683.777
0.000795455 -683.795
0.000796591 -683.811
0.000797727 -683.83
0.000798864 -683.848
0.0008 -683.862
0.000801136 -683.88
0.000802273 -683.896
0.000803409 -683.913
0.000804545 -683.929
0.000805682 -683.947
0.000806818 -683.963
0.000807955 -683.981
0.000809091 -683.999
0.000810227 -684.014
0.000811364 -684.03
0.0008125 -684.047
0.000813636 -684.063
0.000814773 -684.08
0.000815909 -684.097
0.000817045 -684.114
0.000818182 -684.13
0.000819318 -684.148
0.000820455 -684.164
0.000821591 -684.181
0.000822727 -684.198
0.000823864 -684.214
0.000825 -684.231
0.000826136 -684.246
0.000827273 -684.262
0.000828409 -684.273
0.000829545 -684.287
0.000830682 -684.3
0.000831818 -684.312
0.000832955 -684.323
0.000834091 -684.336
0.000835227 -684.349
0.000836364 -684.362
0.0008375 -684.375
0.000838636 -684.387
0.000839773 -684.401
0.000840909 -684.413
0.000842045 -684.427
0.000843182 -684.437
0.000844318 -684.45
0.000845455 -684.463
0.000846591 -684.477
0.000847727 -684.491
0.000848864 -684.503
0.00085 -684.517
0.000851136 -684.531
0.000852273 -684.544
0.000853409 -684.558
0.000854545 -684.571
0.000855682 -684.584
0.000856818 -684.597
0.000857955 -684.611
0.000859091 -684.626
0.000860227 -684.64
0.000861364 -684.65
0.0008625 -684.658
0.000863636 -684.669
0.000864773 -684.679
0.000865909 -684.688
0.000867045 -684.698
0.000868182 -684.705
0.000869318 -684.715
0.000870455 -684.722
0.000871591 -684.73
0.000872727 -684.738
0.000873864 -684.746
0.000875 -684.754
0.000876136 -684.762
0.000877273 -684.768
0.000878409 -684.774
0.000879545 -684.781
0.000880682 -684.788
0.000881818 -684.793
0.000882955 -684.801
0.000884091 -684.808
0.000885227 -684.816
0.000886364 -684.82
0.0008875 -684.828
0.000888636 -684.834
0.000889773 -684.84
0.000890909 -684.847
0.000892045 -684.854
0.000893182 -684.859
0.000894318 -684.865
0.000895455 -684.871
0.000896591 -684.878
0.000897727 -684.884
0.000898864 -684.89
0.0009 -684.897
0.000901136 -684.904
0.000902273 -684.911
0.000903409 -684.918
0.000904545 -684.925
0.000905682 -684.933
0.000906818 -684.938
0.000907955 -684.943
0.000909091 -684.949
0.000910227 -684.954
0.000911364 -684.96
0.0009125 -684.965
0.000913636 -684.97
0.000914773 -684.975
0.000915909 -684.98
0.000917045 -684.984
0.000918182 -684.989
0.000919318 -684.993
0.000920455 -684.997
0.000921591 -685.001
0.000922727 -685.007
0.000923864 -685.012
0.000925 -685.016
0.000926136 -685.021
0.000927273 -685.025
0.000928409 -685.027
0.000929545 -685.03
0.000930682 -685.033
0.000931818 -685.034
0.000932955 -685.037
0.000934091 -685.038
0.000935227 -685.04
0.000936364 -685.042
0.0009375 -685.044
0.000938636 -685.046
0.000939773 -685.048
0.000940909 -685.049
0.000942045 -685.053
0.000943182 -685.055
0.000944318 -685.057
0.000945455 -685.06
0.000946591 -685.061
0.000947727 -685.064
0.000948864 -685.066
0.00095 -685.066
0.000951136 -685.07
0.000952273 -685.072
0.000953409 -685.077
0.000954545 -685.079
0.000955682 -685.082
0.000956818 -685.083
0.000957955 -685.086
0.000959091 -685.089
0.000960227 -685.092
0.000961364 -685.094
0.0009625 -685.095
0.000963636 -685.095
0.000964773 -685.096
0.000965909 -685.099
0.000967045 -685.099
0.000968182 -685.101
0.000969318 -685.102
0.000970455 -685.103
0.000971591 -685.104
0.000972727 -685.109
0.000973864 -685.11
0.000975 -685.113
0.000976136 -685.113
0.000977273 -685.116
0.000978409 -685.116
0.000979545 -685.118
0.000980682 -685.118
0.000981818 -685.119
0.000982955 -685.12
0.000984091 -685.121
0.000985227 -685.122
0.000986364 -685.126
0.0009875 -685.126
0.000988636 -685.128
0.000989773 -685.129
0.000990909 -685.129
0.000992045 -685.129
0.000993182 -685.131
0.000994318 -685.132
0.000995455 -685.133
0.000996591 -685.134
0.000997727 -685.135
0.000998864 -685.135
0.001 -685.137
0.00100114 -685.139
0.00100227 -685.141
0.00100341 -685.143
0.00100455 -685.143
0.00100568 -685.143
0.00100682 -685.143
0.00100795 -685.145
0.00100909 -685.147
0.00101023 -685.15
0.00101136 -685.152
0.0010125 -685.154
0.00101364 -685.157
0.00101477 -685.16
0.00101591 -685.163
0.00101705 -685.165
0.00101818 -685.168
0.00101932 -685.171
0.00102045 -685.172
0.00102159 -685.171
0.00102273 -685.172
0.00102386 -685.173
0.001025 -685.173
0.00102614 -685.175
0.00102727 -685.172
0.00102841 -685.173
0.00102955 -685.17
0.00103068 -685.17
0.00103182 -685.167
0.00103295 -685.166
0.00103409 -685.164
0.00103523 -685.165
0.00103636 -685.165
0.0010375 -685.165
0.00103864 -685.165
0.00103977 -685.164
0.00104091 -685.165
0.00104205 -685.163
0.00104318 -685.163
0.00104432 -685.162
0.00104545 -685.162
0.00104659 -685.163
0.00104773 -685.163
0.00104886 -685.162
0.00105 -685.163
0.00105114 -685.164
0.00105227 -685.162
0.00105341 -685.163
0.00105455 -685.164
0.00105568 -685.165
0.00105682 -685.165
0.00105795 -685.166
0.00105909 -685.166
0.00106023 -685.166
0.00106136 -685.169
0.0010625 -685.169
0.00106364 -685.168
0.00106477 -685.167
0.00106591 -685.167
0.00106705 -685.166
0.00106818 -685.164
0.00106932 -685.162
0.00107045 -685.16
0.00107159 -685.158
0.00107273 -685.158
0.00107386 -685.154
0.001075 -685.152
0.00107614 -685.149
0.00107727 -685.148
0.00107841 -685.146
0.00107955 -685.146
0.00108068 -685.144
0.00108182 -685.144
0.00108295 -685.145
0.00108409 -685.142
0.00108523 -685.14
0.00108636 -685.141
0.0010875 -685.14
0.00108864 -685.141
0.00108977 -685.14
0.00109091 -685.14
0.00109205 -685.141
0.00109318 -685.14
0.00109432 -685.14
0.00109545 -685.141
0.00109659 -685.141
0.00109773 -685.14
0.00109886 -685.139
0.0011 -685.14
0.00110114 -685.14
0.00110227 -685.14
0.00110341 -685.139
0.00110455 -685.139
0.00110568 -685.14
0.00110682 -685.14
0.00110795 -685.139
0.00110909 -685.14
0.00111023 -685.139
0.00111136 -685.14
0.0011125 -685.14
0.00111364 -685.14
0.00111477 -685.141
0.00111591 -685.142
0.00111705 -685.143
0.00111818 -685.144
0.00111932 -685.144
0.00112045 -685.145
0.00112159 -685.146
0.00112273 -685.149
0.00112386 -685.148
0.001125 -685.149
0.00112614 -685.15
0.00112727 -685.151
0.00112841 -685.152
0.00112955 -685.154
0.00113068 -685.155
0.00113182 -685.156
0.00113295 -685.159
0.00113409 -685.159
0.00113523 -685.159
0.00113636 -685.162
0.0011375 -685.164
0.00113864 -685.166
0.00113977 -685.167
0.00114091 -685.169
0.00114205 -685.171
0.00114318 -685.171
0.00114432 -685.175
0.00114545 -685.178
0.00114659 -685.176
0.00114773 -685.178
0.00114886 -685.176
0.00115 -685.177
0.00115114 -685.177
0.00115227 -685.178
0.00115341 -685.178
0.00115455 -685.178
0.00115568 -685.179
0.00115682 -685.179
0.00115795 -685.18
0.00115909 -685.179
0.00116023 -685.18
0.00116136 -685.18
0.0011625 -685.181
0.00116364 -685.182
0.00116477 -685.182
0.00116591 -685.184
0.00116705 -685.183
0.00116818 -685.184
0.00116932 -685.185
0.00117045 -685.187
0.00117159 -685.185
0.00117273 -685.187
0.00117386 -685.188
0.001175 -685.189
0.00117614 -685.191
0.00117727 -685.193
0.00117841 -685.195
0.00117955 -685.196
0.00118068 -685.195
0.00118182 -685.196
0.00118295 -685.194
0.00118409 -685.195
0.00118523 -685.193
0.00118636 -685.194
0.0011875 -685.191
0.00118864 -685.194
0.00118977 -685.191
0.00119091 -685.194
0.00119205 -685.194
0.00119318 -685.191
0.00119432 -685.192
0.00119545 -685.19
0.00119659 -685.191
0.00119773 -685.186
0.00119886 -685.185
0.0012 -685.186
0.00120114 -685.188
0.00120227 -685.187
0.00120341 -685.189
0.00120455 -685.19
0.00120568 -685.192
0.00120682 -685.19
0.00120795 -685.192
0.00120909 -685.193
0.00121023 -685.197
0.00121136 -685.196
0.0012125 -685.198
0.00121364 -685.198
0.00121477 -685.201
0.00121591 -685.203
0.00121705 -685.205
0.00121818 -685.205
0.00121932 -685.206
0.00122045 -685.209
0.00122159 -685.211
0.00122273 -685.213
0.00122386 -685.214
0.001225 -685.215
0.00122614 -685.216
0.00122727 -685.217
0.00122841 -685.217
0.00122955 -685.218
0.00123068 -685.218
0.00123182 -685.216
0.00123295 -685.219
0.00123409 -685.219
0.00123523 -685.22
0.00123636 -685.218
0.0012375 -685.219
0.00123864 -685.22
0.00123977 -685.219
0.00124091 -685.218
0.00124205 -685.217
0.00124318 -685.215
0.00124432 -685.215
0.00124545 -685.215
0.00124659 -685.215
0.00124773 -685.215
0.00124886 -685.216
0.00125 -685.216
0.00125114 -685.218
0.00125227 -685.217
0.00125341 -685.22
0.00125455 -685.219
0.00125568 -685.221
0.00125682 -685.222
0.00125795 -685.223
0.00125909 -685.224
0.00126023 -685.222
0.00126136 -685.222
0.0012625 -685.221
0.00126364 -685.221
0.00126477 -685.22
0.00126591 -685.22
0.00126705 -685.22
0.00126818 -685.218
0.00126932 -685.215
0.00127045 -685.215
0.00127159 -685.212
0.00127273 -685.212
0.00127386 -685.209
0.001275 -685.208
0.00127614 -685.206
0.00127727 -685.205
0.00127841 -685.203
0.00127955 -685.201
0.00128068 -685.198
0.00128182 -685.199
0.00128295 -685.196
0.00128409 -685.196
0.00128523 -685.193
0.00128636 -685.192
0.0012875 -685.192
0.00128864 -685.192
0.00128977 -685.193
0.00129091 -685.193
0.00129205 -685.193
0.00129318 -685.194
0.00129432 -685.196
0.00129545 -685.197
0.00129659 -685.198
0.00129773 -685.198
0.00129886 -685.197
0.0013 -685.197
0.00130114 -685.195
0.00130227 -685.194
0.00130341 -685.193
0.00130455 -685.191
0.00130568 -685.189
0.00130682 -685.185
0.00130795 -685.184
0.00130909 -685.181
0.00131023 -685.178
0.00131136 -685.179
0.0013125 -685.175
0.00131364 -685.173
0.00131477 -685.171
0.00131591 -685.168
0.00131705 -685.165
0.00131818 -685.162
0.00131932 -685.16
0.00132045 -685.158
0.00132159 -685.16
0.00132273 -685.161
0.00132386 -685.165
0.001325 -685.162
0.00132614 -685.161
0.00132727 -685.163
0.00132841 -685.164
0.00132955 -685.166
0.00133068 -685.17
0.00133182 -685.171
0.00133295 -685.173
0.00133409 -685.174
0.00133523 -685.176
0.00133636 -685.175
0.0013375 -685.178
0.00133864 -685.177
0.00133977 -685.177
0.00134091 -685.175
0.00134205 -685.175
0.00134318 -685.173
0.00134432 -685.174
0.00134545 -685.173
0.00134659 -685.173
0.00134773 -685.17
0.00134886 -685.172
0.00135 -685.171
0.00135114 -685.171
0.00135227 -685.173
0.00135341 -685.173
0.00135455 -685.174
0.00135568 -685.176
0.00135682 -685.177
0.00135795 -685.179
0.00135909 -685.178
0.00136023 -685.181
0.00136136 -685.184
0.0013625 -685.186
0.00136364 -685.185
0.00136477 -685.183
0.00136591 -685.186
0.00136705 -685.184
0.00136818 -685.186
0.00136932 -685.184
0.00137045 -685.187
0.00137159 -685.188
0.00137273 -685.19
0.00137386 -685.19
0.001375 -685.193
0.00137614 -685.196
0.00137727 -685.201
0.00137841 -685.206
0.00137955 -685.21
0.00138068 -685.213
0.00138182 -685.213
0.00138295 -685.214
0.00138409 -685.218
0.00138523 -685.222
0.00138636 -685.227
0.0013875 -685.232
0.00138864 -685.233
0.00138977 -685.237
0.00139091 -685.236
0.00139205 -685.241
0.00139318 -685.242
0.00139432 -685.243
0.00139545 -685.246
0.00139659 -685.246
0.00139773 -685.245
0.00139886 -685.244
0.0014 -685.24
0.00140114 -685.241
0.00140227 -685.241
0.00140341 -685.241
0.00140455 -685.241
0.00140568 -685.241
0.00140682 -685.242
0.00140795 -685.24
0.00140909 -685.239
0.00141023 -685.238
0.00141136 -685.235
0.0014125 -685.235
0.00141364 -685.234
0.00141477 -685.232
0.00141591 -685.23
0.00141705 -685.229
0.00141818 -685.229
0.00141932 -685.226
0.00142045 -685.224
0.00142159 -685.22
0.00142273 -685.218
0.00142386 -685.215
0.001425 -685.213
0.00142614 -685.21
0.00142727 -685.208
0.00142841 -685.206
0.00142955 -685.207
0.00143068 -685.204
0.00143182 -685.202
0.00143295 -685.198
0.00143409 -685.198
0.00143523 -685.197
0.00143636 -685.198
0.0014375 -685.198
0.00143864 -685.199
0.00143977 -685.2
0.00144091 -685.202
0.00144205 -685.202
0.00144318 -685.204
0.00144432 -685.204
0.00144545 -685.206
0.00144659 -685.207
0.00144773 -685.21
0.00144886 -685.209
0.00145 -685.211
0.00145114 -685.211
0.00145227 -685.213
0.00145341 -685.214
0.00145455 -685.214
0.00145568 -685.214
0.00145682 -685.214
0.00145795 -685.214
0.00145909 -685.214
0.00146023 -685.214
0.00146136 -685.216
0.0014625 -685.215
0.00146364 -685.216
0.00146477 -685.217
0.00146591 -685.219
0.00146705 -685.219
0.00146818 -685.221
0.00146932 -685.222
0.00147045 -685.223
0.00147159 -685.22
0.00147273 -685.222
0.00147386 -685.22
0.001475 -685.219
0.00147614 -685.219
0.00147727 -685.218
0.00147841 -685.218
0.00147955 -685.219
0.00148068 -685.223
0.00148182 -685.22
0.00148295 -685.223
0.00148409 -685.221
0.00148523 -685.221
0.00148636 -685.223
0.0014875 -685.222
0.00148864 -685.222
0.00148977 -685.222
0.00149091 -685.222
0.00149205 -685.221
0.00149318 -685.221
0.00149432 -685.22
0.00149545 -685.219
0.00149659 -685.219
0.00149773 -685.219
0.00149886 -685.22
0.0015 -685.219
0.00150114 -685.221
0.00150227 -685.221
0.00150341 -685.221
0.00150455 -685.219
0.00150568 -685.218
0.00150682 -685.217
0.00150795 -685.216
0.00150909 -685.214
0.00151023 -685.213
0.00151136 -685.212
0.0015125 -685.21
0.00151364 -685.209
0.00151477 -685.207
0.00151591 -685.205
0.00151705 -685.202
0.00151818 -685.199
0.00151932 -685.197
0.00152045 -685.194
0.00152159 -685.193
0.00152273 -685.191
0.00152386 -685.187
0.001525 -685.186
0.00152614 -685.183
0.00152727 -685.181
0.00152841 -685.178
0.00152955 -685.177
0.00153068 -685.175
0.00153182 -685.174
0.00153295 -685.174
0.00153409 -685.174
0.00153523 -685.17
0.00153636 -685.171
0.0015375 -685.17
0.00153864 -685.171
0.00153977 -685.168
0.00154091 -685.169
0.00154205 -685.167
0.00154318 -685.166
0.00154432 -685.166
0.00154545 -685.164
0.00154659 -685.16
0.00154773 -685.161
0.00154886 -685.162
0.00155 -685.164
0.00155114 -685.163
0.00155227 -685.164
0.00155341 -685.165
0.00155455 -685.167
0.00155568 -685.166
0.00155682 -685.168
0.00155795 -685.168
0.00155909 -685.17
0.00156023 -685.171
0.00156136 -685.173
0.0015625 -685.173
0.00156364 -685.175
0.00156477 -685.176
0.00156591 -685.176
0.00156705 -685.176
0.00156818 -685.177
0.00156932 -685.179
0.00157045 -685.179
0.00157159 -685.18
0.00157273 -685.181
0.00157386 -685.183
0.001575 -685.183
0.00157614 -685.183
0.00157727 -685.185
0.00157841 -685.185
0.00157955 -685.186
0.00158068 -685.187
0.00158182 -685.189
0.00158295 -685.19
0.00158409 -685.19
0.00158523 -685.191
0.00158636 -685.19
0.0015875 -685.191
0.00158864 -685.192
0.00158977 -685.192
0.00159091 -685.193
0.00159205 -685.196
0.00159318 -685.198
0.00159432 -685.197
0.00159545 -685.198
0.00159659 -685.2
0.00159773 -685.199
0.00159886 -685.201
0.0016 -685.202
0.00160114 -685.206
0.00160227 -685.206
0.00160341 -685.21
0.00160455 -685.21
0.00160568 -685.213
0.00160682 -685.213
0.00160795 -685.216
0.00160909 -685.215
0.00161023 -685.218
0.00161136 -685.217
0.0016125 -685.217
0.00161364 -685.215
0.00161477 -685.215
0.00161591 -685.216
0.00161705 -685.218
0.00161818 -685.219
0.00161932 -685.219
0.00162045 -685.219
0.00162159 -685.218
0.00162273 -685.215
0.00162386 -685.213
0.001625 -685.213
0.00162614 -685.214
0.00162727 -685.212
0.00162841 -685.213
0.00162955 -685.213
0.00163068 -685.214
0.00163182 -685.213
0.00163295 -685.214
0.00163409 -685.216
0.00163523 -685.216
0.00163636 -685.218
0.0016375 -685.218
0.00163864 -685.22
0.00163977 -685.218
0.00164091 -685.22
0.00164205 -685.219
0.00164318 -685.219
0.00164432 -685.216
0.00164545 -685.216
0.00164659 -685.215
0.00164773 -685.214
0.00164886 -685.213
0.00165 -685.213
0.00165114 -685.212
0.00165227 -685.211
0.00165341 -685.209
0.00165455 -685.208
0.00165568 -685.207
0.00165682 -685.204
0.00165795 -685.201
0.00165909 -685.2
0.00166023 -685.2
0.00166136 -685.198
0.0016625 -685.197
0.00166364 -685.198
0.00166477 -685.199
0.00166591 -685.199
0.00166705 -685.2
0.00166818 -685.199
0.00166932 -685.2
0.00167045 -685.199
0.00167159 -685.2
0.00167273 -685.198
0.00167386 -685.198
0.001675 -685.196
0.00167614 -685.196
0.00167727 -685.196
0.00167841 -685.197
0.00167955 -685.197
0.00168068 -685.196
0.00168182 -685.197
0.00168295 -685.197
0.00168409 -685.197
0.00168523 -685.196
0.00168636 -685.195
0.0016875 -685.194
0.00168864 -685.193
0.00168977 -685.191
0.00169091 -685.19
0.00169205 -685.189
0.00169318 -685.188
0.00169432 -685.186
0.00169545 -685.185
0.00169659 -685.183
0.00169773 -685.181
0.00169886 -685.18
0.0017 -685.18
0.00170114 -685.181
0.00170227 -685.182
0.00170341 -685.181
0.00170455 -685.182
0.00170568 -685.182
0.00170682 -685.184
0.00170795 -685.183
0.00170909 -685.184
0.00171023 -685.182
0.00171136 -685.182
0.0017125 -685.181
0.00171364 -685.18
0.00171477 -685.178
0.00171591 -685.176
0.00171705 -685.175
0.00171818 -685.175
0.00171932 -685.173
0.00172045 -685.173
0.00172159 -685.172
0.00172273 -685.171
0.00172386 -685.17
0.001725 -685.17
0.00172614 -685.169
0.00172727 -685.168
0.00172841 -685.164
0.00172955 -685.163
0.00173068 -685.163
0.00173182 -685.162
0.00173295 -685.155
0.00173409 -685.155
0.00173523 -685.153
0.00173636 -685.152
0.0017375 -685.15
0.00173864 -685.149
0.00173977 -685.148
0.00174091 -685.147
0.00174205 -685.146
0.00174318 -685.147
0.00174432 -685.147
0.00174545 -685.148
0.00174659 -685.147
0.00174773 -685.147
0.00174886 -685.148
0.00175 -685.148
0.00175114 -685.145
0.00175227 -685.145
0.00175341 -685.143
0.00175455 -685.144
0.00175568 -685.142
0.00175682 -685.142
0.00175795 -685.141
0.00175909 -685.141
0.00176023 -685.14
0.00176136 -685.143
0.0017625 -685.143
0.00176364 -685.145
0.00176477 -685.146
0.00176591 -685.147
0.00176705 -685.15
0.00176818 -685.155
0.00176932 -685.151
0.00177045 -685.156
0.00177159 -685.154
0.00177273 -685.157
0.00177386 -685.158
0.001775 -685.159
0.00177614 -685.159
0.00177727 -685.162
0.00177841 -685.161
0.00177955 -685.161
0.00178068 -685.163
0.00178182 -685.164
0.00178295 -685.165
0.00178409 -685.166
0.00178523 -685.167
0.00178636 -685.166
0.0017875 -685.166
0.00178864 -685.166
0.00178977 -685.166
0.00179091 -685.167
0.00179205 -685.166
0.00179318 -685.168
0.00179432 -685.171
0.00179545 -685.172
0.00179659 -685.172
0.00179773 -685.172
0.00179886 -685.173
0.0018 -685.173
0.00180114 -685.173
0.00180227 -685.174
0.00180341 -685.175
0.00180455 -685.176
0.00180568 -685.178
0.00180682 -685.179
0.00180795 -685.18
0.00180909 -685.177
0.00181023 -685.179
0.00181136 -685.179
0.0018125 -685.175
0.00181364 -685.177
0.00181477 -685.179
0.00181591 -685.181
0.00181705 -685.183
0.00181818 -685.184
0.00181932 -685.184
0.00182045 -685.185
0.00182159 -685.186
0.00182273 -685.186
0.00182386 -685.186
0.001825 -685.187
0.00182614 -685.188
0.00182727 -685.188
0.00182841 -685.19
0.00182955 -685.19
0.00183068 -685.191
0.00183182 -685.187
0.00183295 -685.185
0.00183409 -685.185
0.00183523 -685.186
0.00183636 -685.184
0.0018375 -685.185
0.00183864 -685.184
0.00183977 -685.185
0.00184091 -685.183
0.00184205 -685.185
0.00184318 -685.185
0.00184432 -685.187
0.00184545 -685.186
0.00184659 -685.186
0.00184773 -685.187
0.00184886 -685.188
0.00185 -685.189
0.00185114 -685.192
0.00185227 -685.192
0.00185341 -685.193
0.00185455 -685.196
0.00185568 -685.198
0.00185682 -685.2
0.00185795 -685.202
0.00185909 -685.201
0.00186023 -685.204
0.00186136 -685.206
0.0018625 -685.208
0.00186364 -685.207
0.00186477 -685.207
0.00186591 -685.207
0.00186705 -685.208
0.00186818 -685.209
0.00186932 -685.208
0.00187045 -685.208
0.00187159 -685.21
0.00187273 -685.209
0.00187386 -685.211
0.001875 -685.208
0.00187614 -685.209
0.00187727 -685.21
0.00187841 -685.213
0.00187955 -685.213
0.00188068 -685.213
0.00188182 -685.215
0.00188295 -685.215
0.00188409 -685.217
0.00188523 -685.219
0.00188636 -685.222
0.0018875 -685.223
0.00188864 -685.223
0.00188977 -685.225
0.00189091 -685.225
0.00189205 -685.225
0.00189318 -685.226
0.00189432 -685.227
0.00189545 -685.225
0.00189659 -685.226
0.00189773 -685.228
0.00189886 -685.228
0.0019 -685.228
0.00190114 -685.228
0.00190227 -685.228
0.00190341 -685.227
0.00190455 -685.226
0.00190568 -685.224
0.00190682 -685.222
0.00190795 -685.221
0.00190909 -685.219
0.00191023 -685.215
0.00191136 -685.214
0.0019125 -685.213
0.00191364 -685.211
0.00191477 -685.211
0.00191591 -685.211
0.00191705 -685.211
0.00191818 -685.211
0.00191932 -685.212
0.00192045 -685.213
0.00192159 -685.215
0.00192273 -685.215
0.00192386 -685.216
0.001925 -685.216
0.00192614 -685.216
0.00192727 -685.216
0.00192841 -685.217
0.00192955 -685.217
0.00193068 -685.217
0.00193182 -685.216
0.00193295 -685.216
0.00193409 -685.214
0.00193523 -685.213
0.00193636 -685.212
0.0019375 -685.211
0.00193864 -685.209
0.00193977 -685.209
0.00194091 -685.207
0.00194205 -685.207
0.00194318 -685.206
0.00194432 -685.206
0.00194545 -685.205
0.00194659 -685.205
0.00194773 -685.203
0.00194886 -685.202
0.00195 -685.201
0.00195114 -685.2
0.00195227 -685.199
0.00195341 -685.199
0.00195455 -685.194
0.00195568 -685.193
0.00195682 -685.191
0.00195795 -685.191
0.00195909 -685.189
0.00196023 -685.188
0.00196136 -685.187
0.0019625 -685.186
0.00196364 -685.186
0.00196477 -685.183
0.00196591 -685.183
0.00196705 -685.183
0.00196818 -685.181
0.00196932 -685.18
0.00197045 -685.18
0.00197159 -685.182
0.00197273 -685.181
0.00197386 -685.181
0.001975 -685.182
0.00197614 -685.183
0.00197727 -685.184
0.00197841 -685.185
0.00197955 -685.186
0.00198068 -685.189
0.00198182 -685.188
0.00198295 -685.19
0.00198409 -685.191
0.00198523 -685.194
0.00198636 -685.195
0.0019875 -685.196
0.00198864 -685.197
0.00198977 -685.198
0.00199091 -685.2
0.00199205 -685.201
0.00199318 -685.204
0.00199432 -685.205
0.00199545 -685.207
0.00199659 -685.207
0.00199773 -685.21
0.00199886 -685.211
0.002 -685.213
0.00200114 -685.214
0.00200227 -685.216
0.00200341 -685.218
0.00200455 -685.22
0.00200568 -685.223
0.00200682 -685.224
0.00200795 -685.227
0.00200909 -685.23
0.00201023 -685.232
0.00201136 -685.233
0.0020125 -685.235
0.00201364 -685.234
0.00201477 -685.234
0.00201591 -685.233
0.00201705 -685.234
0.00201818 -685.235
0.00201932 -685.236
0.00202045 -685.236
0.00202159 -685.236
0.00202273 -685.237
0.00202386 -685.236
0.002025 -685.237
0.00202614 -685.238
0.00202727 -685.238
0.00202841 -685.24
0.00202955 -685.239
0.00203068 -685.24
0.00203182 -685.24
0.00203295 -685.238
0.00203409 -685.238
0.00203523 -685.237
0.00203636 -685.235
0.0020375 -685.232
0.00203864 -685.231
0.00203977 -685.23
0.00204091 -685.225
0.00204205 -685.224
0.00204318 -685.221
0.00204432 -685.22
0.00204545 -685.217
0.00204659 -685.214
0.00204773 -685.212
0.00204886 -685.211
0.00205 -685.209
0.00205114 -685.206
0.00205227 -685.205
0.00205341 -685.202
0.00205455 -685.2
0.00205568 -685.198
0.00205682 -685.198
0.00205795 -685.189
0.00205909 -685.187
0.00206023 -685.187
0.00206136 -685.187
0.0020625 -685.188
0.00206364 -685.187
0.00206477 -685.186
0.00206591 -685.183
0.00206705 -685.181
0.00206818 -685.182
0.00206932 -685.18
0.00207045 -685.179
0.00207159 -685.177
0.00207273 -685.175
0.00207386 -685.173
0.002075 -685.174
0.00207614 -685.171
0.00207727 -685.17
0.00207841 -685.169
0.00207955 -685.17
0.00208068 -685.17
0.00208182 -685.171
0.00208295 -685.171
0.00208409 -685.173
0.00208523 -685.173
0.00208636 -685.174
0.0020875 -685.174
0.00208864 -685.175
0.00208977 -685.175
0.00209091 -685.175
0.00209205 -685.175
0.00209318 -685.176
0.00209432 -685.175
0.00209545 -685.174
0.00209659 -685.172
0.00209773 -685.171
0.00209886 -685.171
0.0021 -685.169
0.00210114 -685.168
0.00210227 -685.168
0.00210341 -685.167
0.00210455 -685.165
0.00210568 -685.165
0.00210682 -685.165
0.00210795 -685.165
0.00210909 -685.164
0.00211023 -685.164
0.00211136 -685.165
0.0021125 -685.164
0.00211364 -685.165
0.00211477 -685.166
0.00211591 -685.167
0.00211705 -685.167
0.00211818 -685.169
0.00211932 -685.17
0.00212045 -685.171
0.00212159 -685.172
0.00212273 -685.172
0.00212386 -685.173
0.002125 -685.175
0.00212614 -685.176
0.00212727 -685.177
0.00212841 -685.177
0.00212955 -685.176
0.00213068 -685.176
0.00213182 -685.174
0.00213295 -685.172
0.00213409 -685.17
0.00213523 -685.168
0.00213636 -685.167
0.0021375 -685.165
0.00213864 -685.163
0.00213977 -685.162
0.00214091 -685.16
0.00214205 -685.159
0.00214318 -685.158
0.00214432 -685.157
0.00214545 -685.157
0.00214659 -685.155
0.00214773 -685.156
0.00214886 -685.154
0.00215 -685.154
0.00215114 -685.153
0.00215227 -685.151
0.00215341 -685.15
0.00215455 -685.15
0.00215568 -685.15
0.00215682 -685.151
0.00215795 -685.152
0.00215909 -685.153
0.00216023 -685.153
0.00216136 -685.152
0.0021625 -685.152
0.00216364 -685.151
0.00216477 -685.149
0.00216591 -685.148
0.00216705 -685.151
0.00216818 -685.149
0.00216932 -685.149
0.00217045 -685.148
0.00217159 -685.147
0.00217273 -685.148
0.00217386 -685.147
0.002175 -685.148
0.00217614 -685.148
0.00217727 -685.151
0.00217841 -685.152
0.00217955 -685.153
0.00218068 -685.152
0.00218182 -685.152
0.00218295 -685.151
0.00218409 -685.153
0.00218523 -685.155
0.00218636 -685.157
0.0021875 -685.16
0.00218864 -685.162
0.00218977 -685.164
0.00219091 -685.165
0.00219205 -685.167
0.00219318 -685.166
0.00219432 -685.167
0.00219545 -685.167
0.00219659 -685.167
0.00219773 -685.168
0.00219886 -685.167
0.0022 -685.168
0.00220114 -685.168
0.00220227 -685.169
0.00220341 -685.168
0.00220455 -685.166
0.00220568 -685.166
0.00220682 -685.166
0.00220795 -685.164
0.00220909 -685.165
0.00221023 -685.165
0.00221136 -685.166
0.0022125 -685.166
0.00221364 -685.165
0.00221477 -685.165
0.00221591 -685.167
0.00221705 -685.169
0.00221818 -685.17
0.00221932 -685.169
0.00222045 -685.171
0.00222159 -685.172
0.00222273 -685.173
0.00222386 -685.173
0.002225 -685.173
0.00222614 -685.173
0.00222727 -685.174
0.00222841 -685.172
0.00222955 -685.173
0.00223068 -685.174
0.00223182 -685.175
0.00223295 -685.176
0.00223409 -685.175
0.00223523 -685.176
0.00223636 -685.176
0.0022375 -685.177
0.00223864 -685.176
0.00223977 -685.177
0.00224091 -685.178
0.00224205 -685.176
0.00224318 -685.178
0.00224432 -685.177
0.00224545 -685.178
0.00224659 -685.176
0.00224773 -685.177
0.00224886 -685.175
0.00225 -685.175
0.00225114 -685.175
0.00225227 -685.175
0.00225341 -685.176
0.00225455 -685.175
0.00225568 -685.173
0.00225682 -685.173
0.00225795 -685.173
0.00225909 -685.173
0.00226023 -685.173
0.00226136 -685.172
0.0022625 -685.172
0.00226364 -685.173
0.00226477 -685.173
0.00226591 -685.176
0.00226705 -685.176
0.00226818 -685.177
0.00226932 -685.178
0.00227045 -685.181
0.00227159 -685.18
0.00227273 -685.179
0.00227386 -685.181
0.002275 -685.182
0.00227614 -685.182
0.00227727 -685.182
0.00227841 -685.181
0.00227955 -685.181
0.00228068 -685.184
0.00228182 -685.183
0.00228295 -685.182
0.00228409 -685.182
0.00228523 -685.185
0.00228636 -685.183
0.0022875 -685.182
0.00228864 -685.181
0.00228977 -685.181
0.00229091 -685.179
0.00229205 -685.178
0.00229318 -685.176
0.00229432 -685.176
0.00229545 -685.173
0.00229659 -685.173
0.00229773 -685.172
0.00229886 -685.173
0.0023 -685.172
0.00230114 -685.172
0.00230227 -685.172
0.00230341 -685.174
0.00230455 -685.174
0.00230568 -685.174
0.00230682 -685.175
0.00230795 -685.173
0.00230909 -685.174
0.00231023 -685.171
0.00231136 -685.173
0.0023125 -685.17
0.00231364 -685.169
0.00231477 -685.169
0.00231591 -685.171
0.00231705 -685.172
0.00231818 -685.175
0.00231932 -685.176
0.00232045 -685.179
0.00232159 -685.179
0.00232273 -685.176
0.00232386 -685.177
0.002325 -685.178
0.00232614 -685.177
0.00232727 -685.175
0.00232841 -685.174
0.00232955 -685.174
0.00233068 -685.174
0.00233182 -685.172
0.00233295 -685.171
0.00233409 -685.172
0.00233523 -685.172
0.00233636 -685.172
0.0023375 -685.173
0.00233864 -685.171
0.00233977 -685.171
0.00234091 -685.169
0.00234205 -685.171
0.00234318 -685.17
0.00234432 -685.17
0.00234545 -685.168
0.00234659 -685.167
0.00234773 -685.167
0.00234886 -685.166
0.00235 -685.166
0.00235114 -685.165
0.00235227 -685.165
0.00235341 -685.163
0.00235455 -685.162
0.00235568 -685.161
0.00235682 -685.161
0.00235795 -685.161
0.00235909 -685.161
0.00236023 -685.159
0.00236136 -685.155
0.0023625 -685.154
0.00236364 -685.152
0.00236477 -685.153
0.00236591 -685.155
0.00236705 -685.157
0.00236818 -685.156
0.00236932 -685.158
0.00237045 -685.157
0.00237159 -685.158
0.00237273 -685.154
0.00237386 -685.155
0.002375 -685.153
0.00237614 -685.154
0.00237727 -685.153
0.00237841 -685.153
0.00237955 -685.152
0.00238068 -685.152
0.00238182 -685.151
0.00238295 -685.152
0.00238409 -685.151
0.00238523 -685.15
0.00238636 -685.149
0.0023875 -685.149
0.00238864 -685.147
0.00238977 -685.148
0.00239091 -685.147
0.00239205 -685.147
0.00239318 -685.146
0.00239432 -685.147
0.00239545 -685.146
0.00239659 -685.146
0.00239773 -685.144
0.00239886 -685.143
0.0024 -685.143
0.00240114 -685.143
0.00240227 -685.141
0.00240341 -685.142
0.00240455 -685.142
0.00240568 -685.142
0.00240682 -685.141
0.00240795 -685.141
0.00240909 -685.139
0.00241023 -685.14
0.00241136 -685.139
0.0024125 -685.141
0.00241364 -685.14
0.00241477 -685.141
0.00241591 -685.142
0.00241705 -685.141
0.00241818 -685.141
0.00241932 -685.139
0.00242045 -685.14
0.00242159 -685.14
0.00242273 -685.142
0.00242386 -685.139
0.002425 -685.14
0.00242614 -685.139
0.00242727 -685.139
0.00242841 -685.138
0.00242955 -685.137
0.00243068 -685.136
0.00243182 -685.134
0.00243295 -685.132
0.00243409 -685.13
0.00243523 -685.129
0.00243636 -685.127
0.0024375 -685.127
0.00243864 -685.125
0.00243977 -685.124
0.00244091 -685.124
0.00244205 -685.123
0.00244318 -685.122
0.00244432 -685.116
0.00244545 -685.114
0.00244659 -685.11
0.00244773 -685.108
0.00244886 -685.104
0.00245 -685.103
0.00245114 -685.099
0.00245227 -685.096
0.00245341 -685.095
0.00245455 -685.092
0.00245568 -685.091
0.00245682 -685.089
0.00245795 -685.089
0.00245909 -685.088
0.00246023 -685.088
0.00246136 -685.088
0.0024625 -685.087
0.00246364 -685.086
0.00246477 -685.085
0.00246591 -685.086
0.00246705 -685.086
0.00246818 -685.087
0.00246932 -685.086
0.00247045 -685.087
0.00247159 -685.088
0.00247273 -685.089
0.00247386 -685.088
0.002475 -685.091
0.00247614 -685.089
0.00247727 -685.088
0.00247841 -685.089
0.00247955 -685.09
0.00248068 -685.09
0.00248182 -685.089
0.00248295 -685.088
0.00248409 -685.089
0.00248523 -685.088
0.00248636 -685.087
0.0024875 -685.087
0.00248864 -685.087
0.00248977 -685.085
0.00249091 -685.083
0.00249205 -685.084
0.00249318 -685.082
0.00249432 -685.082
0.00249545 -685.081
0.00249659 -685.078
0.00249773 -685.078
0.00249886 -685.078
0.0025 -685.077
0.00250114 -685.077
0.00250227 -685.077
0.00250341 -685.077
0.00250455 -685.077
0.00250568 -685.077
0.00250682 -685.079
0.00250795 -685.08
0.00250909 -685.082
0.00251023 -685.082
0.00251136 -685.084
0.0025125 -685.085
0.00251364 -685.087
0.00251477 -685.087
0.00251591 -685.088
0.00251705 -685.088
0.00251818 -685.09
0.00251932 -685.088
0.00252045 -685.09
0.00252159 -685.09
0.00252273 -685.091
0.00252386 -685.09
0.002525 -685.092
0.00252614 -685.092
0.00252727 -685.09
0.00252841 -685.09
0.00252955 -685.093
0.00253068 -685.093
0.00253182 -685.094
0.00253295 -685.096
0.00253409 -685.097
0.00253523 -685.097
0.00253636 -685.099
0.0025375 -685.1
0.00253864 -685.101
0.00253977 -685.102
0.00254091 -685.103
0.00254205 -685.103
0.00254318 -685.103
0.00254432 -685.102
0.00254545 -685.101
0.00254659 -685.1
0.00254773 -685.099
0.00254886 -685.098
0.00255 -685.096
0.00255114 -685.095
0.00255227 -685.095
0.00255341 -685.096
0.00255455 -685.097
0.00255568 -685.096
0.00255682 -685.095
0.00255795 -685.096
0.00255909 -685.093
0.00256023 -685.092
0.00256136 -685.096
0.0025625 -685.099
0.00256364 -685.1
0.00256477 -685.101
0.00256591 -685.103
0.00256705 -685.103
0.00256818 -685.103
0.00256932 -685.104
0.00257045 -685.105
0.00257159 -685.106
0.00257273 -685.108
0.00257386 -685.111
0.002575 -685.11
0.00257614 -685.112
0.00257727 -685.113
0.00257841 -685.11
0.00257955 -685.112
0.00258068 -685.113
0.00258182 -685.114
0.00258295 -685.112
0.00258409 -685.113
0.00258523 -685.116
0.00258636 -685.116
0.0025875 -685.116
0.00258864 -685.118
0.00258977 -685.119
0.00259091 -685.119
0.00259205 -685.122
0.00259318 -685.121
0.00259432 -685.122
0.00259545 -685.124
0.00259659 -685.127
0.00259773 -685.127
0.00259886 -685.126
0.0026 -685.128
0.00260114 -685.127
0.00260227 -685.127
0.00260341 -685.127
0.00260455 -685.128
0.00260568 -685.129
0.00260682 -685.129
0.00260795 -685.131
0.00260909 -685.131
0.00261023 -685.132
0.00261136 -685.132
0.0026125 -685.132
0.00261364 -685.133
0.00261477 -685.134
0.00261591 -685.135
0.00261705 -685.135
0.00261818 -685.136
0.00261932 -685.138
0.00262045 -685.136
0.00262159 -685.138
0.00262273 -685.14
0.00262386 -685.14
0.002625 -685.142
0.00262614 -685.144
0.00262727 -685.146
0.00262841 -685.146
0.00262955 -685.148
0.00263068 -685.148
0.00263182 -685.15
0.00263295 -685.152
0.00263409 -685.154
0.00263523 -685.157
0.00263636 -685.158
0.0026375 -685.159
0.00263864 -685.161
0.00263977 -685.162
0.00264091 -685.165
0.00264205 -685.167
0.00264318 -685.172
0.00264432 -685.175
0.00264545 -685.175
0.00264659 -685.172
0.00264773 -685.173
0.00264886 -685.174
0.00265 -685.174
0.00265114 -685.173
0.00265227 -685.17
0.00265341 -685.17
0.00265455 -685.17
0.00265568 -685.172
0.00265682 -685.173
0.00265795 -685.173
0.00265909 -685.175
0.00266023 -685.175
0.00266136 -685.177
0.0026625 -685.176
0.00266364 -685.176
0.00266477 -685.176
0.00266591 -685.176
0.00266705 -685.176
0.00266818 -685.176
0.00266932 -685.175
0.00267045 -685.175
0.00267159 -685.174
0.00267273 -685.174
0.00267386 -685.172
0.002675 -685.171
0.00267614 -685.17
0.00267727 -685.171
0.00267841 -685.169
0.00267955 -685.169
0.00268068 -685.168
0.00268182 -685.168
0.00268295 -685.167
0.00268409 -685.167
0.00268523 -685.167
0.00268636 -685.166
0.0026875 -685.165
0.00268864 -685.166
0.00268977 -685.167
0.00269091 -685.167
0.00269205 -685.168
0.00269318 -685.168
0.00269432 -685.168
0.00269545 -685.172
0.00269659 -685.173
0.00269773 -685.174
0.00269886 -685.172
0.0027 -685.174
0.00270114 -685.176
0.00270227 -685.176
0.00270341 -685.176
0.00270455 -685.178
0.00270568 -685.179
0.00270682 -685.179
0.00270795 -685.18
0.00270909 -685.18
0.00271023 -685.179
0.00271136 -685.179
0.0027125 -685.18
0.00271364 -685.183
0.00271477 -685.184
0.00271591 -685.187
0.00271705 -685.188
0.00271818 -685.188
0.00271932 -685.19
0.00272045 -685.191
0.00272159 -685.189
0.00272273 -685.191
0.00272386 -685.194
0.002725 -685.195
0.00272614 -685.196
0.00272727 -685.197
0.00272841 -685.198
0.00272955 -685.198
0.00273068 -685.2
0.00273182 -685.202
0.00273295 -685.202
0.00273409 -685.202
0.00273523 -685.203
0.00273636 -685.204
0.0027375 -685.204
0.00273864 -685.205
0.00273977 -685.207
0.00274091 -685.207
0.00274205 -685.206
0.00274318 -685.206
0.00274432 -685.206
0.00274545 -685.206
0.00274659 -685.205
0.00274773 -685.205
0.00274886 -685.205
0.00275 -685.205
0.00275114 -685.203
0.00275227 -685.201
0.00275341 -685.201
0.00275455 -685.198
0.00275568 -685.195
0.00275682 -685.195
0.00275795 -685.195
0.00275909 -685.195
0.00276023 -685.194
0.00276136 -685.193
0.0027625 -685.193
0.00276364 -685.195
0.00276477 -685.193
0.00276591 -685.191
0.00276705 -685.19
0.00276818 -685.187
0.00276932 -685.184
0.00277045 -685.182
0.00277159 -685.178
0.00277273 -685.177
0.00277386 -685.175
0.002775 -685.173
0.00277614 -685.17
0.00277727 -685.167
0.00277841 -685.167
0.00277955 -685.166
0.00278068 -685.161
0.00278182 -685.161
0.00278295 -685.16
0.00278409 -685.159
0.00278523 -685.156
0.00278636 -685.156
0.0027875 -685.159
0.00278864 -685.16
0.00278977 -685.161
0.00279091 -685.161
0.00279205 -685.161
0.00279318 -685.16
0.00279432 -685.161
0.00279545 -685.16
0.00279659 -685.158
0.00279773 -685.16
0.00279886 -685.16
0.0028 -685.159
0.00280114 -685.16
0.00280227 -685.161
0.00280341 -685.16
0.00280455 -685.162
0.00280568 -685.161
0.00280682 -685.162
0.00280795 -685.162
0.00280909 -685.164
0.00281023 -685.164
0.00281136 -685.166
0.0028125 -685.165
0.00281364 -685.166
0.00281477 -685.167
0.00281591 -685.167
0.00281705 -685.169
0.00281818 -685.17
0.00281932 -685.171
0.00282045 -685.172
0.00282159 -685.172
0.00282273 -685.173
0.00282386 -685.174
0.002825 -685.175
0.00282614 -685.174
0.00282727 -685.175
0.00282841 -685.176
0.00282955 -685.175
0.00283068 -685.176
0.00283182 -685.177
0.00283295 -685.178
0.00283409 -685.178
0.00283523 -685.179
0.00283636 -685.178
0.0028375 -685.178
0.00283864 -685.176
0.00283977 -685.176
0.00284091 -685.176
0.00284205 -685.177
0.00284318 -685.176
0.00284432 -685.176
0.00284545 -685.176
0.00284659 -685.177
0.00284773 -685.176
0.00284886 -685.173
0.00285 -685.172
0.00285114 -685.172
0.00285227 -685.17
0.00285341 -685.168
0.00285455 -685.167
0.00285568 -685.166
0.00285682 -685.165
0.00285795 -685.165
0.00285909 -685.165
0.00286023 -685.165
0.00286136 -685.164
0.0028625 -685.165
0.00286364 -685.164
0.00286477 -685.165
0.00286591 -685.165
0.00286705 -685.164
0.00286818 -685.162
0.00286932 -685.163
0.00287045 -685.163
0.00287159 -685.164
0.00287273 -685.164
0.00287386 -685.165
0.002875 -685.167
0.00287614 -685.167
0.00287727 -685.167
0.00287841 -685.166
0.00287955 -685.167
0.00288068 -685.166
0.00288182 -685.167
0.00288295 -685.168
0.00288409 -685.17
0.00288523 -685.173
0.00288636 -685.174
0.0028875 -685.176
0.00288864 -685.176
0.00288977 -685.177
0.00289091 -685.179
0.00289205 -685.181
0.00289318 -685.181
0.00289432 -685.184
0.00289545 -685.184
0.00289659 -685.186
0.00289773 -685.19
0.00289886 -685.193
0.0029 -685.196
0.00290114 -685.197
0.00290227 -685.198
0.00290341 -685.2
0.00290455 -685.201
0.00290568 -685.202
0.00290682 -685.205
0.00290795 -685.206
0.00290909 -685.206
0.00291023 -685.208
0.00291136 -685.207
0.0029125 -685.207
0.00291364 -685.206
0.00291477 -685.206
0.00291591 -685.206
0.00291705 -685.207
0.00291818 -685.206
0.00291932 -685.205
0.00292045 -685.204
0.00292159 -685.204
0.00292273 -685.205
0.00292386 -685.206
0.002925 -685.207
0.00292614 -685.207
0.00292727 -685.208
0.00292841 -685.208
0.00292955 -685.21
0.00293068 -685.211
0.00293182 -685.211
0.00293295 -685.211
0.00293409 -685.212
0.00293523 -685.213
0.00293636 -685.214
0.0029375 -685.214
0.00293864 -685.214
0.00293977 -685.214
0.00294091 -685.214
0.00294205 -685.215
0.00294318 -685.216
0.00294432 -685.213
0.00294545 -685.212
0.00294659 -685.212
0.00294773 -685.212
0.00294886 -685.209
0.00295 -685.209
0.00295114 -685.205
0.00295227 -685.203
0.00295341 -685.201
0.00295455 -685.2
0.00295568 -685.197
0.00295682 -685.194
0.00295795 -685.192
0.00295909 -685.19
0.00296023 -685.187
0.00296136 -685.186
0.0029625 -685.184
0.00296364 -685.182
0.00296477 -685.182
0.00296591 -685.182
0.00296705 -685.182
0.00296818 -685.181
0.00296932 -685.181
0.00297045 -685.181
0.00297159 -685.18
0.00297273 -685.179
0.00297386 -685.178
0.002975 -685.177
0.00297614 -685.176
0.00297727 -685.174
0.00297841 -685.174
0.00297955 -685.172
0.00298068 -685.171
0.00298182 -685.171
0.00298295 -685.171
0.00298409 -685.171
0.00298523 -685.169
0.00298636 -685.17
0.0029875 -685.171
0.00298864 -685.172
0.00298977 -685.173
0.00299091 -685.167
0.00299205 -685.167
0.00299318 -685.167
0.00299432 -685.169
0.00299545 -685.169
0.00299659 -685.17
0.00299773 -685.171
0.00299886 -685.172
0.003 -685.172
0.00300114 -685.171
0.00300227 -685.171
0.00300341 -685.171
0.00300455 -685.17
0.00300568 -685.171
0.00300682 -685.17
0.00300795 -685.17
0.00300909 -685.168
0.00301023 -685.167
0.00301136 -685.166
0.0030125 -685.165
0.00301364 -685.165
0.00301477 -685.165
0.00301591 -685.164
0.00301705 -685.165
0.00301818 -685.166
0.00301932 -685.166
0.00302045 -685.167
0.00302159 -685.168
0.00302273 -685.169
0.00302386 -685.169
0.003025 -685.169
0.00302614 -685.168
0.00302727 -685.169
0.00302841 -685.169
0.00302955 -685.169
0.00303068 -685.169
0.00303182 -685.168
0.00303295 -685.169
0.00303409 -685.169
0.00303523 -685.171
0.00303636 -685.171
0.0030375 -685.173
0.00303864 -685.174
0.00303977 -685.174
0.00304091 -685.174
0.00304205 -685.175
0.00304318 -685.174
0.00304432 -685.176
0.00304545 -685.175
0.00304659 -685.175
0.00304773 -685.175
0.00304886 -685.173
0.00305 -685.174
0.00305114 -685.176
0.00305227 -685.173
0.00305341 -685.174
0.00305455 -685.172
0.00305568 -685.173
0.00305682 -685.171
0.00305795 -685.17
0.00305909 -685.169
0.00306023 -685.168
0.00306136 -685.168
0.0030625 -685.167
0.00306364 -685.166
0.00306477 -685.164
0.00306591 -685.164
0.00306705 -685.163
0.00306818 -685.162
0.00306932 -685.161
0.00307045 -685.16
0.00307159 -685.159
0.00307273 -685.158
0.00307386 -685.155
0.003075 -685.151
0.00307614 -685.15
0.00307727 -685.149
0.00307841 -685.147
0.00307955 -685.145
0.00308068 -685.145
0.00308182 -685.146
0.00308295 -685.143
0.00308409 -685.14
0.00308523 -685.139
0.00308636 -685.137
0.0030875 -685.133
0.00308864 -685.133
0.00308977 -685.13
0.00309091 -685.129
0.00309205 -685.127
0.00309318 -685.126
0.00309432 -685.123
0.00309545 -685.122
0.00309659 -685.116
0.00309773 -685.115
0.00309886 -685.112
0.0031 -685.109
0.00310114 -685.106
0.00310227 -685.105
0.00310341 -685.105
0.00310455 -685.105
0.00310568 -685.104
0.00310682 -685.104
0.00310795 -685.103
0.00310909 -685.101
0.00311023 -685.1
0.00311136 -685.1
0.0031125 -685.1
0.00311364 -685.1
0.00311477 -685.101
0.00311591 -685.101
0.00311705 -685.102
0.00311818 -685.102
0.00311932 -685.105
0.00312045 -685.105
0.00312159 -685.106
0.00312273 -685.106
0.00312386 -685.107
0.003125 -685.107
0.00312614 -685.109
0.00312727 -685.108
0.00312841 -685.111
0.00312955 -685.113
0.00313068 -685.115
0.00313182 -685.118
0.00313295 -685.119
0.00313409 -685.121
0.00313523 -685.122
0.00313636 -685.124
0.0031375 -685.125
0.00313864 -685.126
0.00313977 -685.127
0.00314091 -685.126
0.00314205 -685.127
0.00314318 -685.128
0.00314432 -685.128
0.00314545 -685.13
0.00314659 -685.131
0.00314773 -685.133
0.00314886 -685.134
0.00315 -685.135
0.00315114 -685.137
0.00315227 -685.133
0.00315341 -685.133
0.00315455 -685.132
0.00315568 -685.131
0.00315682 -685.129
0.00315795 -685.129
0.00315909 -685.127
0.00316023 -685.127
0.00316136 -685.125
0.0031625 -685.125
0.00316364 -685.123
0.00316477 -685.123
0.00316591 -685.122
0.00316705 -685.122
0.00316818 -685.118
0.00316932 -685.117
0.00317045 -685.118
0.00317159 -685.118
0.00317273 -685.119
0.00317386 -685.119
0.003175 -685.119
0.00317614 -685.119
0.00317727 -685.12
0.00317841 -685.118
0.00317955 -685.118
0.00318068 -685.117
0.00318182 -685.117
0.00318295 -685.115
0.00318409 -685.114
0.00318523 -685.112
0.00318636 -685.11
0.0031875 -685.109
0.00318864 -685.108
0.00318977 -685.107
0.00319091 -685.105
0.00319205 -685.105
0.00319318 -685.103
0.00319432 -685.101
0.00319545 -685.1
0.00319659 -685.099
0.00319773 -685.099
0.00319886 -685.099
0.0032 -685.099
0.00320114 -685.099
0.00320227 -685.1
0.00320341 -685.101
0.00320455 -685.101
0.00320568 -685.1
0.00320682 -685.1
0.00320795 -685.098
0.00320909 -685.097
0.00321023 -685.096
0.00321136 -685.096
0.0032125 -685.093
0.00321364 -685.093
0.00321477 -685.093
0.00321591 -685.092
0.00321705 -685.093
0.00321818 -685.091
0.00321932 -685.092
0.00322045 -685.091
0.00322159 -685.091
0.00322273 -685.089
0.00322386 -685.091
0.003225 -685.09
0.00322614 -685.087
0.00322727 -685.087
0.00322841 -685.086
0.00322955 -685.087
0.00323068 -685.089
0.00323182 -685.089
0.00323295 -685.089
0.00323409 -685.091
0.00323523 -685.095
0.00323636 -685.094
0.0032375 -685.097
0.00323864 -685.097
0.00323977 -685.097
0.00324091 -685.099
0.00324205 -685.1
0.00324318 -685.104
0.00324432 -685.104
0.00324545 -685.106
0.00324659 -685.107
0.00324773 -685.11
0.00324886 -685.111
0.00325 -685.113
0.00325114 -685.112
0.00325227 -685.113
0.00325341 -685.114
0.00325455 -685.114
0.00325568 -685.117
0.00325682 -685.118
0.00325795 -685.119
0.00325909 -685.12
0.00326023 -685.121
0.00326136 -685.121
0.0032625 -685.123
0.00326364 -685.124
0.00326477 -685.125
0.00326591 -685.125
0.00326705 -685.125
0.00326818 -685.125
0.00326932 -685.125
0.00327045 -685.125
0.00327159 -685.127
0.00327273 -685.129
0.00327386 -685.13
0.003275 -685.13
0.00327614 -685.131
0.00327727 -685.134
0.00327841 -685.135
0.00327955 -685.137
0.00328068 -685.139
0.00328182 -685.141
0.00328295 -685.143
0.00328409 -685.143
0.00328523 -685.145
0.00328636 -685.149
0.0032875 -685.15
0.00328864 -685.152
0.00328977 -685.153
0.00329091 -685.155
0.00329205 -685.158
0.00329318 -685.161
0.00329432 -685.161
0.00329545 -685.164
0.00329659 -685.165
0.00329773 -685.166
0.00329886 -685.168
0.0033 -685.17
0.00330114 -685.172
0.00330227 -685.172
0.00330341 -685.173
0.00330455 -685.175
0.00330568 -685.174
0.00330682 -685.176
0.00330795 -685.176
0.00330909 -685.179
0.00331023 -685.182
0.00331136 -685.185
0.0033125 -685.187
0.00331364 -685.186
0.00331477 -685.184
0.00331591 -685.183
0.00331705 -685.182
0.00331818 -685.182
0.00331932 -685.183
0.00332045 -685.181
0.00332159 -685.181
0.00332273 -685.18
0.00332386 -685.172
0.003325 -685.172
0.00332614 -685.171
0.00332727 -685.17
0.00332841 -685.167
0.00332955 -685.166
0.00333068 -685.165
0.00333182 -685.163
0.00333295 -685.163
0.00333409 -685.161
0.00333523 -685.161
0.00333636 -685.159
0.0033375 -685.158
0.00333864 -685.158
0.00333977 -685.158
0.00334091 -685.157
0.00334205 -685.157
0.00334318 -685.156
0.00334432 -685.155
0.00334545 -685.154
0.00334659 -685.153
0.00334773 -685.154
0.00334886 -685.154
0.00335 -685.155
0.00335114 -685.156
0.00335227 -685.155
0.00335341 -685.156
0.00335455 -685.156
0.00335568 -685.156
0.00335682 -685.156
0.00335795 -685.157
0.00335909 -685.157
0.00336023 -685.159
0.00336136 -685.16
0.0033625 -685.159
0.00336364 -685.159
0.00336477 -685.16
0.00336591 -685.16
0.00336705 -685.161
0.00336818 -685.16
0.00336932 -685.157
0.00337045 -685.155
0.00337159 -685.154
0.00337273 -685.151
0.00337386 -685.149
0.003375 -685.148
0.00337614 -685.146
0.00337727 -685.145
0.00337841 -685.144
0.00337955 -685.142
0.00338068 -685.142
0.00338182 -685.141
0.00338295 -685.143
0.00338409 -685.139
0.00338523 -685.14
0.00338636 -685.137
0.0033875 -685.136
0.00338864 -685.133
0.00338977 -685.131
0.00339091 -685.129
0.00339205 -685.127
0.00339318 -685.127
0.00339432 -685.125
0.00339545 -685.126
0.00339659 -685.123
0.00339773 -685.126
0.00339886 -685.124
0.0034 -685.125
0.00340114 -685.125
0.00340227 -685.127
0.00340341 -685.129
0.00340455 -685.131
0.00340568 -685.132
0.00340682 -685.132
0.00340795 -685.132
0.00340909 -685.133
0.00341023 -685.131
0.00341136 -685.132
0.0034125 -685.133
0.00341364 -685.134
0.00341477 -685.134
0.00341591 -685.134
0.00341705 -685.135
0.00341818 -685.135
0.00341932 -685.136
0.00342045 -685.134
0.00342159 -685.135
0.00342273 -685.135
0.00342386 -685.135
0.003425 -685.136
0.00342614 -685.137
0.00342727 -685.137
0.00342841 -685.138
0.00342955 -685.14
0.00343068 -685.142
0.00343182 -685.143
0.00343295 -685.144
0.00343409 -685.147
0.00343523 -685.148
0.00343636 -685.151
0.0034375 -685.152
0.00343864 -685.154
0.00343977 -685.156
0.00344091 -685.159
0.00344205 -685.161
0.00344318 -685.162
0.00344432 -685.164
0.00344545 -685.165
0.00344659 -685.166
0.00344773 -685.167
0.00344886 -685.169
0.00345 -685.169
0.00345114 -685.163
0.00345227 -685.163
0.00345341 -685.164
0.00345455 -685.162
0.00345568 -685.161
0.00345682 -685.161
0.00345795 -685.161
0.00345909 -685.159
0.00346023 -685.159
0.00346136 -685.158
0.0034625 -685.156
0.00346364 -685.156
0.00346477 -685.154
0.00346591 -685.153
0.00346705 -685.154
0.00346818 -685.155
0.00346932 -685.156
0.00347045 -685.157
0.00347159 -685.158
0.00347273 -685.157
0.00347386 -685.159
0.003475 -685.159
0.00347614 -685.162
0.00347727 -685.164
0.00347841 -685.164
0.00347955 -685.161
0.00348068 -685.163
0.00348182 -685.163
0.00348295 -685.163
0.00348409 -685.166
0.00348523 -685.168
0.00348636 -685.169
0.0034875 -685.17
0.00348864 -685.172
0.00348977 -685.174
0.00349091 -685.176
0.00349205 -685.177
0.00349318 -685.177
0.00349432 -685.174
0.00349545 -685.176
0.00349659 -685.176
0.00349773 -685.176
0.00349886 -685.174
0.0035 -685.172
0.00350114 -685.171
0.00350227 -685.171
0.00350341 -685.17
0.00350455 -685.168
0.00350568 -685.166
0.00350682 -685.165
0.00350795 -685.162
0.00350909 -685.162
0.00351023 -685.159
0.00351136 -685.158
0.0035125 -685.156
0.00351364 -685.156
0.00351477 -685.153
0.00351591 -685.153
0.00351705 -685.152
0.00351818 -685.152
0.00351932 -685.151
0.00352045 -685.151
0.00352159 -685.15
0.00352273 -685.15
0.00352386 -685.151
0.003525 -685.151
0.00352614 -685.151
0.00352727 -685.152
0.00352841 -685.154
0.00352955 -685.153
0.00353068 -685.153
0.00353182 -685.153
0.00353295 -685.152
0.00353409 -685.151
0.00353523 -685.152
0.00353636 -685.152
0.0035375 -685.151
0.00353864 -685.149
0.00353977 -685.149
0.00354091 -685.147
0.00354205 -685.146
0.00354318 -685.144
0.00354432 -685.143
0.00354545 -685.142
0.00354659 -685.139
0.00354773 -685.137
0.00354886 -685.135
0.00355 -685.133
0.00355114 -685.131
0.00355227 -685.13
0.00355341 -685.127
0.00355455 -685.127
0.00355568 -685.125
0.00355682 -685.125
0.00355795 -685.124
0.00355909 -685.126
0.00356023 -685.124
0.00356136 -685.126
0.0035625 -685.124
0.00356364 -685.127
0.00356477 -685.125
0.00356591 -685.127
0.00356705 -685.124
0.00356818 -685.124
0.00356932 -685.124
0.00357045 -685.127
0.00357159 -685.129
0.00357273 -685.128
0.00357386 -685.129
0.003575 -685.129
0.00357614 -685.13
0.00357727 -685.129
0.00357841 -685.129
0.00357955 -685.13
0.00358068 -685.13
0.00358182 -685.132
0.00358295 -685.132
0.00358409 -685.132
0.00358523 -685.132
0.00358636 -685.134
0.0035875 -685.134
0.00358864 -685.135
0.00358977 -685.135
0.00359091 -685.137
0.00359205 -685.138
0.00359318 -685.14
0.00359432 -685.142
0.00359545 -685.144
0.00359659 -685.146
0.00359773 -685.147
0.00359886 -685.15
0.0036 -685.151
0.00360114 -685.153
0.00360227 -685.154
0.00360341 -685.155
0.00360455 -685.157
0.00360568 -685.158
0.00360682 -685.159
0.00360795 -685.158
0.00360909 -685.159
0.00361023 -685.16
0.00361136 -685.159
0.0036125 -685.16
0.00361364 -685.161
0.00361477 -685.162
0.00361591 -685.162
0.00361705 -685.163
0.00361818 -685.164
0.00361932 -685.164
0.00362045 -685.165
0.00362159 -685.166
0.00362273 -685.168
0.00362386 -685.168
0.003625 -685.168
0.00362614 -685.17
0.00362727 -685.17
0.00362841 -685.172
0.00362955 -685.171
0.00363068 -685.172
0.00363182 -685.173
0.00363295 -685.174
0.00363409 -685.176
0.00363523 -685.178
0.00363636 -685.177
0.0036375 -685.18
0.00363864 -685.181
0.00363977 -685.183
0.00364091 -685.185
0.00364205 -685.187
0.00364318 -685.187
0.00364432 -685.184
0.00364545 -685.184
0.00364659 -685.183
0.00364773 -685.181
0.00364886 -685.18
0.00365 -685.18
0.00365114 -685.179
0.00365227 -685.179
0.00365341 -685.178
0.00365455 -685.178
0.00365568 -685.177
0.00365682 -685.176
0.00365795 -685.172
0.00365909 -685.171
0.00366023 -685.168
0.00366136 -685.166
0.0036625 -685.164
0.00366364 -685.163
0.00366477 -685.159
0.00366591 -685.157
0.00366705 -685.153
0.00366818 -685.153
0.00366932 -685.149
0.00367045 -685.15
0.00367159 -685.146
0.00367273 -685.147
0.00367386 -685.147
0.003675 -685.148
0.00367614 -685.146
0.00367727 -685.147
0.00367841 -685.146
0.00367955 -685.147
0.00368068 -685.146
0.00368182 -685.149
0.00368295 -685.15
0.00368409 -685.15
0.00368523 -685.148
0.00368636 -685.152
0.0036875 -685.152
0.00368864 -685.15
0.00368977 -685.15
0.00369091 -685.151
0.00369205 -685.151
0.00369318 -685.152
0.00369432 -685.151
0.00369545 -685.146
0.00369659 -685.146
0.00369773 -685.145
0.00369886 -685.143
0.0037 -685.142
0.00370114 -685.14
0.00370227 -685.139
0.00370341 -685.138
0.00370455 -685.137
0.00370568 -685.133
0.00370682 -685.134
0.00370795 -685.134
0.00370909 -685.135
0.00371023 -685.134
0.00371136 -685.135
0.0037125 -685.134
0.00371364 -685.136
0.00371477 -685.136
0.00371591 -685.136
0.00371705 -685.136
0.00371818 -685.135
0.00371932 -685.135
0.00372045 -685.135
0.00372159 -685.136
0.00372273 -685.135
0.00372386 -685.136
0.003725 -685.136
0.00372614 -685.135
0.00372727 -685.135
0.00372841 -685.135
0.00372955 -685.135
0.00373068 -685.136
0.00373182 -685.135
0.00373295 -685.135
0.00373409 -685.134
0.00373523 -685.135
0.00373636 -685.135
0.0037375 -685.133
0.00373864 -685.134
0.00373977 -685.134
0.00374091 -685.131
0.00374205 -685.128
0.00374318 -685.13
0.00374432 -685.131
0.00374545 -685.133
0.00374659 -685.135
0.00374773 -685.137
0.00374886 -685.136
0.00375 -685.138
0.00375114 -685.139
0.00375227 -685.142
0.00375341 -685.143
0.00375455 -685.143
0.00375568 -685.144
0.00375682 -685.145
0.00375795 -685.145
0.00375909 -685.147
0.00376023 -685.148
0.00376136 -685.15
0.0037625 -685.15
0.00376364 -685.148
0.00376477 -685.149
0.00376591 -685.151
0.00376705 -685.15
0.00376818 -685.154
0.00376932 -685.155
0.00377045 -685.156
0.00377159 -685.157
0.00377273 -685.159
0.00377386 -685.16
0.003775 -685.16
0.00377614 -685.161
0.00377727 -685.163
0.00377841 -685.165
0.00377955 -685.166
0.00378068 -685.167
0.00378182 -685.17
0.00378295 -685.17
0.00378409 -685.174
0.00378523 -685.173
0.00378636 -685.176
0.0037875 -685.176
0.00378864 -685.178
0.00378977 -685.177
0.00379091 -685.179
0.00379205 -685.177
0.00379318 -685.176
0.00379432 -685.174
0.00379545 -685.173
0.00379659 -685.171
0.00379773 -685.169
0.00379886 -685.165
0.0038 -685.163
0.00380114 -685.159
0.00380227 -685.156
0.00380341 -685.153
0.00380455 -685.15
0.00380568 -685.148
0.00380682 -685.145
0.00380795 -685.142
0.00380909 -685.139
0.00381023 -685.136
0.00381136 -685.134
0.0038125 -685.131
0.00381364 -685.128
0.00381477 -685.126
0.00381591 -685.125
0.00381705 -685.124
0.00381818 -685.123
0.00381932 -685.122
0.00382045 -685.122
0.00382159 -685.121
0.00382273 -685.121
0.00382386 -685.121
0.003825 -685.12
0.00382614 -685.12
0.00382727 -685.12
0.00382841 -685.122
0.00382955 -685.122
0.00383068 -685.119
0.00383182 -685.117
0.00383295 -685.119
0.00383409 -685.119
0.00383523 -685.12
0.00383636 -685.12
0.0038375 -685.12
0.00383864 -685.121
0.00383977 -685.121
0.00384091 -685.123
0.00384205 -685.122
0.00384318 -685.123
0.00384432 -685.124
0.00384545 -685.126
0.00384659 -685.127
0.00384773 -685.128
0.00384886 -685.13
0.00385 -685.13
0.00385114 -685.132
0.00385227 -685.133
0.00385341 -685.136
0.00385455 -685.137
0.00385568 -685.139
0.00385682 -685.14
0.00385795 -685.141
0.00385909 -685.142
0.00386023 -685.143
0.00386136 -685.143
0.0038625 -685.145
0.00386364 -685.145
0.00386477 -685.146
0.00386591 -685.147
0.00386705 -685.149
0.00386818 -685.147
0.00386932 -685.145
0.00387045 -685.146
0.00387159 -685.145
0.00387273 -685.147
0.00387386 -685.147
0.003875 -685.148
0.00387614 -685.148
0.00387727 -685.15
0.00387841 -685.151
0.00387955 -685.153
0.00388068 -685.154
0.00388182 -685.157
0.00388295 -685.157
0.00388409 -685.159
0.00388523 -685.158
0.00388636 -685.16
0.0038875 -685.162
0.00388864 -685.159
0.00388977 -685.162
0.00389091 -685.164
0.00389205 -685.166
0.00389318 -685.168
0.00389432 -685.17
0.00389545 -685.173
0.00389659 -685.175
0.00389773 -685.177
0.00389886 -685.18
0.0039 -685.181
0.00390114 -685.183
0.00390227 -685.186
0.00390341 -685.187
0.00390455 -685.189
0.00390568 -685.19
0.00390682 -685.191
0.00390795 -685.192
0.00390909 -685.192
0.00391023 -685.193
0.00391136 -685.193
0.0039125 -685.193
0.00391364 -685.194
0.00391477 -685.195
0.00391591 -685.195
0.00391705 -685.196
0.00391818 -685.193
0.00391932 -685.192
0.00392045 -685.193
0.00392159 -685.193
0.00392273 -685.193
0.00392386 -685.194
0.003925 -685.193
0.00392614 -685.191
0.00392727 -685.19
0.00392841 -685.189
0.00392955 -685.189
0.00393068 -685.189
0.00393182 -685.189
0.00393295 -685.189
0.00393409 -685.188
0.00393523 -685.188
0.00393636 -685.186
0.0039375 -685.186
0.00393864 -685.183
0.00393977 -685.182
0.00394091 -685.181
0.00394205 -685.178
0.00394318 -685.177
0.00394432 -685.175
0.00394545 -685.174
0.00394659 -685.174
0.00394773 -685.173
0.00394886 -685.174
0.00395 -685.173
0.00395114 -685.173
0.00395227 -685.173
0.00395341 -685.173
0.00395455 -685.172
0.00395568 -685.172
0.00395682 -685.171
0.00395795 -685.17
0.00395909 -685.169
0.00396023 -685.168
0.00396136 -685.169
0.0039625 -685.168
0.00396364 -685.166
0.00396477 -685.166
0.00396591 -685.166
0.00396705 -685.166
0.00396818 -685.164
0.00396932 -685.162
0.00397045 -685.159
0.00397159 -685.156
0.00397273 -685.153
0.00397386 -685.149
0.003975 -685.146
0.00397614 -685.143
0.00397727 -685.14
0.00397841 -685.136
0.00397955 -685.133
0.00398068 -685.13
0.00398182 -685.129
0.00398295 -685.126
0.00398409 -685.126
0.00398523 -685.124
0.00398636 -685.124
0.0039875 -685.125
0.00398864 -685.126
0.00398977 -685.124
0.00399091 -685.125
0.00399205 -685.126
0.00399318 -685.127
0.00399432 -685.126
0.00399545 -685.127
0.00399659 -685.125
0.00399773 -685.127
0.00399886 -685.126
0.004 -685.127
0.00400114 -685.126
0.00400227 -685.127
0.00400341 -685.129
0.00400455 -685.13
0.00400568 -685.131
0.00400682 -685.133
0.00400795 -685.133
0.00400909 -685.134
0.00401023 -685.136
0.00401136 -685.137
0.0040125 -685.139
0.00401364 -685.139
0.00401477 -685.141
0.00401591 -685.142
0.00401705 -685.144
0.00401818 -685.143
0.00401932 -685.144
0.00402045 -685.145
0.00402159 -685.146
0.00402273 -685.147
0.00402386 -685.149
0.004025 -685.15
0.00402614 -685.151
0.00402727 -685.151
0.00402841 -685.152
0.00402955 -685.152
0.00403068 -685.154
0.00403182 -685.155
0.00403295 -685.156
0.00403409 -685.158
0.00403523 -685.156
0.00403636 -685.158
0.0040375 -685.158
0.00403864 -685.159
0.00403977 -685.159
0.00404091 -685.161
0.00404205 -685.16
0.00404318 -685.16
0.00404432 -685.161
0.00404545 -685.161
0.00404659 -685.161
0.00404773 -685.161
0.00404886 -685.161
0.00405 -685.162
0.00405114 -685.161
0.00405227 -685.162
0.00405341 -685.162
0.00405455 -685.162
0.00405568 -685.161
0.00405682 -685.159
0.00405795 -685.157
0.00405909 -685.156
0.00406023 -685.154
0.00406136 -685.151
0.0040625 -685.149
0.00406364 -685.146
0.00406477 -685.144
0.00406591 -685.142
0.00406705 -685.14
0.00406818 -685.138
0.00406932 -685.137
0.00407045 -685.135
0.00407159 -685.135
0.00407273 -685.135
0.00407386 -685.135
0.004075 -685.135
0.00407614 -685.136
0.00407727 -685.136
0.00407841 -685.136
0.00407955 -685.136
0.00408068 -685.135
0.00408182 -685.137
0.00408295 -685.136
0.00408409 -685.136
0.00408523 -685.136
0.00408636 -685.136
0.0040875 -685.135
0.00408864 -685.135
0.00408977 -685.135
0.00409091 -685.135
0.00409205 -685.134
0.00409318 -685.134
0.00409432 -685.133
0.00409545 -685.132
0.00409659 -685.132
0.00409773 -685.133
0.00409886 -685.135
0.0041 -685.138
0.00410114 -685.139
0.00410227 -685.14
0.00410341 -685.141
0.00410455 -685.142
0.00410568 -685.143
0.00410682 -685.144
0.00410795 -685.145
0.00410909 -685.146
0.00411023 -685.147
0.00411136 -685.149
0.0041125 -685.149
0.00411364 -685.152
0.00411477 -685.152
0.00411591 -685.154
0.00411705 -685.154
0.00411818 -685.154
0.00411932 -685.157
0.00412045 -685.156
0.00412159 -685.157
0.00412273 -685.158
0.00412386 -685.158
0.004125 -685.159
0.00412614 -685.161
0.00412727 -685.162
0.00412841 -685.165
0.00412955 -685.167
0.00413068 -685.168
0.00413182 -685.171
0.00413295 -685.172
0.00413409 -685.173
0.00413523 -685.175
0.00413636 -685.177
0.0041375 -685.179
0.00413864 -685.181
0.00413977 -685.182
0.00414091 -685.186
0.00414205 -685.186
0.00414318 -685.189
0.00414432 -685.19
0.00414545 -685.194
0.00414659 -685.195
0.00414773 -685.197
0.00414886 -685.198
0.00415 -685.199
0.00415114 -685.201
0.00415227 -685.203
0.00415341 -685.207
0.00415455 -685.211
0.00415568 -685.211
0.00415682 -685.213
0.00415795 -685.214
0.00415909 -685.216
0.00416023 -685.218
0.00416136 -685.218
0.0041625 -685.22
0.00416364 -685.22
0.00416477 -685.22
0.00416591 -685.217
0.00416705 -685.218
0.00416818 -685.217
0.00416932 -685.219
0.00417045 -685.22
0.00417159 -685.221
0.00417273 -685.222
0.00417386 -685.223
0.004175 -685.223
0.00417614 -685.224
0.00417727 -685.224
0.00417841 -685.223
0.00417955 -685.221
0.00418068 -685.222
0.00418182 -685.221
0.00418295 -685.221
0.00418409 -685.22
0.00418523 -685.219
0.00418636 -685.219
0.0041875 -685.218
0.00418864 -685.218
0.00418977 -685.216
0.00419091 -685.215
0.00419205 -685.214
0.00419318 -685.212
0.00419432 -685.213
0.00419545 -685.213
0.00419659 -685.212
0.00419773 -685.211
0.00419886 -685.209
0.0042 -685.207
0.00420114 -685.205
0.00420227 -685.201
0.00420341 -685.199
0.00420455 -685.196
0.00420568 -685.196
0.00420682 -685.194
0.00420795 -685.195
0.00420909 -685.192
0.00421023 -685.192
0.00421136 -685.191
0.0042125 -685.188
0.00421364 -685.186
0.00421477 -685.185
0.00421591 -685.186
0.00421705 -685.184
0.00421818 -685.183
0.00421932 -685.183
0.00422045 -685.182
0.00422159 -685.183
0.00422273 -685.183
0.00422386 -685.183
0.004225 -685.184
0.00422614 -685.184
0.00422727 -685.186
0.00422841 -685.187
0.00422955 -685.19
0.00423068 -685.191
0.00423182 -685.192
0.00423295 -685.193
0.00423409 -685.193
0.00423523 -685.192
0.00423636 -685.193
0.0042375 -685.195
0.00423864 -685.195
0.00423977 -685.195
0.00424091 -685.194
0.00424205 -685.193
0.00424318 -685.193
0.00424432 -685.194
0.00424545 -685.192
0.00424659 -685.193
0.00424773 -685.193
0.00424886 -685.192
0.00425 -685.192
0.00425114 -685.192
0.00425227 -685.193
0.00425341 -685.193
0.00425455 -685.194
0.00425568 -685.193
0.00425682 -685.192
0.00425795 -685.192
0.00425909 -685.192
0.00426023 -685.192
0.00426136 -685.193
0.0042625 -685.194
0.00426364 -685.194
0.00426477 -685.193
0.00426591 -685.192
0.00426705 -685.191
0.00426818 -685.191
0.00426932 -685.191
0.00427045 -685.191
0.00427159 -685.19
0.00427273 -685.19
0.00427386 -685.19
0.004275 -685.19
0.00427614 -685.192
0.00427727 -685.192
0.00427841 -685.193
0.00427955 -685.192
0.00428068 -685.193
0.00428182 -685.193
0.00428295 -685.19
0.00428409 -685.191
0.00428523 -685.193
0.00428636 -685.193
0.0042875 -685.192
0.00428864 -685.194
0.00428977 -685.196
0.00429091 -685.198
0.00429205 -685.198
0.00429318 -685.2
0.00429432 -685.201
0.00429545 -685.198
0.00429659 -685.198
0.00429773 -685.196
0.00429886 -685.197
0.0043 -685.196
0.00430114 -685.194
0.00430227 -685.193
0.00430341 -685.194
0.00430455 -685.194
0.00430568 -685.192
0.00430682 -685.193
0.00430795 -685.194
0.00430909 -685.193
0.00431023 -685.193
0.00431136 -685.194
0.0043125 -685.194
0.00431364 -685.195
0.00431477 -685.196
0.00431591 -685.196
0.00431705 -685.197
0.00431818 -685.197
0.00431932 -685.199
0.00432045 -685.199
0.00432159 -685.201
0.00432273 -685.201
0.00432386 -685.201
0.004325 -685.201
0.00432614 -685.201
0.00432727 -685.202
0.00432841 -685.204
0.00432955 -685.203
0.00433068 -685.204
0.00433182 -685.203
0.00433295 -685.204
0.00433409 -685.205
0.00433523 -685.205
0.00433636 -685.205
0.0043375 -685.207
0.00433864 -685.208
0.00433977 -685.207
0.00434091 -685.208
0.00434205 -685.209
0.00434318 -685.209
0.00434432 -685.209
0.00434545 -685.209
0.00434659 -685.209
0.00434773 -685.209
0.00434886 -685.209
0.00435 -685.208
0.00435114 -685.208
0.00435227 -685.206
0.00435341 -685.206
0.00435455 -685.204
